2.354797822066769353e+00,-3.785872180794263020e-01,-8.884699348603306568e-01,1.362440575432811940e+00,6.855622649682058256e-01,-2.005676617600663736e+00,-6.425789833122341754e-01,-3.487556954762156103e+00,3.651266322889096472e+00,1.595732787441776601e+00,2.122043263324819851e+00,3.612539717375290449e-01,4.324001327894969826e+00,1.785051181073423754e+00,1.294946115012709509e+00,-3.009315697721454352e+00,1.036961513915248378e+00,1.818528135345667485e+00,-2.633518470852072468e+00,5.432097688037297090e+00,-1.770933644273485541e+00,2.169788676856243992e+00,-1.299750038684343689e+00,2.603662439256927197e+00,-5.610060413376195543e-01,4.930102765670408616e+00,2.714266920145500972e+00,4.259207477480487114e+00,-5.301294307496235092e+00,3.109378624656329304e+00,-2.017566155284965745e+00,-2.448454767545599431e+00,3.143065854697115746e+00,-8.787753403222355875e-01,-1.955496747203042007e+00,3.255713503003034859e+00,2.164511004782624592e+00,1.877414873384388727e+00,-5.864346308423494802e-01,-2.356726338104549789e+00,-1.776570713640005961e+00,4.887240244588106908e-01,3.025695134635848493e+00,-6.818734431406825447e-01,3.012980397029152435e+00,-3.953167800953054645e-01,1.803999890175176590e+00,1.520583428861657094e+00,4.770982197342832798e+00,9.629400290456204825e-01,-4.199652707439708088e+00,-5.058233853857823092e-01,8.358973016904833742e-01,-2.503558233632160679e+00,-2.562140738387787664e+00,-4.804798689765278574e+00,4.133823850093757635e+00,1.382406291485411831e+00,1.583529450968774288e+00,-3.200981911841009442e+00,-6.907134672801977793e-01,-1.563700440945271941e+00,2.833853985280864407e+00,2.228366644896172311e+00
1.975788606229121225e+00,-1.950114135163859341e+00,-2.123850147625810258e+00,-1.104320547264298291e+00,7.128386706762837033e-01,5.006929320193642674e-02,-6.518852548938005587e-01,-2.755343468426163511e+00,4.058012535326430026e+00,2.826216615486042638e+00,3.210606557313446352e+00,1.920651176987427711e+00,1.057268093491482208e+00,-1.059129764490462922e+00,-9.966069050688397546e-01,-4.235663742010488342e+00,2.313077093839839726e+00,1.642681915714973018e+00,-2.635873119780012708e+00,2.184195915650460229e+00,-6.698243881426848567e-01,2.234030677468428649e+00,3.698951015159565703e+00,3.413608734964198810e+00,-3.940330620619378332e-01,5.766196280569992894e-01,2.075210319055658559e+00,2.296490246674083302e+00,-1.646411363863892863e+00,4.827835222300935314e+00,-4.178335217010994640e+00,-2.590082573965015289e+00,1.783005852621887932e+00,-9.183226146042536842e-01,-7.116543454242951761e-01,3.261815374638950438e+00,2.805276457925370615e+00,1.398640830033041960e+00,-3.448052387584918499e+00,-3.212546943964428081e+00,-3.862089503280970781e+00,2.352332011822557689e+00,5.030661300265069968e+00,-5.262978261076720621e-01,7.421598805324247650e-02,-1.725879315029630323e-01,1.066145807351573271e+00,-2.393479533895226385e-01,1.342083351160492155e+00,-9.860260891969918617e-01,-2.490842858939382065e+00,-2.632965098238815749e+00,-2.888963077881463892e+00,-1.227289776776218533e+00,-1.393811536802574080e+00,-1.073745918650528930e+00,1.446459113567342358e+00,2.112627517256915333e+00,-1.557437680371018374e+00,-2.683775348783847825e+00,1.606491502022018736e+00,-1.507551478398258205e+00,1.142485361336150529e+00,1.396445697128952501e+00
2.373316101216931706e+00,-2.005830193898223146e-01,-6.768274854459519485e-01,-5.904510363660953054e-01,-1.636173006690210929e+00,-1.840227843148438236e+00,1.594243003945007731e+00,-2.932752309855736872e+00,6.065879998690465236e+00,4.067033271228998714e+00,4.846519937273009226e+00,2.928339881754276064e+00,1.770547855429560613e-01,1.384265352138276395e+00,2.718089376438074467e+00,-1.118760823435627216e+00,3.749938571644515051e+00,1.185916664786048846e+00,-1.358156508820248298e+00,1.208037459654639711e+00,-2.000494856284602552e+00,1.875622124666922019e+00,1.889229237659767691e+00,1.536279649311218520e-01,3.712487113248044701e-02,2.011298098717700711e+00,2.959876789689704246e+00,3.123694050749775464e+00,-3.273533069083651270e+00,2.168462874874801827e+00,-2.621276525502189703e+00,-3.360729786342195435e+00,2.897270857127554944e+00,-1.701513173754665376e+00,6.427313093912978559e-04,3.883780568483754969e+00,2.284571870437758445e+00,1.863331289322447404e+00,-1.545305469193084091e+00,-1.931272729728962023e+00,-4.808926566495784094e+00,1.494797087930701540e+00,3.447525158327120476e+00,-1.251474720731492685e+00,-3.630639731900766609e-01,-5.948656222143604566e-01,1.347919859675574372e+00,2.570436290614824593e+00,7.411524135551714743e-01,-1.413949972547685174e+00,-4.414222330936475203e+00,-1.492738051480432260e+00,6.218518694533166080e-01,3.199992635672983532e-01,-1.799396413641748849e+00,-4.134076408585467099e+00,3.143823845926939864e+00,1.507267595303592778e+00,-7.163833674444490818e-01,-2.502647757969992171e+00,-8.634466001618186226e-01,-2.813298559488198514e+00,8.425380923299582436e-01,5.927861135602854326e-01
3.306109319691712845e+00,6.152103031446729542e-01,1.545491643717982200e-01,-7.654299851975137070e-01,2.439687952222944212e+00,-1.470360727034180082e+00,-2.245869124912278636e+00,-4.093168584049016623e+00,3.586187751892354836e+00,4.134004644495984593e+00,2.500231041568278023e+00,1.227187063301551806e+00,2.440018901240036175e+00,1.748538355886940732e+00,1.834777651195448112e+00,-1.469089704419079379e+00,3.736687563638823484e+00,3.704892170729650935e+00,-2.065423453404064968e+00,4.317713986054529052e+00,-2.787471658846678135e+00,1.898428982100211604e+00,2.309961712365388387e+00,1.599696755185511465e+00,3.055857636407204314e-01,2.676306085675462576e+00,1.756816677079833910e+00,2.900422604010251870e+00,-3.456499029922170507e+00,3.059764794135567012e+00,3.880945574943184262e-01,-2.419723356852201857e+00,1.862069771704891297e+00,-2.804431999913519657e+00,-9.011246531111161140e-01,2.407928499849720794e-02,2.519618872662264586e+00,9.037974895012137466e-01,-1.290452780257249632e-01,-1.173502687255470356e+00,-5.130330457835211355e+00,2.628265209289821769e-01,3.329077845321446461e+00,2.639930399504680780e-01,-2.035168374989482221e+00,-1.586810482592033722e+00,4.063641734680818463e-01,3.627440885402783977e-01,2.225318322217166411e+00,1.759932384866170763e+00,-2.998177545564428392e+00,-2.084249676829190712e+00,-4.135652351360241674e-02,-2.733906261502155211e+00,-1.384571341808098932e+00,-3.459107367734081340e+00,1.706773114715899098e+00,1.801801749246127127e+00,-1.274944352078799303e+00,1.265116645722003774e+00,1.475934793084347829e+00,-4.336690822945713286e+00,3.770693934473009712e+00,1.633061368304364436e+00
2.984740783407985099e+00,1.279290033613442956e+00,-2.321990860987110494e+00,9.023309665281609160e-01,4.258929472845181863e+00,-1.320946476232558453e+00,-2.238824951788101481e-01,-1.782073748137011471e+00,4.671358917133645150e+00,7.472998706988883910e+00,4.065345052158746419e+00,-1.096894957875679033e+00,1.686125214962709951e+00,4.783516714418013516e-01,2.379559398157932826e+00,-3.200646792575054800e+00,2.271116310096889190e+00,3.100964071943145495e+00,-1.589195830505965468e+00,4.060739184341512598e+00,-4.757757353046817350e+00,8.730327944338376334e-01,2.825400868862211645e+00,2.949357757955574755e+00,8.593205051044008336e-01,1.514345794188715510e+00,1.896005289113597669e+00,2.258051914367703361e+00,-3.409376969366410659e+00,3.067599036108539678e+00,-4.327412221442630269e+00,-1.882477593924142045e+00,2.149244342952135511e+00,6.968255810529542238e-01,-2.656373501838835693e+00,2.719834651245976342e+00,1.697187807930995662e+00,1.401203369708606372e+00,-2.375903676409219401e+00,-7.710719846978961733e-01,-3.022801329113954605e+00,2.518069508998062922e+00,2.676882523363678601e+00,1.497575577272006742e+00,2.415087698886638989e+00,-1.169853886166738022e+00,2.263723020947022935e+00,8.642820851389028114e-01,3.832761262727473639e+00,-1.462860572733943876e+00,-2.963105532528444996e+00,-4.330395311632215360e+00,-2.910580711300513324e-01,-7.164440399502671752e-01,-1.061303360014264952e+00,-2.237894688784772601e+00,3.138653992103531021e+00,-1.535748244717378697e-01,-4.322825001768637598e-01,1.156597775289336827e+00,6.994636040528612320e-02,-1.102577690924140708e+00,4.336828704138783408e+00,2.781890467848946891e+00
6.203283466100245391e+00,-1.588301023440148674e+00,-1.185057425986458801e+00,3.919640086202578200e-01,1.113332762212675409e-01,-5.878736975291776190e-02,-4.805002450056807817e-01,-3.998666744322476596e+00,1.283746289200579760e+00,3.382681554689364489e+00,6.588492297455952773e+00,2.210781427889545014e+00,1.922843453255263180e+00,2.223709232345616460e+00,2.506819227731757138e+00,-2.199920095512946983e+00,2.615454353441776902e+00,2.080825245614003283e+00,-2.868438310136673053e+00,2.285296222086004470e+00,-4.571175836388905012e+00,4.962547971319724027e+00,1.137772450327306117e+00,2.209440973946792397e+00,-7.200046398173515216e-02,1.664700121580042103e+00,1.999845626657631659e+00,1.488158350061365987e+00,-3.675781163029721021e+00,1.890214499638193324e+00,-4.322888582210474340e+00,-7.447820926574999501e-01,4.239057743708370296e+00,-2.450270722257796407e+00,-9.594037542739091151e-01,4.470809219371510324e+00,4.187474559251336714e+00,2.451021755464947383e+00,-3.076797958363644447e+00,-9.601529204627414771e-01,-3.471640342589265238e+00,2.416036589027938497e+00,4.814678853785308021e+00,-1.068521333277329399e-01,3.336018003820387712e+00,-5.455675978234810763e-01,2.455862572594585735e+00,5.499873564867332476e-01,2.411857259071004567e+00,1.302846688947295384e+00,-2.646844488255820416e+00,-1.803425852749337865e+00,-2.414007080421076701e+00,-1.697000213208855302e+00,6.348973864730238503e-01,-4.103322052901582140e+00,1.989359140137902049e+00,2.702049234543530964e-01,-1.401173494893254712e-01,-9.887953958439033020e-01,-1.495486739605913939e+00,-3.020363397330357191e+00,1.130887598168117458e+00,1.246213595143440100e+00
2.722470913067242648e+00,1.004858421100775168e+00,-1.811745750408883637e+00,9.503651642627743978e-01,5.253149355990605063e-01,1.157681899038940365e+00,-2.485118400716315623e+00,-2.371157205967575621e+00,4.176743215550479782e+00,2.611224638527517961e+00,4.332404357503750525e+00,2.078013328049447495e+00,-6.112063067567334862e-01,1.206576632890510092e+00,2.087845084558582975e+00,-1.959089838515831072e+00,3.044901181418091962e+00,3.343336801510054634e+00,-1.097178641359424889e+00,-5.798559280215558331e-01,-2.930692998532321347e+00,1.958181335081536911e+00,3.477223091549761946e+00,-8.825967103396328284e-01,6.493358612662984974e-01,1.461081558996081942e+00,2.167975781539555946e+00,1.570145624202901269e+00,-3.443953137371107420e+00,1.293989989262345652e+00,-4.801642479475686898e+00,-2.493919873037441448e+00,1.293700830867524632e+00,-1.095589200294774912e+00,-1.431834613991060934e+00,2.667527931560160770e+00,8.415516465812875602e-01,2.178534810828517188e+00,-1.470982932197073545e+00,-3.419144423286741397e+00,-1.569838741755042566e+00,1.932444913022682842e+00,3.528970744003752991e+00,-2.923380821925241957e+00,9.136319268935051419e-01,-6.945351657998842798e-01,1.579434142194304114e+00,2.740014505147539303e+00,2.294487770912242208e+00,9.008766122645109897e-01,-3.781921733905628358e+00,-4.320581721209749482e+00,1.674796391464161704e+00,-1.857647496932673725e+00,1.920504683069252039e+00,-2.684070329906565799e+00,7.433623902154495866e-02,2.302569634421687272e+00,2.016406222520122915e-01,3.453114602398670296e-01,-3.183313453838390039e-01,-2.658061971354239716e+00,1.138543917630738811e-01,2.218286081399651000e+00
5.836217098483357901e+00,1.364148133558557241e+00,-9.797508429708532418e-01,4.310536026125068032e-01,1.641966487863335544e-01,-2.338721861986737593e+00,3.505149287116171575e-01,-4.498148287234677412e+00,2.373431868032841230e+00,3.671250753295772551e+00,1.417365671578926678e+00,4.193977814724801911e-01,2.462053503708423019e+00,1.575527361194523746e+00,8.455515798305059949e-01,-2.347596200227105356e+00,2.651214765137900109e+00,1.895747520817889109e+00,-3.845303041998151983e+00,3.950062047366313056e+00,-3.692863934512591761e+00,-6.184659045496263552e-01,1.516836248476608029e+00,1.511969288542913237e+00,6.179977224082265908e-01,1.632638781534836214e+00,2.209402952171303447e+00,2.781586992663342084e+00,-2.617573163119419455e+00,4.661490652266375712e+00,-1.544164483132441701e+00,-1.302122267423901691e+00,5.059975789915347022e+00,-4.128222228693651630e+00,-1.156880589781592139e+00,3.198364978564596672e+00,2.214259305819284762e+00,2.071089141606767825e+00,-2.809393578557259019e+00,-3.995553579859351778e+00,-3.052026908651572334e+00,3.576145032033899440e+00,3.111021831536393556e+00,-7.347555013667306234e-01,2.165963598895659814e+00,-2.193865627234572457e+00,-6.450997938429776646e-01,2.348902341607337352e+00,4.125102784326497130e+00,-1.721729474260012438e+00,-4.511390126108977938e+00,-3.119130918285343501e+00,-1.994475520168176086e+00,-2.685248164104183655e-01,-8.967959687045294892e-01,-4.835868291685274656e-02,2.687014229980813518e+00,2.637843311918235401e+00,1.507669954593209960e+00,-2.059120157386630012e+00,1.311000927878299249e+00,-6.857321539004650468e-01,2.021594462886617372e+00,5.963112175773714885e-01
2.335833254601768161e+00,1.160679831359677783e+00,-2.154011774157415182e+00,3.949314517110351641e-01,2.273186009366221505e+00,-9.993408414341302670e-01,6.407247802189206531e-01,2.245415106376560388e-01,-3.627164207900701598e-01,4.325812962381368365e+00,3.638022156792853679e+00,-2.308696507432228540e-01,9.455906108882004002e-01,1.479583912159316395e+00,3.257353426896483661e+00,-3.181468014266016109e+00,4.155375741561730507e+00,1.928470893918416529e+00,-2.918398589358802919e+00,1.944870821315505482e+00,-1.512377349298852369e+00,2.417826782385517514e+00,2.296837598127280167e+00,3.894579066658359068e+00,-4.788325783179617212e-02,-2.509230022753561329e-02,5.156577428467346014e-01,2.898525702035442908e+00,-3.489771242528404649e+00,2.431515441027967128e+00,-2.392121415147189456e+00,-3.082027030680916546e+00,3.036865707710632023e+00,-9.803347774945408988e-01,-6.166453594614451639e-02,2.193615033645029300e+00,3.562242767457887815e+00,2.241122322869749883e+00,-5.851763952784545531e-01,-2.391264731951681988e+00,-4.582648494114714310e+00,7.477788654730536111e-01,3.717662941129821874e+00,-1.654466229776454744e+00,-1.284283577461405645e+00,-3.022564068336394350e+00,1.683052547505996976e+00,6.362753923712414217e-01,2.980982898461214781e+00,5.727167596390666526e-01,-2.748585195726800823e+00,-3.560772841066304206e+00,-1.117155312066381523e+00,-2.737171029249483745e+00,-7.371382030114232986e-01,-2.972186913575108669e+00,3.072995736184468640e+00,-9.754534833084127499e-02,-4.425324120072197331e+00,-2.131079533604674392e+00,-2.170924739010646753e-01,-2.273415444540218822e+00,2.873812778190243389e+00,1.681490955885601934e+00
2.307527228712758838e+00,1.049537452088133094e+00,-5.130759116319294488e-01,9.650384056432159685e-02,3.436633094274366140e+00,-9.302552463135914662e-01,-1.137260353181257289e+00,-3.770201688772645277e+00,4.052658829455216605e+00,3.377027286668387251e+00,2.365256896228273398e+00,7.309790103286512020e-01,4.046492344703627175e+00,2.470196158758898086e+00,2.978136882616048364e+00,-3.714593812381439708e+00,2.274696374466592452e+00,1.327140794421803438e+00,-3.541329119635251210e+00,3.737498949100098500e+00,-2.872446005163708627e+00,1.367282862277108713e+00,2.840830853384526566e+00,1.623886157671047936e+00,-2.879331923097760426e-01,2.976568149514258188e-02,1.620714290915933997e+00,3.615173876970231515e+00,-1.620027798681989095e+00,1.956322554319096740e+00,-1.740367562304790949e+00,-3.361367969648258569e+00,1.816045843126413040e+00,-3.082803469193147627e+00,-1.204086687785298038e+00,1.018954816017966003e+00,9.554914975578056024e-01,2.625980267410232827e-01,-7.680922716344782408e-01,-2.648434092884638158e+00,-3.549416277131816511e+00,2.299717249023263133e+00,6.765404208729570712e-01,1.652898238505035478e+00,-8.645904953992815667e-01,-6.062207714481273602e-01,9.912241172074565121e-01,1.493198909861617629e+00,2.831060026191528856e+00,2.317016237712467230e+00,-3.990799616921758108e+00,-3.823837858062464790e+00,-2.161316628965106013e+00,-1.427777523183028752e+00,-9.251806660450916375e-01,-2.519280460920510833e+00,2.618482443693215700e+00,1.847807652183657723e+00,-3.524415582432497418e-01,-2.394696955069973932e+00,1.865981162699194673e+00,-3.896733360619754727e+00,2.543010247443492133e+00,2.593744590062843969e+00
2.801048658998247287e+00,9.600425737438621487e-01,5.081624208935799913e-01,2.557186882718097465e+00,-3.543692518878509556e-01,3.425961280087428396e-01,-3.192945350625266410e-01,-4.810097242590982702e+00,2.275135779557384108e+00,5.058392931579957619e+00,1.983193912607632337e+00,-3.322104066692581625e-01,1.821704600666323559e+00,1.307946131057747374e+00,1.476812166323842046e+00,-1.539454808601918412e+00,3.031443759877697985e+00,3.770100553333936233e+00,-1.802945450156440810e+00,3.279277847534181944e+00,-2.266830832485630332e+00,1.577443095382801364e+00,9.298823669611886444e-01,4.256454943054517770e+00,2.668851867987705795e+00,3.319333228322428386e+00,2.503419175939612717e+00,2.979391769070542928e+00,-4.974735419912510892e+00,4.535154569165110061e+00,-4.796471670938970533e+00,-1.192379567233635473e+00,7.663879363219041618e-01,-4.501831017523671985e-01,-1.310698464472558555e+00,1.392654587696888546e+00,3.354628414266619174e+00,1.915506801145005822e+00,-1.748172224785373929e+00,-4.036777307942795545e+00,-3.888726688032915213e+00,-3.769737918651299147e-01,1.722872565102020914e+00,-4.934851273425208129e-01,5.997003293575963179e-01,-2.274275158886297277e+00,6.303586306361679270e-01,2.527833666718937611e+00,2.359453572127056198e+00,-9.450800776628409672e-01,-1.985487991193563007e+00,-1.533741043177835994e+00,-1.715378188365101142e+00,-2.320431020104162467e+00,1.132465821189622135e-01,-3.749148089790447447e+00,1.049112450373309358e+00,3.398508944695019629e+00,-5.801503634939585430e-01,1.308838150620377228e-01,2.000827358094172670e+00,-1.837616041085806673e+00,1.326449948829646619e-01,3.359634287659091889e+00
7.179522591169291701e-01,-1.726652554587998489e-02,-1.523062327711242725e+00,3.578833491942232659e-01,1.711194546480706569e+00,1.020426130618716787e-01,-6.856517782803329686e-01,-3.822419329087063833e+00,3.257116207159760801e+00,3.239526314086235814e+00,3.217256722807612768e+00,-3.217202552177205188e-01,1.593636000101336991e+00,8.027173552121158462e-01,3.231528648991412567e+00,-3.216569261867520346e+00,1.664584506963358468e+00,1.168652360321635442e+00,1.141889237376537025e+00,3.236713792106229448e+00,-2.467274578583235289e+00,2.595761369430702903e+00,1.103373509526576646e+00,3.142991783813886997e+00,8.712362841679628378e-01,2.575951014810350159e+00,1.594294837231132078e+00,2.971227439553886018e+00,-2.262306052467213835e+00,3.007706187888163463e+00,-1.104959370987208089e+00,-6.481327514063801587e-01,8.077678602104030325e-01,-3.820722216418594108e+00,-2.313277898390921017e+00,3.545574812393433195e+00,1.688414647264438351e+00,3.644797246745683950e+00,-1.711479703582882594e+00,-4.078762960130258186e+00,-1.867876730934546758e+00,1.525542176977310982e+00,2.616829421995296112e+00,-2.859796878865544789e-02,-8.375097753530562628e-01,-8.397859732205426031e-01,1.029202713769472366e+00,6.119978450941565562e-02,1.418190118195195248e+00,1.901549443693429264e+00,-1.297024710611302867e+00,-3.952130127408763016e+00,-6.944681095864282394e-01,-1.519786484927633907e+00,-9.272467449970792641e-01,-1.594312121608795874e+00,2.553887504559555488e+00,4.714419357356692153e+00,1.938045490795144321e+00,1.976832143464162250e-01,1.634581615491275786e+00,-3.221906728389911212e+00,-7.859107854858726760e-01,1.274794948381469784e+00
2.491508510124002207e+00,1.468276906152556016e+00,-1.076069805297051873e+00,-1.109134838143810420e-01,-5.669415907743342586e-01,-8.076227286751587187e-01,-7.321841601314382775e-02,-7.265520204638518109e-01,3.167064393358961727e+00,2.636020229279319338e+00,4.554205782291124827e+00,2.554220366565417955e+00,2.371519181843972923e+00,1.252153313262249545e+00,2.581723371007209167e+00,-1.681053068053680821e+00,2.279863492732289831e+00,7.525310671212912528e-01,-3.833385400937729059e+00,1.961777225954099091e+00,-3.417374655499412217e+00,1.547673620452008736e+00,1.862507722911101116e+00,2.265376249808483511e+00,-8.030232188611812205e-01,2.605582579235912188e-01,3.631544380637193647e+00,2.767051260647829913e+00,-5.939325204444285689e+00,1.256984325473952779e+00,-2.796025370654313669e+00,1.300034317497547054e+00,2.665113504062013305e+00,-3.144489214651359887e+00,-1.083185126741314397e+00,8.015473086954805204e-01,1.038769273944966542e+00,-1.698442409673135423e-01,-1.957901387552786199e+00,-3.319237264306456048e-01,-2.246300507346395747e+00,2.092273140008337862e+00,1.447148149778775483e+00,2.504481519575160187e-01,1.613076882622616504e+00,-2.429431658193751176e+00,1.794213079813947509e+00,-3.257208391879684584e-01,2.933049316636070269e+00,1.466464077738409699e+00,-1.096972873324781661e+00,-3.528094073810883913e+00,5.884232198606587083e-01,-3.183685003606543162e+00,-2.785713372026584089e+00,-2.845382055141277622e+00,1.223156946855713745e+00,3.138547777642388237e+00,-1.119179269293827161e+00,-1.393034551462806858e+00,7.519381768821465917e-01,-4.782545620320059143e+00,1.545968706647687041e+00,5.754406117322969916e-01
1.898229904448216931e+00,-4.263916821991743378e-01,-1.230373079291747995e+00,1.112658659102943481e+00,7.960534078414173154e-01,-5.296341750139176296e-01,-1.652669679108128564e+00,-1.833532714126093088e+00,5.306890196716139485e+00,-6.267243209066082343e-01,2.456760092384406402e+00,9.031778889307976455e-01,3.941394394514293964e+00,1.977976895685434222e+00,1.329897982991437688e+00,-2.818049859808707147e+00,3.883370143851454515e+00,1.700592094025581202e+00,-3.281119090979810693e+00,3.468331917923375141e+00,-2.400109463795838671e+00,2.469916139088920382e+00,1.728340959276275735e+00,1.588895744716501079e+00,8.574621523820075142e-02,4.079960250068975114e+00,8.631082233267690640e-01,2.533171870322667552e+00,-3.174958318818599690e+00,4.219161810514425071e+00,-1.661956991624803814e+00,-1.789320997646164813e+00,1.472435818700971177e+00,-3.997655838353094904e+00,-1.354120498396024441e+00,3.723924266400876704e+00,5.015779818240872601e+00,2.723155301312013776e+00,-1.507419483470886501e-01,-3.101719801283036482e+00,-5.549179644653803756e+00,2.887633649047516737e+00,2.637462270293560618e+00,8.143317389565245534e-01,7.097699371233638921e-01,-2.100078380150892876e+00,1.236722571341993371e+00,3.786946965044412750e+00,3.087611882972224553e+00,1.546513732283233633e+00,-1.899885642534415275e+00,-2.626229678671919476e+00,6.938285811661990543e-01,-1.447657581466432308e+00,-1.003959991961017373e+00,-2.582091193954946018e+00,3.588736608327661948e+00,1.904073385554116760e+00,-1.933665939257385391e+00,-2.140439931321219014e+00,2.661704500127251460e+00,-2.744720295557167233e+00,4.446404473168585891e-01,3.588556643049995554e+00
6.524090202863917831e+00,-1.758197695418011630e+00,-3.922942225786476111e+00,3.883005763546427680e-01,1.098383197891717566e+00,-3.175041147036425482e+00,-2.085668439201565416e+00,-2.735741753023668288e+00,2.213966031578961768e+00,1.903394264184793849e+00,2.871936672951435732e+00,1.691369355049785916e+00,1.965064690026203875e+00,-1.713747559291736167e-01,2.765405621335074837e+00,-2.191984527799236027e+00,3.328566371562920345e+00,2.095067632185964701e+00,-3.690792858198647775e+00,2.713883779511311989e+00,-2.868211473235133813e+00,2.249023249790636392e+00,2.353248234671760031e+00,3.069473487503024067e+00,-1.147061076353007802e+00,2.583072698709986348e+00,2.867334904623488612e+00,3.087095477613275740e+00,-2.976639088827081725e+00,4.636717884725197081e+00,-9.589382088874922605e-01,-2.173296696678039819e+00,2.468268208366814598e+00,6.592910694893916457e-01,-1.155809642225007927e+00,8.298259102500602502e-01,1.041731082401434527e+00,1.028653232327160882e+00,-2.703856069216874047e+00,-2.317277577129098542e+00,-4.013740232563997701e+00,-5.622517601485488292e-02,5.584422276470197843e+00,-1.731840330043178833e+00,3.702984853542691024e+00,-1.739797456140252052e+00,3.058707347438751611e+00,-9.782139981052684341e-02,4.675241565844185487e+00,4.916719696958603558e-01,-3.568044222188575976e+00,-2.893628441324788803e+00,-9.670443557567414139e-01,-5.649670608419792295e-01,-1.789048376896302806e-01,-2.843895063598826933e+00,5.309785575278754166e+00,3.871044197527303332e+00,-9.328596999651043165e-01,-1.724738004374456679e+00,1.838338171534186216e+00,-2.251728019058633734e+00,1.661455593271575326e+00,2.401564175359573561e+00
4.107337052681265810e-01,-1.336191526720591494e-01,-3.621305438929337317e+00,5.231326916004532812e-01,-1.402801141962427334e+00,-2.551341858333477930e+00,2.346672034208518998e-01,-2.082746118629687615e+00,4.255073746887773289e+00,2.781837312303009568e+00,1.238837763967801209e+00,-7.569698655567722589e-01,2.296503068659139668e+00,1.501008505153395234e+00,3.351784561687501718e+00,-5.663488649183674450e-01,3.222567644973188372e+00,3.668155570175749780e+00,-2.781332292963059061e-01,3.089557487782025547e+00,1.135908782675150164e-01,1.334383721853199312e+00,2.289284077670663997e+00,3.744747857467685570e+00,-2.293569692832822415e+00,9.320367791367145660e-01,2.058953550066667582e+00,3.606160850493338010e+00,-4.014817820516063840e+00,4.758607936101018510e+00,-2.463044246152190642e+00,-3.411146540323476195e+00,-7.793570700908474258e-01,-3.541302665207526346e-01,-1.563930293680461547e+00,4.583654931736727889e+00,2.478726057616426282e+00,5.633604171091299850e-01,-9.751840299080067886e-01,-2.392052538470257783e+00,-3.081285085017922754e+00,1.629395748554756773e+00,1.850790580478356206e+00,-7.118339594197280462e-01,6.030641057242818182e-01,-1.207125875245521840e+00,-9.494235575762588475e-02,1.149671866720729518e+00,2.716442425596904187e+00,1.331485259861018289e+00,3.765067641470061233e-01,-4.511223865218829232e+00,-7.721084737045735835e-01,-2.436534642417511609e-01,-1.893381113182501574e+00,-2.737855738974106501e+00,1.442691054755160129e+00,-1.396237490254430558e-01,-1.865755135455995806e+00,-2.361279563081613020e+00,2.110065811866912000e+00,-4.669700643060178180e+00,1.235881384339448053e+00,3.931095137010010010e-01
4.543512011072495582e+00,3.101832808173993206e-01,-8.294924298798499462e-01,-3.143398154635026476e-01,1.487194782147774452e+00,-1.458103639295030618e+00,-3.312551912399188669e+00,-1.687687054458804958e+00,1.874384741421122547e+00,4.639657510369930016e-01,3.543648431876647908e+00,-2.844565770615554712e-01,3.359189537818956683e+00,2.798203256012842921e+00,5.538905832179021882e-01,-1.050460051212199764e+00,1.620119451608748706e+00,3.088289269480192445e+00,-1.486925918948070802e+00,2.506306695337157997e+00,-1.679802387349007775e+00,7.207368981354969062e-01,2.314605079199370419e+00,3.381691880604390743e+00,-2.065750358591940117e+00,1.223853781570826804e+00,3.285868695129301464e+00,2.667795466080193467e+00,-1.769237577949015483e+00,4.358378891835021030e+00,-2.105687782765919280e-01,-3.817212713725030682e+00,1.796468520025434223e+00,-2.094233123462875490e+00,-1.926972889680805379e+00,2.974505020176344772e+00,1.560504163080303375e+00,3.219258099635684101e+00,-1.498087022276897384e+00,-3.156148261632725216e+00,-3.111478773991208424e+00,3.622206481386001986e+00,1.179866327569270013e+00,6.495718862505376334e-01,1.758540054440663969e+00,-1.806885038463543092e+00,3.499775798403919946e+00,1.846371393407981287e+00,1.511178925898932102e+00,-7.429050450694785201e-01,-1.881270278895177839e+00,-3.979076012316817845e+00,-8.054660769210638671e-01,-3.704376526094531386e+00,-1.011082632022291650e+00,-1.231651628020606237e+00,2.609299632059467910e+00,3.996503334449074352e+00,-2.214851137502050982e+00,-2.020822348404306190e+00,1.206224519749944823e+00,-3.660985237674686310e+00,5.987796193023541269e-01,2.898422052250450243e+00
3.885667707914169267e+00,-7.294251817342276567e-01,-1.286398942516681965e+00,8.847895955077438312e-01,1.296794847497069858e+00,-7.583666639264285969e-02,-6.806016479759874338e-01,-2.627463324834114822e+00,3.544294044977720937e+00,4.081652525954997834e+00,3.145940840960454565e+00,1.927417990297303207e-01,2.433957400701666884e+00,2.390293088872025962e+00,2.360335484755238245e+00,-1.302366886712571947e+00,2.251405530079254813e+00,1.763500436780559788e+00,-1.416393917764373400e+00,4.729424010771626996e+00,-4.733210810934521007e+00,1.600048372470251445e+00,4.123854732551961888e+00,2.783756618205394329e+00,-1.097375875822217406e+00,1.484483092830866546e+00,1.068481891899396352e+00,8.917710002016887572e-01,-2.226468161840192472e+00,3.633253410951752027e+00,-3.791797822892983838e+00,-3.161413233165770720e+00,3.227926308025708124e+00,-1.710060473890998356e+00,-1.570389204534855310e+00,5.257252584771494597e+00,4.982091511250341664e-01,3.578602126652433491e+00,-1.157604464463992677e-01,-2.891145130794129603e+00,-1.980900213729314796e+00,2.094768763010408819e+00,2.783871880248702801e+00,-2.083799904471061448e-01,-1.595971322271656057e+00,-1.192365595132272249e+00,4.252982820501292061e-01,2.856430755799783228e+00,1.928500572090218634e+00,6.613472388308461181e-02,-2.150364395560861119e+00,-1.162299447740966496e+00,-2.369599161713800584e+00,-2.734873148941762366e+00,-1.616438604722773897e+00,-3.365597442001397877e+00,4.231448314703728286e+00,3.015305106528838319e-01,2.458974651051077043e+00,-2.887705740275971600e+00,1.097575341549426042e+00,-3.277590583080337794e+00,9.798141133617612741e-01,2.365182158736908402e+00
4.075761722710412371e+00,7.748048503670504350e-02,-3.034718040580171028e+00,-2.539702256437965655e-01,-1.351741288053143197e+00,7.020944611131105795e-01,-8.461386077307594400e-01,-2.007753201319637082e+00,4.147653272490975596e+00,4.321809989228945881e+00,4.330574049287358562e+00,3.301858840245230908e-01,2.706652220480903814e+00,1.720055710008775440e+00,3.854540703567594040e+00,-4.408666140577936154e+00,1.382354194738036224e+00,4.763323972879788926e+00,-4.549005796765093201e+00,9.617403388814127485e-01,-2.780743668572659644e+00,1.733164256219888788e+00,2.111832861811197226e+00,-2.626782384228731893e-01,1.580018323077716946e+00,2.269652176337797922e+00,1.444404917831203505e-01,2.475906392442943194e+00,-2.607049786235122291e+00,3.460651423448013908e+00,-3.099875854056465485e+00,-1.082496122717193643e-01,1.676750495763748905e+00,-2.756351762898776592e-01,-1.727378567054745684e+00,3.370183157749755853e+00,3.120763957595384941e+00,1.250875480193617939e+00,-2.515566529234797954e+00,-1.634329427910802046e+00,-3.222259647623868517e+00,1.927016433713923727e+00,3.931254148871262899e+00,-4.301047646767648946e-01,-2.161689640486536224e+00,-1.136636977148662409e+00,8.443630428847592739e-01,1.576535531636586995e+00,3.392437301881655376e+00,5.567306606177774286e-01,-1.886058213365618297e+00,-5.293877703438611526e+00,5.751101838705254821e-01,-2.714021846651494041e+00,1.457825296461624287e+00,-2.636080564160201423e+00,2.949222890054947754e-02,1.983094145270639430e+00,-3.119049044625873957e-01,1.206052868540552048e+00,1.791910885588827274e+00,-2.698627459170117593e+00,2.849522445797474379e+00,1.740204745666967590e+00
2.122362355938326228e+00,3.681204196655422645e-01,-2.422595977908133413e+00,3.336043724482340433e-01,3.523069548869076861e+00,-4.931078777947361935e-01,-3.133407849232013875e-01,-5.251228566680975263e+00,5.747730453422924768e+00,2.816587094103429223e+00,2.713706101988479169e+00,-1.083350143998429438e+00,2.418202511356677409e+00,7.772239666116714796e-01,7.798148131770239466e-01,-1.492040979443939985e+00,1.589131513015413555e+00,2.226575226151396247e+00,-2.210854374957654134e+00,1.711945305723328481e+00,-3.156899327346290196e+00,1.283752153024572351e+00,2.158483226494122498e+00,3.017697744238560187e+00,1.405916376282410729e+00,8.625196966359618411e-01,1.928791305157484093e+00,5.530351459666065672e+00,-4.780498728944707842e+00,2.688992101609304353e+00,-3.961217222408339289e+00,-1.675346020913205614e+00,4.362389659548618681e+00,-3.358717856708160809e+00,-2.735144669122956174e+00,9.767994081691693253e-01,7.453757322894967174e-01,3.187952549515107314e-01,-1.592637329404676727e+00,-3.442491611161551113e+00,-4.161268709234952290e+00,1.366513626655035507e+00,3.613186140036646066e+00,3.925561326280782026e-01,1.726312935975877316e+00,-2.170246766643697534e+00,3.431953073349216510e-01,1.189649613235182812e+00,3.138486322217286517e+00,4.839644746306190903e-01,-2.738186965607730006e+00,-3.401161086301404346e+00,3.460755661639993708e-01,-1.670498598474718932e+00,8.453379414999899755e-01,-3.293287930882017100e+00,3.067358692489941419e+00,2.278293725501103761e+00,5.346740177448803255e-01,-2.292176495087396404e+00,8.191978384646578792e-01,-4.593050281193868045e+00,1.943127983587343843e+00,2.248142853313993772e+00
3.336594342854149353e+00,7.575158216235018394e-01,-1.774040993966435442e+00,1.286364380574691602e+00,2.464606844176274070e+00,-7.802237097018228651e-01,-1.048051406681035136e+00,-2.524953129100659943e+00,3.394197212616632875e+00,3.117484874589881549e+00,1.282252208803196236e+00,3.163852687251734075e+00,8.215998710365222113e-01,2.087894141699859318e+00,1.962045066671948446e+00,-2.989567420077122506e+00,1.342603850014559397e+00,4.288499281019686471e+00,-1.958539097074284863e+00,4.740413936492954505e+00,-1.871814967036931288e+00,3.067858258021464835e+00,4.610801988381298955e-01,2.639405346877833125e+00,2.002854518958981256e+00,2.706199363839502769e+00,3.270279610943251924e+00,2.306262505511277094e+00,-3.402641558090360174e+00,3.701471545289150011e+00,-3.702882963513109971e+00,-1.388753913576218579e+00,1.870848095090003493e+00,-2.332028159715441973e+00,-1.450730568024042544e+00,2.092081074137563057e+00,1.934626312847212981e+00,2.709642362777988644e+00,-1.752589260387312331e+00,-3.710219803774519765e+00,-5.124274936759681154e+00,2.026959223047307468e+00,3.137097666694781406e+00,-1.910063985700596545e+00,2.720557743770118386e-01,-8.969882530684266664e-01,1.951160307971514962e+00,1.493848469015699676e+00,4.011562303910920946e+00,2.550636289502078657e+00,-2.991419253079831364e+00,-3.663997988789171600e+00,4.253306265923813001e-01,-8.301938315029355753e-01,-1.218060337084774236e+00,-4.374869674962976518e+00,4.032183283113427663e+00,2.762771531716577744e+00,-1.410344272774924912e-01,-3.401178915643686018e+00,3.979267335278185769e+00,-3.740291720047451030e+00,2.568809096891598198e+00,8.626210023433302787e-01
5.317482524529587806e+00,1.238673626399509731e+00,-1.856735124663358771e+00,2.285496621828422281e+00,2.713795202362534909e+00,-1.299833805351908955e+00,-4.669518407969482920e-01,-1.852388112711705004e+00,5.111668302924721630e+00,1.447117540752396403e+00,2.772116458960800500e-01,1.570944983553302920e+00,2.823764699275037593e+00,5.717407151793868492e-01,3.207153631810565564e+00,-2.113377196973567074e+00,2.817758298149434015e+00,4.833014325681154411e+00,-3.342075942650105880e+00,2.931455099117766583e+00,-2.491587559456217349e+00,3.136449626959346926e+00,1.855744592761441325e+00,2.935817125929585991e+00,7.764623767161682455e-01,2.445508323990935651e+00,2.454798268669112993e+00,1.980606001772384106e+00,-3.188753413632830380e+00,4.877133578573833894e+00,-4.137060778525532001e+00,7.612213159262406492e-01,1.140263640040135362e+00,-7.931140160095770941e-01,-1.207663078330630135e+00,2.315622111500824865e+00,1.722622113343338146e+00,2.466618475367170049e+00,-1.644076276545461957e+00,-3.671148253915063719e+00,-1.376468731146063718e+00,3.930699850947578788e-01,3.816869459502306494e+00,-7.537398795264227402e-01,1.409348153301058115e+00,-1.468691459278059108e+00,1.270054720424997674e+00,-8.054008784735011695e-01,4.472947760531910788e+00,-2.379295766107932142e+00,-1.617414120298739988e+00,-2.755293876709602685e+00,1.137952294122249519e+00,-2.631209240314198450e+00,-7.489590504464745946e-01,-3.769769038056764554e+00,2.197844539834811428e+00,-1.743762368929659967e+00,-1.402570432587185723e-01,-9.687313122937732945e-01,2.266327939870094621e+00,-3.264897734573702248e+00,3.569782148064359451e+00,1.750556608625169153e+00
4.046406669465887340e+00,7.778891174809912101e-01,-1.477278207096295537e+00,2.428942695731986845e+00,2.086146016588924734e+00,-1.742263111515082175e-01,-6.161676592461357016e-02,-2.036731564443413411e+00,4.794182879601851965e+00,3.313700523799903319e+00,2.005673359345227613e+00,-1.198507947495508041e+00,1.532082698435730528e-01,1.032597868301055266e+00,3.125721536312070281e+00,-2.310595573365854527e+00,4.482872704336479330e+00,4.530338659505430243e+00,-4.668323043383482585e+00,2.659615836784028797e+00,-2.405785157254405782e+00,1.507937448603167585e+00,-1.776126472697075798e+00,1.907113829875858091e+00,2.337548934889371877e-02,-1.132814178373845238e+00,2.452394618292182749e+00,2.543119624056094263e+00,-1.168959087644809713e+00,3.108101241653457247e+00,-2.426687718837333030e+00,-2.490317677519664485e+00,1.970780480819382952e+00,2.193024757451864648e-01,-2.503227560458959555e+00,4.533170168279717416e+00,2.980797742800663119e+00,-8.766753751749072343e-01,-9.522968302589670531e-01,-1.080705412809188637e+00,-2.693022557858422594e+00,1.342662207767810312e+00,1.962783369458974247e+00,5.296321404933103105e-01,8.998646708153452689e-01,-2.565491631866644084e+00,5.440495640740186101e-01,3.430650710366003331e+00,4.819505434422005408e+00,7.878210747189142715e-01,-5.634501697858469438e-01,-1.981704021803993632e+00,-6.793042144546268535e-01,-1.338803064404339160e-01,-1.820001984077204149e-01,-1.829973070409094626e+00,2.279893189852268520e+00,3.938992493295186748e+00,7.442667793072004212e-01,-1.523492545363502870e+00,2.247071708099460441e+00,-3.219368757686936533e+00,2.799225844611499259e-01,3.676795690810371386e+00
1.375960399566449333e-01,1.132156587486774946e+00,6.196897637738152387e-01,1.128413684789489668e+00,4.420949750964194180e+00,-1.587579456628507968e+00,1.212773117053125294e+00,-2.917423761774996294e+00,2.864373600255449404e+00,3.460562554650102207e+00,4.003389891261076805e+00,3.764247231410568162e+00,4.280180170539396478e+00,3.796710329403071071e+00,4.164174106371323347e+00,-2.633106167126054942e+00,5.045381876809461374e+00,3.204883870519831479e+00,-2.569339612893114744e+00,2.882616708076493950e+00,-2.011631901338185813e+00,1.246326631958650344e+00,7.217048284980486228e-01,3.810574725477286151e+00,-1.596388320920500703e-01,2.555667329846303737e+00,1.321780835743842752e+00,2.552089152610183653e+00,-2.334213406314937345e+00,4.340246745412592588e-01,-3.349038848445325289e+00,-2.688446154887151440e+00,2.575101292961251342e+00,-1.913630732660334122e+00,-1.334345016866612443e+00,6.647102369042304559e+00,-2.356729593658490884e-01,3.061797058175812936e+00,-1.328097338758584822e-01,-3.527350656331395662e+00,-4.231216821832946451e+00,2.822980667368872432e+00,1.987411238530222057e+00,-2.122745461975376335e-01,1.133946808356923963e+00,-1.101702208321205800e+00,2.214252599144153510e+00,3.356242674670516735e+00,4.032511584463079224e+00,4.414841219843230191e-01,-1.697262778340092204e+00,-3.617124483278687297e+00,-8.486201142188140034e-01,-3.611730162346409756e+00,3.145832661450552958e+00,-2.419372381193769517e+00,2.391805521852591543e+00,-6.043235629299550382e-01,-4.087117665061210658e-01,-3.263192486184010033e+00,8.118525836216938796e-01,-2.302788373083370033e+00,3.498312993102917545e+00,1.853258909648468622e+00
4.351574990936822651e+00,1.864884691060523902e+00,5.670683958884303877e-01,-8.237051512399589104e-01,1.332556766417009486e+00,-1.375319099089795660e+00,-1.444719192397818208e+00,-5.955782569611686839e+00,3.775022103835308229e+00,1.509666435888948888e+00,4.788038125101762077e+00,1.046235399037733771e+00,3.431170564498848385e+00,-6.082890810263734682e-01,8.503413262863102062e-02,-1.467716125557273488e+00,4.656650270943419656e+00,7.893356077850988139e-01,-1.302047418069088636e+00,2.250948452029573055e+00,-2.389938074773993559e+00,4.545520576785309075e+00,9.394240428127893505e-01,2.855232741457605972e+00,-1.408612746627092349e+00,2.599704353932786205e+00,6.366505007179688036e-01,2.133513645301025718e+00,-5.633831185141289666e+00,2.979491526730693174e+00,-2.109206020320495423e+00,-7.052927238723110115e-01,-1.209226183902888607e+00,-1.557087578609621659e+00,-1.199822219429373948e-01,2.848845868256161928e+00,4.946085032844178553e-01,-5.222683896146440574e-01,-3.801106054012661772e-01,-6.377671342171722380e-01,-2.281690258141746419e+00,7.197576847279705259e-01,2.002009577353850212e+00,-9.915607280362769282e-01,1.772942861631514821e+00,-4.029633430254371262e+00,1.824710262129596305e+00,2.933326975994123842e-01,2.328240466237919915e+00,2.094625724280962942e-01,-1.582104367842885217e+00,-3.088480982923658136e+00,1.578520020667185886e+00,-1.557049020682883311e+00,9.000922869764964585e-01,-1.579548783449098437e-01,1.002531229764494380e+00,2.325850917666047568e+00,-9.801500470440249746e-01,-4.032603623775148360e-01,1.233578083017896398e+00,-2.612278393458954184e+00,1.796271505189799722e+00,-2.178202527290800106e-01
3.500910474287068919e+00,-2.130308110802114907e+00,-1.832996341802862084e+00,1.667285122064158909e+00,1.842640610393812439e+00,-1.908395334083873962e+00,-2.119297641884331007e+00,-1.536067267775930167e+00,5.280463882229409656e+00,3.252433182020758373e+00,4.807713292364789837e+00,1.310074252884166679e+00,2.349229217940761227e+00,1.292576076821218445e+00,2.236841346483523285e+00,-3.666339433152787208e+00,1.240070537583536581e+00,2.302121482263441266e+00,1.041857559838629488e+00,4.217413096675310058e+00,-2.471776719141151268e+00,1.289158582745908888e+00,1.951976462335610840e+00,1.025295080935300529e+00,6.231322136537608136e-01,-8.231583070591304008e-01,4.062280483448794666e-01,9.738647392784951506e-01,-2.708808346383021259e+00,3.716061177511855274e+00,-5.097911635351298543e+00,-4.587545643197893597e+00,4.791785804901529389e+00,-2.313623692626275208e+00,-2.729168796648175466e+00,3.272511061736902427e+00,3.363481240699321084e+00,1.727962766740596567e+00,-1.553791669482137205e+00,-5.873527488478446301e+00,-2.501842471240408816e+00,-1.707841138725352259e-01,3.500969827877533636e+00,5.948790975716927720e-02,1.310232608134405119e+00,-1.696523606860867561e+00,2.785263688150182215e+00,1.629507260031279881e+00,3.586920220282813432e+00,-5.972396298908997370e-01,-1.137657977417472210e+00,-2.188065607576414440e+00,-2.839547839735618306e-01,-3.906825943873707629e+00,6.293716239358237985e-01,-2.625065537559271966e+00,3.453957889265419023e+00,-2.304608014760847201e-01,-1.295803502836501586e+00,1.973999639372255199e+00,1.269280484652629104e+00,-2.811830984733274530e+00,4.360661325812056788e+00,3.145480433441409485e+00
3.766617514858320970e+00,-1.547505717971604966e+00,-1.868892595618906638e+00,6.513838305771821879e-01,3.212810201849431557e+00,-1.462943507127895781e+00,-1.337617146083201591e+00,-3.470634010664778391e+00,4.369548545948818585e+00,2.435268266808523041e+00,4.059731622248956562e+00,2.458044393771344538e+00,2.604355884853487790e+00,8.236131204986874010e-02,1.371019728800262794e+00,2.334131891116162372e-01,2.640693432804238849e+00,2.853836698353674706e+00,-1.230728302295485133e+00,2.683403893887013503e+00,-2.165709633594854022e+00,4.604176826886003937e-01,6.797394999334094301e-01,-1.751194081765823363e-01,-8.248142758465522029e-01,7.908122573028601998e-01,3.072596112433713778e+00,5.104440447573261430e+00,-2.790820281543975323e+00,3.161373578357324021e+00,-2.498745973076507809e+00,-2.154324954667018677e+00,2.167089244655049818e+00,-3.039860528456729494e+00,-5.360254145846232721e-01,1.491246341365159767e+00,2.277046794336181623e+00,6.956354935457169653e-01,-2.101952345736209704e+00,-3.930529435139480388e+00,-1.737381418322804905e+00,1.394964106969127648e+00,4.457778540928102551e+00,-2.949691717627366483e+00,-1.602877565145414795e+00,-1.435214205346431848e+00,2.433922187082599109e+00,2.057319528468581460e+00,3.019152168339530373e+00,-1.315639041718561497e-01,-4.792665890605453782e+00,-2.279678194851834760e+00,8.226545300945697914e-02,-1.793593965398759593e+00,-3.891438628699465108e-01,-3.175945959883577530e+00,3.717416624051011365e+00,2.024620340319136069e+00,1.406014824801365304e+00,-1.684444312503229124e+00,3.772491443143147771e-01,-4.776906490858033649e+00,1.199828630329167201e-01,-1.167549064707725126e+00
5.599196507490193042e+00,-1.307437714418206776e+00,-7.187926828311163030e-01,-2.831791937796589220e+00,7.401885520145596864e-01,-2.783670752757384514e-01,-3.737653583983047145e-01,-4.332805552304521690e+00,3.477632386767726569e+00,2.599338843289918710e+00,2.573475996022737800e+00,6.407522227486106559e-01,1.456672996718824331e+00,1.159892835992418547e+00,1.603889753579120114e+00,-3.900641096096272520e+00,-1.905461328333921678e-01,1.731777824145833922e+00,-3.158075311336273394e+00,3.260054240004081727e+00,-2.532607633837243633e+00,2.091363757985183369e+00,9.167859442426649075e-01,2.815020053076310536e+00,-1.558359081965178694e+00,1.553857944722015549e+00,3.947238841676893983e+00,3.583355472437498968e+00,-5.942079224999359255e+00,5.160378792915864210e+00,-5.070955336243041067e+00,-1.648918285755453406e+00,3.504010774768506309e+00,-1.904926624522215839e+00,-8.711586644730293649e-01,3.475249370574746699e+00,2.148139266871264663e+00,-2.527879742735084090e-01,-3.112399008418540447e+00,-3.996681828105663747e+00,-1.111405811527220955e+00,-1.297115737487790632e-01,2.830115168759511413e+00,-4.971376210778671312e-01,1.565186269628954907e+00,-7.355912805399333898e-02,5.991443068043846853e-01,2.170974294050260323e+00,3.396194016666389537e+00,9.828750431913669816e-01,-3.005468330630207685e+00,-4.096324986018844427e+00,-1.132714901322846357e+00,-2.527660615313738202e+00,-2.285817985392715634e+00,-3.388474785900246200e+00,2.409225266300532908e+00,1.501342108262912367e+00,-3.155246628189846136e-01,-9.311756335167113985e-01,1.062894397399906765e+00,-3.849224241496129739e+00,1.818854855963203399e+00,1.801200257311642128e+00
3.334327772241194143e+00,-5.167799001039667939e-01,-2.673587890596483163e+00,-6.834720655050909865e-01,-1.704780003702825120e+00,1.962431062349501154e-02,2.188073948604485786e+00,-1.629467114985281295e+00,4.374483314248297283e+00,1.465149219187099394e+00,4.638434695549438658e+00,2.049278819252535744e+00,1.739325441480258139e+00,3.950141714402408688e-01,1.328572250317145764e+00,-4.051924395987802185e+00,2.360436293296305887e+00,3.750640129077059903e+00,-1.712050430346246710e+00,2.886533193193808078e+00,-2.932298844534606541e+00,1.846554248048856595e+00,4.158666935190407088e-01,3.292530468451847270e+00,4.790365093499285853e-01,2.922848791459834228e+00,8.897260504264954406e-01,3.991158222248012866e+00,-4.003994133377254627e+00,5.150677422030655705e+00,-8.616141328190847215e-01,-1.907281745967620123e+00,1.368241136807057945e+00,-1.461265486531823976e+00,-2.207067843342625402e+00,1.196359025397734754e+00,1.883861237797582966e+00,2.892044647597636686e+00,-1.463772343632381512e+00,-1.984147777797067302e+00,-1.966548811148102649e+00,-2.465075282255679845e-02,3.598025461541964898e+00,-8.339880254925530201e-01,6.928657721084815480e-01,-1.731999183152416411e+00,-1.013138797234545141e-01,2.535372357715275360e-01,2.664846752469850255e+00,9.613604897522338710e-01,-2.274527500781811096e+00,-3.044732311583544959e+00,7.131235366875370296e-01,-3.146713373995024821e+00,6.139463083002216770e-01,-3.228867162507648825e+00,3.324752091259528974e+00,7.731714185846519927e-01,-2.117787807889871754e+00,-2.991901045105895385e+00,1.245990637442660587e+00,-3.007098540024824906e+00,3.381712411581014877e+00,1.577321224127656407e+00
4.109411934130680066e+00,2.457171592784082592e-02,-7.382388150553627071e-01,2.732502793504312244e+00,1.103944133746265877e+00,-2.132796958581700153e+00,-1.460652771203861722e+00,-2.538987614856143882e+00,1.007429221539864361e+00,4.920488218979896189e+00,2.942528053363207441e+00,-1.671958853040265147e+00,2.456162064142635604e+00,1.526997573398556796e+00,1.917756860754040282e+00,-3.739933850330581233e+00,1.614333649565509843e+00,3.140215451484211773e+00,-2.845277945993417212e+00,2.334450612855607510e+00,-3.103747254239536346e+00,2.777147837821937859e+00,1.592610784833575099e+00,3.970544930256943772e+00,4.294180066683304098e-01,7.997836592211036155e-01,2.458544630906849271e+00,3.492147191722166699e+00,-2.773326366860008108e+00,3.283369977924454730e+00,-4.378120333447772516e-01,-2.877231003135979570e+00,1.851003618993692701e+00,-2.271470586479062082e+00,-2.103159753527553910e+00,1.528406164487194463e+00,1.172823216887099784e+00,2.735199474312158152e+00,-7.990795749514968405e-01,-2.434379257559765808e+00,-6.108869098390335317e+00,2.580432002934670788e+00,4.654614670325169179e+00,5.222451633193185838e-01,1.383213675511830054e+00,-5.169313179643002520e-01,3.178711604057864459e+00,2.432500372921567067e+00,2.527339630064644904e+00,2.778190523970119341e-01,-3.942197743698391932e+00,-2.708366552563917118e+00,-6.088624281582689646e-01,-2.215860717151193704e+00,-1.750828271679174541e-01,-2.915404575852856173e+00,2.706217364319456919e+00,-6.357391974228954190e-02,1.034760982011830199e+00,-2.336653571806542207e+00,-3.627486560137529459e-01,-2.685353505113049266e+00,2.955863896145529246e+00,3.591359785218162237e-02
2.465879135149537049e+00,1.913221342797198687e+00,1.019572316800654299e+00,2.647507637059592689e+00,-3.115288862721021790e-01,-1.071069902747570968e+00,2.374302310314968079e+00,-3.192299980301468665e+00,4.546844198973612805e+00,2.473758345542687920e+00,2.158992178328190015e+00,1.859719962990443953e+00,1.759168661972089431e+00,2.970911446933934386e+00,3.291208924315989215e+00,-2.611307215028302764e+00,3.561750054981091651e+00,1.911003182052477767e+00,-1.625090493256778679e+00,2.792901783831315932e+00,-2.026665207807769153e+00,3.109720197798009345e+00,1.437160031610444921e+00,5.846161348458789320e-02,9.575801951753309949e-03,1.903693160167441389e+00,4.317909331398206429e-01,4.043682215948836145e+00,-3.341312214471582109e+00,3.244650472566500632e+00,-1.695777756616623222e+00,-1.076264697614513599e+00,3.326473221067915098e+00,-3.239078869672687766e+00,-1.940083965698977897e+00,3.579030195286039717e+00,1.064549277690799212e+00,2.225453697125601149e+00,-3.087504508578780005e+00,-2.609975781678683049e+00,-1.828243697086040731e+00,2.131651939735249357e+00,2.142865222975858686e+00,-1.253974521841009881e+00,1.920305161015477768e+00,-2.527442050499241866e+00,3.074387683027980600e+00,3.998292577763087330e-01,6.009314992921710896e+00,-4.669599980091287961e-01,-3.431610343462486945e+00,-2.992077586931333855e+00,7.210179603257282910e-02,-2.299483199459794847e+00,-2.196368887914523782e-01,-3.651641940043225176e+00,3.180222241177677045e+00,1.712716849931570806e+00,-9.353975673433472249e-01,1.565694592281651421e+00,1.843589058437347772e+00,-3.145128780830545701e+00,3.747841329575621216e+00,4.246991999886328806e+00
1.435891487068298611e+00,1.312234037609257609e+00,-2.183069020752469669e+00,2.419205978586736805e+00,-4.361015800344472115e-01,-2.431217922843059931e+00,-4.185045275868241044e-01,-2.352381743545236326e+00,3.401148967333952999e+00,1.822837767103550943e+00,1.790473412458697622e+00,4.899711120215971549e-01,5.132340580426895116e+00,3.697105447528284961e-01,4.345703984449726498e+00,-2.703188523664521448e+00,4.528218741602251463e+00,4.706488226767175931e+00,-5.339592770256123444e+00,2.617017043917591490e+00,-1.236336043086335268e+00,2.915887488388109183e+00,3.410548264845754574e+00,3.881923784816225798e+00,1.018233834900911683e+00,2.482524007475203742e+00,3.328137913934934744e+00,4.572669354032687039e+00,-6.768497461940590654e+00,1.786788861890518554e+00,-1.525396974551501694e+00,-1.688251685803755731e+00,1.569894170023623303e+00,-9.927328732861141480e-01,-1.783357334255050830e+00,4.105832745160441277e+00,1.996177854456298917e+00,3.108723055532296886e+00,-1.979370790127270130e+00,-1.316617003783336903e+00,-4.067788634588004548e+00,-1.489732528626208641e-02,3.340527715887747107e+00,-1.396822457547149066e+00,-8.986411927808017897e-01,-1.446578912064250044e+00,2.478368338802446669e+00,-5.057199166490558007e-01,2.201147074148523508e+00,1.531969206894331803e+00,-4.147332309853188903e+00,-2.635644796639864840e+00,-7.408506823052064538e-01,-5.259387449131935899e-01,-3.102368251378149644e+00,-3.424310599577898184e+00,2.952009607790790024e+00,-3.427174664162477846e-01,-1.560269427711908241e+00,1.342652108844208936e-01,2.565657206212097918e+00,-1.621606563531429179e+00,-7.915496838607465335e-01,7.758295543711426490e-01
3.339284103556843686e+00,2.631095908726405197e-01,-5.001141441473542670e+00,1.369591976950974566e-01,-5.606875767590890902e-01,-1.585318042463960797e+00,-1.255226057248855775e-01,-2.823717970211952810e+00,5.277543802771667458e+00,4.110776804221408121e+00,4.748478880194973328e+00,-8.168779137359700737e-01,2.057165877413944077e+00,1.032792331977029132e+00,1.983120797404295033e+00,-4.975459800375534591e-01,2.112646122580242647e+00,2.309445081815300505e+00,-1.481638459686630327e+00,2.968909389384570385e+00,-4.993406919392124443e+00,8.887067097849210562e-01,1.041696736173638893e+00,-1.388121639383908423e+00,-1.824136116375671302e+00,2.400236301598281941e+00,1.588819813066296271e+00,4.109329901523151030e+00,-3.860677996193426775e+00,3.643061284317115955e+00,-2.569543486116478981e+00,-2.281848938193181020e+00,1.843184227594155900e+00,-2.725602505324490110e+00,4.938987028269958834e-02,2.264477929607143114e+00,8.954343037092735713e-01,5.625889889288966383e-01,-1.280179441610516999e+00,-2.316978121098911547e+00,-2.833394948146972236e+00,2.163547208168404623e+00,4.485296092600401963e+00,6.605462798536366753e-01,-3.212283043533571414e-01,-8.565978389972495055e-01,1.092198656841980142e+00,1.666454249863927428e+00,2.698975487944808016e+00,-3.409522864304989076e-01,-4.906086933321184063e+00,-2.417150007627993258e+00,7.542865243371845718e-01,-2.274964527129458958e+00,-6.814347295323683884e-01,-3.838880755875770490e+00,3.646801857296471550e+00,2.856189025592319020e+00,1.966189801164829554e+00,2.662314611847963697e+00,1.432854542720765956e+00,-2.280212121535106107e+00,2.408219386306495124e+00,1.815666197367780121e+00
1.980237551085506587e+00,2.049346157636304788e+00,-1.826244251405840124e+00,1.353051985880417085e+00,-6.294041580854299323e-01,6.220940724261057042e-01,8.773345673663524025e-02,-1.185125046957701933e+00,1.884695475971663647e+00,3.495071087611023586e+00,4.514981577326818041e+00,3.864157805637116194e+00,2.761035360212327205e+00,8.770916679463426346e-01,2.273166446346524427e+00,-3.113325077102966354e+00,2.157169597385620197e+00,2.763806538211325936e+00,-6.703705359026834731e-01,4.737596724214420796e+00,-1.544494436944489291e+00,-9.964329614120592815e-01,2.325893337905790226e+00,1.424660165495734709e+00,8.500070620807413935e-01,2.680995540738079441e+00,9.610723637737315084e-01,3.072262113863238664e+00,-3.044963466660255413e+00,3.729088975781688298e+00,-3.083408266206683734e+00,-1.688645833726773571e+00,1.911587314431243634e+00,-9.378413410789598892e-02,-1.494201261497613675e+00,2.828007927728538373e+00,1.650278617318292840e+00,-6.011508289065048416e-03,-4.661302094858406520e+00,-1.860338315722711133e+00,-3.170702470650980764e+00,1.918583949315548320e+00,1.302307030226796059e+00,1.190371352932927951e-01,1.201732186792808132e+00,-1.764884910813858232e+00,4.049244594100325223e-01,1.234389205459419658e+00,4.440096867418949600e+00,1.123356015261603780e+00,-4.608296831721969689e+00,-2.559914991268247064e+00,6.901225659718968064e-02,-7.698488298371541916e-01,-1.287776023672257963e+00,-1.959230804187475083e+00,4.997821462541148563e+00,2.454889092408181206e+00,2.149772488559752670e+00,-4.156243214120411977e+00,1.014325092738993961e+00,-2.707062224426903363e+00,-7.619526963109679585e-02,1.112175879755982422e+00
3.792334983334562537e+00,-1.519833237632089440e-01,-1.967012616287481253e+00,1.724103026715588127e+00,6.717601945013029763e-01,-1.700216907303291114e+00,-3.111324211280952490e-02,-2.420553056652543944e+00,4.560587730032154674e+00,1.467045862665700584e+00,4.662263447755365497e+00,8.865723860509364673e-01,2.023576408322202980e+00,1.069588092303027427e+00,3.022272626966109321e+00,-3.009846247588266355e+00,3.819794660826277166e+00,2.968822793936773508e+00,-2.632329283839772049e+00,4.241972151023070126e+00,-1.274116507010991217e+00,-2.936828009827903152e-01,3.408503928558674456e+00,3.173918349528957350e+00,2.077227297147882457e+00,3.534112173681839941e+00,1.923071153926014576e+00,3.274968877104734055e+00,-2.686165779775757656e+00,3.914174116987030771e+00,-2.575780285044733553e+00,-2.225100016311194473e+00,1.815264842987706739e+00,1.159077636833106606e+00,-1.946566849937304333e+00,3.646019041932945015e+00,2.052340025132123991e+00,3.442444120089161785e+00,-1.160857172188128228e+00,-4.170264870707596216e+00,-1.543126525848211195e+00,2.159516622132098274e+00,2.903953176664594960e+00,-1.240308023376625268e+00,3.609673873591911608e+00,-9.591002238821906278e-01,1.918174677464826727e+00,1.484867309296749038e-01,3.605346552679311145e+00,-4.729883349767083356e-02,-2.085434550037821300e+00,-2.834424225611849035e+00,-5.824685153265399817e-01,-1.544755202150379203e+00,-7.216631956975750883e-01,-2.737130409539240361e+00,3.099881133310820047e+00,1.952349271265929387e+00,-1.246270756801715951e+00,-1.015075480451608891e+00,3.284610628991515568e+00,-2.991436058095908290e+00,3.282178001362980879e-01,2.174776134669765160e+00
3.265868267863663466e+00,-4.504387616843420483e-01,-1.488648536523966559e+00,2.591020126948646585e+00,1.118139204453822311e+00,-5.363058085540381992e-01,4.629587511635089303e-01,-5.050212945926947583e+00,2.700554880466760288e+00,4.292849974189078210e+00,5.343751051796958862e+00,-8.429189854022103301e-01,2.829676254137772240e+00,7.765299435700289132e-01,2.292279172352702510e+00,-4.334449679582095261e-01,4.779251327389448356e+00,5.453482677745824958e+00,-1.456085728300083648e+00,1.564753466726456210e+00,-3.522963334771902488e+00,1.277794687580450006e+00,1.975604247315452922e+00,1.366778791358226997e+00,-2.638935692178550063e+00,2.774881499107851646e+00,1.680509425518073474e+00,2.819895941059859190e+00,-5.389728864471386771e+00,3.568215387707244446e+00,-2.093209336323414771e+00,-3.088553618221212549e-01,9.417737197747595435e-01,-2.605879492412407572e+00,-2.035061136864820597e+00,2.149119656273792422e+00,1.821090669219595393e+00,4.097251057627409487e+00,-1.139779137446519819e+00,-2.426278889676816597e+00,-3.868257414718022424e+00,8.709410220032879346e-01,3.508802648375850541e+00,-9.532969634092707256e-01,6.617895115740701772e-02,-3.300157140170222547e+00,2.361948561320766249e+00,2.199169347204859459e+00,3.559936444075210815e+00,-1.537865346484490470e-02,-2.456038732362683330e+00,-2.513436771608717368e+00,8.159896653302078917e-02,-1.258091838675930330e+00,-1.067385322092306854e+00,-4.797449774439069614e+00,5.008168147812558146e+00,6.608261603916545379e-01,-2.538664360553739119e+00,-2.520410865359802521e+00,-4.979469019356606019e-01,-4.907018721872173472e+00,1.530034991746147988e+00,2.618234794894312323e+00
4.814445896739008468e+00,4.759591470281651637e-02,-1.022446745831490533e+00,1.731227357400842992e-01,2.550540024052425192e+00,2.826705716023139026e-01,3.633545865762288773e-01,-2.571436726764018577e+00,3.384260116497444848e+00,1.825898137878208649e+00,4.149960130869725816e+00,-6.175364765266855294e-02,4.978783403604007063e+00,1.471947952091923417e+00,3.908512170817179943e+00,-2.925368121416912270e+00,1.932332448741252762e+00,3.268462225068303084e+00,-1.853455934901309998e+00,2.664902636895035037e+00,-3.106723872144515841e+00,1.240826055133862127e+00,7.794404256649298812e-01,3.805140336910944221e+00,3.292801419002764352e+00,2.048241520823364858e+00,2.913559001056122533e+00,4.184831734820932958e+00,-3.956415955156851183e+00,2.708978200175129913e+00,-3.713868379535206099e+00,1.502903534183581691e-01,2.447552498438031687e+00,-2.485159805316310866e+00,-8.947868412927626469e-01,2.371163055697746991e+00,-6.398109987635010043e-01,-6.982687002482799166e-01,1.405908131092118207e+00,-3.155612107638371633e+00,-3.721380362150659593e+00,5.585524131134200765e-02,4.117076812399190544e+00,8.651382451194413736e-01,1.813765903401365787e+00,8.996875909355599443e-01,1.316318827697600113e+00,1.043363750089072672e+00,4.719831790552008854e+00,2.740265411100112125e+00,-2.416028239497319152e+00,-6.263824779399884690e-01,-1.352836524480294456e+00,-3.378046011868292453e+00,-4.153998220174150990e-01,-2.442753650698580969e+00,3.551422124374050693e+00,-1.312495207495902871e-01,-5.930878583455551079e-01,-7.767203852590451874e-01,3.974036414560223829e+00,-1.181995767934702846e+00,3.680818166531162561e+00,2.452725432413289663e-01
3.560984020823461105e+00,9.997981413969095899e-01,-1.614901465982883533e+00,4.674198039523342896e-01,6.709682061421305965e-01,-1.859331261152998849e-01,-5.474195664975148867e-01,-2.081514140783774280e+00,4.179711306253530267e+00,1.168102309491349189e+00,3.718516786551080422e+00,1.375002487164266984e+00,2.652197895109634995e+00,1.529995683658636807e+00,2.505167366860944433e+00,-4.151672147297795767e+00,2.725957554369718316e+00,7.953114804807708271e-01,-2.697146706331381427e+00,2.631939272653862183e+00,-1.474874832592126594e+00,2.754308103433075861e+00,8.666649210363411848e-01,2.882489969300214394e+00,-1.791579397407539354e+00,-3.441656546331284261e-02,-1.418795915250036455e+00,2.263745088423374519e+00,-1.804246210745579670e+00,2.275865095716633313e+00,-4.165680341301563061e+00,-7.846748062811790270e-01,2.936214666146402585e+00,-2.673283550672944653e+00,-4.224171145761004276e+00,5.048293332594970373e+00,4.376673738553797932e-01,5.253526951161417990e-01,-9.580351592217957180e-01,-2.767754141050533079e+00,-2.630462488128068710e+00,8.043896493300175532e-01,2.433457200660178454e+00,1.284129113329154581e+00,4.665410500194200338e-03,-2.925788282188307221e+00,6.976570486479527489e-01,1.222964761595942473e+00,3.233293144162186827e+00,-1.208273562736902340e+00,-2.006364222908075590e+00,-3.823180568133855317e+00,6.459832949840882410e-01,-1.082357329390527978e+00,5.425249216924985518e-01,-1.774517950849444414e+00,3.479201214479892279e+00,-3.767641634470360046e-01,1.978533843050037877e+00,-1.736030192459418586e+00,-2.809259677716136050e-01,-4.181388723026888243e+00,4.106730660034502378e+00,1.737622603181814274e-01
3.242944856781638574e+00,-8.126141432613107618e-01,-1.226169942583543948e+00,3.455556380601332300e-02,4.038820268710301420e+00,-1.129908667494115226e+00,7.014600970651091449e-02,-4.567126086530636009e+00,2.382645805171780928e+00,2.126394860358498562e+00,2.424128157740557121e+00,-1.259681084898189418e+00,1.221843422394194523e+00,7.537687701531370355e-01,1.932016281489449261e+00,-3.499914623576236838e+00,1.767501717223894264e+00,1.640695830095364682e+00,-4.636982328936735342e+00,3.615703699719736264e+00,-1.583960582091520575e+00,9.247759627019607187e-01,1.147909230694123650e+00,3.352038821813788427e+00,-3.932474292843602948e-01,3.771032905795284051e+00,3.810042394279672173e+00,4.497565736995816188e+00,-5.259147447812161147e+00,4.233926198431258392e+00,-9.900837490341374281e-01,-6.563123117361193692e-01,-6.556741832738044451e-02,-2.526017956772624196e+00,-2.700042718318564905e+00,-1.110044717597665542e+00,3.491629957872875778e+00,1.328453948042088495e+00,-3.489128235220531060e+00,-3.500902326700345846e+00,-3.091033585183848409e+00,1.313101987535581161e+00,3.766564885896311221e+00,-1.110813177911562866e+00,-2.251367481557090544e-01,-1.630886237695948093e+00,4.401481535245783672e-01,8.955814184954518087e-01,2.628990368039270997e+00,-8.168771532920253708e-01,-2.972504399259862318e+00,-6.765491307099157581e+00,-1.891640887801629534e+00,-2.159003211619859641e+00,2.796197385958512971e+00,-2.247194320695597547e+00,3.589469162143546388e+00,4.059153941064280069e+00,1.783499404313660941e-01,-3.884882508479684526e-01,1.431006945959796717e+00,-2.037957208048545965e+00,1.627080023131764142e+00,2.815830262849316590e+00
3.437236944102990854e+00,1.054645736808758727e+00,-9.365088249144607468e-01,-5.891141688232828244e-01,2.462977923448943507e+00,5.080480421068551689e-01,3.835517789390746612e-01,-2.971731092587685197e+00,4.073352039565992122e+00,9.504852201447584470e-01,5.086813276676053874e+00,1.574485029344618869e-01,1.962381943954031094e+00,5.745273770415892933e-01,2.526817556405649423e+00,-6.127409674369024284e-01,6.696128821112929952e-01,3.015941613195848081e+00,-2.178209796163090406e+00,1.221129262253999759e+00,-4.472782609576330337e+00,1.783140243194091701e+00,3.224773878553833129e+00,3.157677190636666520e+00,2.598481409070703130e-01,-2.625567825546322176e-01,2.617364396103278867e+00,1.329771769844897866e+00,-2.729273492677976698e+00,2.999093539825634647e+00,-3.380832581299199724e+00,-3.564024856464357960e+00,1.832271833361722724e+00,-3.204551298245321256e+00,-2.732208319569429111e-01,3.599768873666024938e+00,9.881211522585993112e-01,4.143152438564390305e-01,-9.329457536814937946e-01,-3.187146382548291079e+00,-4.920962732542800921e+00,-5.233572044637737619e-01,1.638071640489878522e+00,9.319585482400278842e-01,2.052391544254150269e+00,1.769351570749319924e+00,-1.731636238919853632e-02,2.540816344235384161e+00,8.991692307103074100e-01,1.785386995050565417e+00,-1.490237617129656300e+00,-1.144286768844239077e+00,-6.137123951363678831e-01,-9.606030485604780678e-01,2.550000411091258856e-01,-4.138755477847324116e+00,2.703535296423255740e+00,6.027865342788980563e-01,2.118533606805073077e-02,-2.168187732564363923e-01,2.450731732069332258e-01,-4.757361702334225839e+00,2.441803061198172031e+00,5.385774671739809172e-01
1.916239702073233797e+00,2.354739951174853463e+00,-9.917023070131184559e-01,7.894327436757042626e-01,9.576207949892829863e-01,-1.825176902668255829e+00,-1.875207593298370279e-01,-2.537151295389681316e+00,1.893142397954497458e+00,1.781625888840142835e+00,3.893844690143908771e+00,2.091092954556091676e+00,2.001030035230336512e+00,4.417465867792929046e-01,1.138883544250960167e+00,-3.663563360368922162e+00,2.198086887077085994e+00,7.309520084538634332e-01,-1.441937738968230631e+00,3.058108721413295594e+00,-1.881494018491185027e+00,2.984824341298111250e-01,1.189099948627617032e+00,2.214884674980802881e+00,5.471457327306606944e-01,3.299044756630065578e+00,5.682885506726313096e+00,2.199044940085277400e+00,-3.993382957910894149e+00,3.397154581625985159e+00,-5.135028162827500964e+00,-2.867253996808694527e+00,1.554812895970650866e+00,7.297000208301795965e-02,-2.624912502007054727e+00,1.285489825331742830e+00,8.013812901159413915e-01,-1.017871678137820535e-01,1.568702304887383825e-01,-3.476537235633981204e+00,-2.028951379479965844e+00,3.380280903907687318e+00,2.471713091053880262e+00,-3.300716994071395405e-02,3.129917495068976208e-01,-9.328006710059719708e-01,1.198137176458714315e+00,1.196788961356539893e+00,1.264866089836954366e+00,1.380751227258259384e+00,-2.945539885214744302e+00,-1.706489369123849409e+00,-2.222497974370427620e+00,-3.117778108544006610e+00,-2.026234564410674288e+00,-3.202715386113834661e+00,2.047367393297577109e+00,3.134173462366198759e-01,-1.138044505726186539e+00,1.589521063850785065e-01,2.566126495326332524e+00,-1.980100662189034688e+00,2.054993897092352029e+00,1.075386937769504003e+00
5.584549997627405560e+00,4.683652668650653550e-02,-1.945228071609676146e+00,-1.750424109464787659e-01,2.075997002335317809e+00,-1.197256872556196727e+00,-4.979556909242073837e-01,-1.561732730288612148e+00,3.991634107933002440e+00,5.277931921584477770e-01,3.195758938378995495e+00,2.147887545330828374e+00,4.509151030616933120e+00,1.773114547151845244e+00,-4.353864170039121184e-01,-3.711752589259976531e+00,1.108252905652456155e+00,4.529713659751939403e+00,-1.160927302526002958e+00,1.416610986876666312e+00,-4.802625934303959454e+00,2.143632795311980921e+00,3.325959642480630585e+00,9.906558132002445394e-01,1.217153407184377700e+00,1.239846266156294119e+00,8.057268230551548616e-01,5.174575186065554000e+00,-2.422774418482643632e+00,3.227065828342983167e+00,-3.274170730896653669e+00,-2.183412461205728405e+00,3.320171400547106799e+00,2.705238075831868372e-01,2.055192655848137040e-01,3.096970039520588358e+00,3.411677146047196185e-01,3.356072008677932317e+00,1.043427775969285598e-01,-2.115498186610528464e+00,-2.485175474917437732e+00,2.849992048110256526e+00,2.721643059781876595e+00,1.390076240253246054e+00,1.803091289066006464e+00,-1.565974040071351103e+00,1.982968224517154932e+00,2.530999091788975974e+00,3.617534421881279716e+00,2.586682718720605401e+00,-2.257579403879465207e+00,-2.603712808311486437e+00,-1.538900726420756593e-01,-1.940656075412310777e+00,-4.428322310742471846e-02,-9.117907887131522227e-01,5.245363801098378076e+00,9.080581382688552861e-01,-3.053914094475797647e+00,-1.210944980792882486e+00,1.681106769831834491e+00,-3.482236319110038725e+00,1.167027446814579150e+00,4.714834768997282488e-01
4.041871684673743026e+00,-3.591031133406404896e-01,-2.115252859715157641e+00,-5.523053957445649420e-01,2.299907516584707601e+00,-1.711002182564800744e+00,-1.283420693944641089e+00,-1.661002465130520855e+00,1.901471239283567538e+00,1.023403142347483197e+00,4.156539195921459928e+00,-1.369074730389939543e+00,1.763209146881987710e+00,6.984855866637568189e-01,2.412891477786868855e+00,-3.239344139165689196e+00,5.777426696462120148e-01,1.225104710443356115e+00,-2.983319962679455095e+00,2.556867201276661117e+00,-3.170510882182697721e-01,1.616326766957405292e+00,1.128274672321824879e+00,1.062833639401086883e+00,5.951241740841699546e-01,3.532992886287337875e+00,3.553911790513448743e+00,1.848472605840723038e+00,-3.069065792633981715e+00,4.127898481500680283e+00,-2.794541956179787956e+00,-1.979290990600795830e+00,1.829702447226999151e+00,-3.299342576965972551e+00,-9.105400027838685961e-01,5.135240653091230456e+00,2.159471423557557390e+00,-3.346465193717440556e-02,8.094621675287236862e-01,-2.953325177613742802e+00,-3.869601628832120888e+00,-3.327180851685933582e-01,3.753128480199781070e+00,-2.832834446212219581e-01,-9.066564765051892127e-01,-2.574177408416910673e+00,1.507639423733616368e+00,2.018294061207359658e+00,3.905577351104480677e+00,-9.290717491819062701e-01,-5.206366121266808200e+00,-4.097297600890442482e+00,-3.153561923718795068e-01,-2.212180885767040639e+00,-1.042133709100264927e+00,-2.850029552118309883e+00,2.694014781651373980e+00,3.348272340033389138e-01,-1.702866289860654581e+00,-5.938501313327425590e-01,-1.305796744973364287e-01,-1.448827765958062175e+00,8.961451587898006110e-01,2.253726100030166712e+00
1.721382120903815816e+00,-1.178964267797034449e+00,-5.627117050028997980e-01,-3.066088453876376629e-01,-2.584488505137434444e-01,8.432009879747703884e-02,-2.116444219968824036e+00,-2.961831968012143879e+00,2.059806799902667684e+00,3.784827304137509785e+00,1.233088246257972198e+00,1.634116749442100724e+00,4.479620205056335180e+00,1.121457865055409675e+00,4.141552470868200331e+00,-2.052524061719826154e+00,3.596166826297960917e+00,-4.099326949940920173e-01,-2.882422749320043831e+00,1.163009761768527772e+00,-2.728645148302477619e+00,2.091242436709280117e+00,2.184584129972445332e+00,5.420551076137449797e-01,-9.864598231420722563e-01,1.802928447679926105e+00,1.551827036303641938e+00,2.476715686988548271e+00,-4.528026297858797733e+00,2.530040937400942269e+00,-1.117778476486219530e+00,-2.182586798609854384e+00,1.004535905494216452e+00,-1.942943829743113859e+00,-1.966076629429753142e+00,1.287580276564396886e+00,2.396838398411188731e+00,3.342762627773583350e-01,-1.683519358802173738e+00,-6.152220139109223496e-01,-3.228842332681260530e+00,2.122185109302298756e+00,3.316525706672787344e+00,7.345051838791536447e-01,-4.753069098470548148e-01,-2.624053981684927983e+00,1.925449028754212089e+00,6.571001616269844803e-01,3.400571818476867847e+00,-1.985857729502762847e+00,-3.025116829139643304e+00,-2.824875123887889306e+00,-1.166932794730297207e+00,-3.965769096120095760e+00,-1.879958879985616838e+00,-2.050821909006541599e+00,2.102691212808950549e+00,3.731452527315544110e+00,1.214746440035618935e-01,7.553754067305478159e-01,1.205641519911569093e+00,-2.243003016737429078e+00,7.984429333336486856e-01,2.043960236430645505e+00
3.370575116810555549e+00,2.172384243802616133e-01,-2.549744028294885112e+00,1.295152339090818616e+00,7.249461588377538179e-01,-2.542793878934583418e+00,-1.854537622293772614e-02,-2.103863509595285564e+00,2.598050171108657658e+00,3.463571536069274259e+00,5.111346358983416494e+00,-1.957618545886372186e+00,3.630029987624561194e+00,2.025284037006300331e+00,2.232648461970638820e+00,-4.270340716212685628e+00,2.488967792194479056e+00,2.381152580127309015e+00,-1.397600066488743575e+00,3.369798249302791149e+00,-2.329357573493043176e+00,3.288947073302194823e+00,1.568655105322303900e+00,1.287819154998579574e+00,-3.979444087837930022e-01,2.854276146235141365e+00,1.353471291009130439e+00,3.753358038596922963e+00,-4.411576229795301174e+00,2.852253059888878006e+00,-3.702086677544224269e+00,-1.162649705656879195e+00,8.995424517131769271e-01,-2.348956294045756010e+00,-2.309990649520491601e+00,2.573604974040806237e+00,1.811824158912745730e+00,7.758423417948590028e-02,-1.990825716699057057e+00,-3.513400276627428820e+00,-3.438426267254274471e+00,2.470997204645373202e+00,1.992549537255677850e+00,-3.734123128673786374e-01,2.497901131830328580e+00,-2.233703105221107599e-02,5.357756458597919824e-01,2.903186570771643993e+00,4.606881748349335837e+00,6.180851974635526158e-02,-2.432760776064627706e+00,-3.961442599491232563e+00,-6.698375216122776088e-02,-1.463666299436412466e-01,-1.003694158168589645e+00,-1.525690809913887058e+00,4.296778574856040755e+00,2.599967474240544973e+00,-1.189057097320711298e+00,-2.235705415534966711e+00,1.679706370295174001e+00,-3.190278928568108796e+00,3.095745719109260552e+00,1.279219765880982740e+00
3.119616545361434401e+00,8.330934285690699825e-02,-1.750036121592675187e+00,-1.550088712921988687e-01,2.597674092811522506e+00,-2.207256087159958469e+00,-1.680575415847644916e+00,-1.883849197187934088e+00,3.142662024549056188e+00,2.613163466324288642e+00,2.802966367548725302e+00,-9.084312233208566845e-01,3.340797216163419403e+00,2.474786461736431242e+00,4.107287067375206213e+00,-1.485432285012330045e+00,1.131379349649639154e+00,5.125928771759252101e+00,-1.402573750201832059e-01,3.270911796406704486e+00,-1.461133223561142946e+00,2.014981630336431184e+00,2.063733236071359833e+00,3.217717163346658360e+00,1.032211285025240066e+00,3.777459719372214586e+00,2.062525986149645885e+00,4.178671404286637525e+00,-3.127877134148221216e+00,5.035141328280291262e+00,-3.031471051108401760e+00,-1.144073374570819368e+00,1.070356330194299987e+00,-1.685736273661206708e+00,-1.777057946136775701e+00,2.940721136934524971e+00,3.371132678659245485e+00,1.738203131620097430e+00,-1.083572456461390665e+00,-2.165378049147767214e+00,-3.514446801201433157e+00,1.656294009074549045e+00,6.752820860305095430e-01,-1.747584000031122686e+00,-1.646400709299994602e+00,-4.824986049151403833e+00,1.806212304455100393e+00,2.939079041551917459e+00,3.626762208690267109e+00,2.588619715650768427e-01,-5.721477000087153542e+00,-2.753336022865420674e+00,-3.591576830609632065e+00,-2.507934384094617108e+00,3.394358804816480779e-01,-1.428230584881066356e+00,2.811768242385002559e+00,3.970336951712428952e+00,-8.006351118392989186e-01,-1.234908690883177007e+00,1.643411899397544396e-01,-3.124388316344926864e+00,1.069184697076224211e+00,-1.523020434568211900e-01
3.951461190788041034e+00,-1.130667146619299901e+00,-2.088511795349948574e+00,7.315386759826991714e-01,-1.106614643958855559e+00,-1.845024428410582118e+00,-1.450673247218762674e+00,-3.455130626309419029e+00,4.815045816295871361e+00,3.633878439527947979e+00,5.156609402134056275e+00,1.139976010413498608e+00,1.202303722704652689e+00,4.039265690528246466e-01,4.000191498415829550e+00,-1.071459460509027517e+00,4.047886666693708335e+00,2.499688975888713749e+00,-3.114258671525133693e+00,2.298448219449010121e+00,-4.205705688422202826e+00,7.507659240214801244e-01,6.268630305177969042e-02,1.890385466055555019e+00,2.936189444932594261e-01,2.063475251224605955e+00,5.433814025882610643e-01,1.417007967936220858e+00,-4.773805147205505861e+00,2.897491438816993892e+00,-2.961519968643338441e+00,-1.597004366883020943e+00,8.323091256705648089e-01,-1.158161028042576479e+00,2.757535742711676452e-01,2.659435969654926346e+00,1.723957018413722286e+00,5.035290009339423722e-01,-5.792818750048689402e-02,-4.401329743727752764e+00,-5.498178781935635584e+00,3.009660484778332812e+00,5.339472234748146917e+00,1.479989015432457422e-01,-7.840916554973000885e-01,-2.880061165361526232e+00,5.319914292624121632e-01,4.077021499195760956e-01,1.968317145403274182e+00,-5.674092594540023349e-01,-2.946504176435056355e+00,-2.054625397284501886e+00,-1.766216125318346375e+00,-1.810344311556386421e+00,-2.283544102583357382e+00,-6.333135290045106558e-01,3.921973326554494932e+00,3.614787747705230814e+00,-9.590434898445499012e-01,-1.499526452122025733e+00,1.873495847284966764e+00,-3.996284214847829031e+00,-8.180972159240065267e-01,8.993678086347638434e-01
3.600615133243548538e+00,2.143224142885931549e+00,-1.486759059120273507e+00,1.636804464701547168e+00,-8.056466914637523402e-01,-1.689533117739244972e+00,-3.390797803199209759e-01,-3.562175993378897232e+00,5.183820247469346221e+00,2.704888933769900916e+00,3.442695910829285832e+00,-1.527429638672455958e+00,3.073801700495054412e+00,4.398692994805490919e-01,1.502991892445597832e+00,-4.443946179710026811e+00,2.274235570175012988e+00,4.507256975591569237e+00,-3.438957239733372084e+00,3.297601378725535159e+00,-2.663380862446812269e+00,2.531413385704016417e+00,-5.991857918876641875e-02,1.931799851476187158e+00,-8.503572207234820768e-01,2.574103649856746223e+00,5.888938933971505918e-01,1.222318390474110616e+00,-4.727936796292120825e+00,1.865427049409994487e+00,-4.566517410407721300e+00,-1.606894352642723067e+00,2.737134037417523480e+00,-2.672669630157377796e+00,-6.036403184598151395e-01,3.088278415465393056e+00,7.171450692545207062e-01,1.035685247199603420e+00,-2.169210338983836639e+00,-3.823650187146906632e+00,-2.643362573412021188e+00,3.854089499015503240e+00,2.623287501735030336e+00,4.391018457947968301e-01,-1.579810734666634575e-01,-1.460262487875647608e+00,2.418062353172862000e+00,3.494814074072818855e+00,4.201231512881262731e+00,-2.855518751155475821e-01,-1.710513089959528665e+00,-3.198199032648831874e+00,-1.032110280412125380e+00,-2.428998098892176216e+00,-1.487057175120190422e+00,-2.582109033467602899e+00,4.116508855334100048e-01,2.967817026417949755e+00,-2.490088622762152148e+00,-2.827154790518386918e+00,4.316282863234458533e-01,-3.103562841388559423e+00,1.163740138190764162e+00,3.495582303784063871e+00
3.056878915137034802e+00,-8.054165989951258542e-01,-1.654699191592029717e+00,2.212147669627618107e+00,3.596950474196966230e+00,-4.336144903500748882e+00,1.562146172969880453e-01,-1.234467276695450977e+00,3.915208135568679637e+00,2.258398256778937352e+00,3.852632653046280886e+00,1.964032843835336717e+00,3.925007699956165830e+00,1.565927954741514361e+00,4.541313236605389214e+00,-2.074851689948255640e+00,1.783294620443395040e+00,1.431214563065461576e+00,-2.903869291412483733e+00,3.983352723126285078e+00,-3.801602114379814434e+00,2.612204970045572505e+00,1.548442377275345949e+00,2.948535446410596172e+00,9.557834186868857662e-02,6.904760377001522009e-01,8.426054611024853536e-01,1.195544951272106804e+00,-2.894227152899730982e+00,1.843661997376826900e+00,-4.723781183075098866e+00,-2.245262529170322097e+00,1.527220442220593943e+00,-3.169998020515461867e+00,-1.917868589234859700e+00,4.454063668897401129e+00,-5.873471093887001615e-01,8.620588430713027606e-01,-9.508153633726001974e-01,-2.542259319520284500e+00,-2.333608513253288663e+00,3.296069143304320548e+00,1.809209793606637806e+00,-1.395458088220764559e+00,9.615847954056786495e-01,-2.845019396118222410e+00,2.176891573041367600e+00,4.498210222167370986e+00,2.790174676710121204e+00,2.926902721401337892e+00,-4.161439454616522315e-01,-2.696749465447789706e+00,-2.502175988472973955e+00,-9.987787911676732078e-01,-1.589031749353723599e+00,-3.530366899290632077e+00,1.934008709128918868e+00,2.600525812625378297e-01,-5.721240587174981629e-01,-1.912201654033276910e+00,1.006449424541919768e+00,-1.865378133564010277e+00,9.485012335997060617e-01,6.885682053917140388e-01
1.544938669799217124e+00,4.974321384350801067e-01,-1.115386422868851923e+00,-6.239434847450218147e-01,-3.230568611429001091e-01,-3.225537066196318747e+00,-1.265555457048178623e+00,-2.714589904609512327e+00,2.803301905901840918e+00,2.010191501412927462e+00,2.497077244297233101e+00,6.012287124814967854e-01,3.113902265713932582e+00,1.804334209452647553e+00,7.726207158699096578e-01,-2.522915933766852525e+00,3.116758012806180478e+00,1.053661136016168509e+00,8.412744551261006620e-01,1.235573219663713473e+00,-5.142942103134673815e+00,2.466239954238927723e+00,2.827753807146343501e+00,3.089503814803985282e+00,-4.625580235813559482e-01,2.028002693767647635e+00,2.575641880908625225e+00,3.005458144225455985e+00,-1.508252466058891184e+00,4.845988308083379437e+00,-3.535130961399929994e+00,-6.694254975354674286e-01,2.547583611535054970e+00,-1.358457003658237072e+00,-1.934529362039518752e-01,2.815402844958225792e+00,3.937706656186000131e+00,1.701837002577471392e+00,-1.297234127747175725e+00,-3.518563274829682896e+00,-3.160130870085895438e+00,2.881014682565181229e+00,3.413745250506608375e+00,3.731989924565273231e-01,2.284309034985287035e+00,-1.777398931035902407e+00,-6.896456732944304946e-01,4.208571399809192037e+00,2.675571342318840529e+00,-7.385041447110589630e-01,-2.626390225458751004e+00,-2.288111149541813383e+00,-1.886802115090693732e+00,-2.508665721455719755e+00,-1.337630484454610080e+00,-3.177121375719016427e-02,2.023523112314188133e+00,7.345635393191045637e-01,1.537423698117299065e+00,-1.927058000788693715e+00,2.398428458547984476e+00,-3.562722562030127715e+00,-1.601400980735930180e+00,1.357564192322084695e+00
6.525273503513183471e+00,-1.889941444281893368e+00,-1.583176746633030874e+00,-5.850960566775000871e-01,1.215776175857742558e+00,-1.371568202008096815e+00,-2.569995742823692364e+00,-2.659053048713202472e+00,3.441223044837964373e+00,1.759945537038040575e+00,4.575389265163810393e+00,3.155248140224252484e+00,3.956491473563662709e+00,1.561804367078391875e+00,6.685794474444772817e-02,-3.877444027011477168e+00,1.423694114146230483e+00,1.983196528055113816e+00,-2.273231359695353060e+00,1.995198572739373066e+00,-2.354988915887369139e+00,3.687301250413758336e+00,3.863378517601434581e-03,1.643424655258552081e+00,1.423355842543974070e-01,-2.878024858085536319e+00,2.745315306286252532e+00,1.116826093081667137e+00,-3.680847090687886514e-01,5.886990653195068646e+00,-4.354389065161594630e+00,-1.083951530819185605e+00,2.199006445305724977e+00,-2.436266699665292190e+00,-2.236550013653137547e+00,3.596077446025409685e+00,2.638780541770254562e+00,1.086228636318831597e+00,-2.609524379518666670e+00,-2.351118545493497969e+00,-2.631032885668754595e+00,1.784992032369767001e+00,1.708835148978964380e+00,-1.957336462140537803e+00,-9.882993550913916625e-01,-2.371434036122598954e+00,2.099765215915503802e+00,1.455498826629733955e+00,5.208681732676999410e+00,-4.597010130299037378e-01,-1.949612024508169617e+00,-4.173145109369309047e+00,-8.111052880399454157e-01,-2.747733921382601530e+00,1.261176767379399211e+00,-1.459888707090076565e+00,2.557619160782831358e+00,3.564294289138083549e+00,1.683630153393029794e-01,1.612157118336150052e+00,2.770395056902224429e+00,-1.485377657531835149e+00,1.721140906444711849e+00,4.566954449959603757e-01
4.761783082147641011e+00,2.400380022830280957e+00,-7.383592983986323466e-01,7.638820610470480332e-01,-2.567233702780684634e-01,-2.623720882261824094e+00,-1.067542331241284170e+00,-3.974218417628280875e+00,3.481762263486377851e+00,2.876102955218390989e+00,1.444281581839047091e+00,1.922638521341681006e+00,3.913758215298595466e+00,1.475857875602283542e+00,-4.455437284611116766e-01,-3.316204182560910319e+00,4.272749260273720928e+00,2.859477648163560648e+00,-4.460490626881975729e+00,2.792405013904654787e+00,-1.556301117953610813e+00,1.694789323673823400e+00,2.050495572550174561e+00,1.862150920446456137e+00,-3.388035998489274392e-01,1.299861162837658624e+00,1.931146576234595180e+00,2.057455137126789513e+00,-3.275500081391000240e+00,5.468273996162874795e+00,-1.257654122372046324e+00,-1.322863824569681324e+00,5.123800924652245570e+00,-3.212300168457283167e+00,-1.434990216281046838e-01,3.503336170830860574e+00,1.912304289599562113e+00,1.711266645236768191e+00,-1.422262066643762424e+00,-7.797555090257675126e-01,-2.194560864768779318e+00,3.015043562089195106e+00,3.076337767160712833e+00,2.937549577370932585e-01,-1.348895927726272870e+00,-2.556833545598980795e+00,6.232757446421695047e-01,8.226287559093200530e-01,1.775986699242502631e+00,1.162014292081156031e-01,-1.300014577984861752e+00,-3.811462301177709122e+00,-1.455713033464766770e+00,-1.023485566594252605e+00,-4.586994071057852729e-01,-2.844529978948759030e+00,2.436849320849569178e+00,7.282572340980052461e-01,-1.926475043518679930e+00,-1.126423300399735927e+00,3.569381716403726035e+00,-3.788850803075677565e+00,2.004200288863931423e+00,-1.207427337558153013e+00
3.435747002043632481e+00,6.745677257811565353e-01,-3.044143905869324485e+00,-7.397224844123497789e-01,1.124784947371841426e+00,-2.924824869348108258e+00,-1.299804705118037695e+00,-3.540945366891922852e+00,2.673339642078897960e+00,3.792454078851931421e+00,3.599665094285538824e+00,-8.891211533141518686e-01,3.310014732843383101e+00,7.850855038245874162e-02,2.129811223790839758e+00,-3.408589157829411409e-01,2.530052271138304221e+00,2.609995710545741865e+00,-3.053049643342911512e+00,7.039312982166539001e-01,-3.930897715522958968e+00,1.399911641422295627e+00,2.022048730061203337e+00,1.325033094481602891e+00,3.107031603944827580e-01,2.321922158074816167e+00,2.546581323113490392e+00,1.170978035772866077e+00,-3.591264983527406862e+00,2.309559626592767145e+00,-1.375445038359299099e+00,-2.649093415453650291e+00,4.341121074568322413e+00,-7.271749255007449175e-01,-2.427351323469991939e+00,4.005508223588028827e+00,2.495341279319228445e+00,4.419751792937345769e+00,-8.816225598126270491e-02,-9.329608286205850476e-01,-3.334793535826348521e+00,1.618956066397863935e+00,3.974764238871667299e+00,1.966478938319513592e+00,-7.155109698906187976e-01,-2.706694397347316983e+00,1.731809457451134016e+00,1.671297596858317025e+00,2.694081567015846890e+00,1.620713128807398373e+00,-3.773680846173382175e+00,-3.169039892955907156e+00,-1.050415572295336109e+00,-1.124960952706662631e+00,6.710651725841880744e-01,-3.215139230160782624e+00,5.062986526203811621e+00,7.467529494039307769e-01,-2.051833813427813347e+00,-3.562590284584076894e+00,2.902350141836007147e+00,-2.679949482314842868e+00,2.168802352418942370e+00,2.988699352751125637e+00
1.981970347950890110e+00,1.120685875012211508e+00,-1.501013613556646309e+00,-1.313711052389852529e+00,1.868600820289743503e+00,-1.299495830013833952e+00,-9.647600973300468619e-01,-3.199731199167116902e+00,5.228545584885286424e+00,2.653685275291311818e+00,3.116957562058933817e+00,-2.261123823599942018e-01,4.982939497424272446e+00,1.324409756631188317e+00,-1.143380692855844316e-02,-1.640846414265107578e+00,4.066349424140552671e+00,1.130605600506742858e+00,-1.958900199405797515e+00,2.471080158295672735e+00,-3.061216366005279355e+00,2.152680462048294441e+00,2.735167549169774226e+00,1.803410706106215455e+00,-1.561939771529455012e-01,8.730591619340923870e-01,4.353258523775917155e+00,4.680000362353647247e+00,-3.290685280255429834e+00,4.359850255892909310e+00,-2.191361290567337861e+00,-3.539285702135011036e+00,1.368862628322299102e+00,-4.599863282060729919e-01,2.206556155975503142e-01,2.511322884823636858e+00,4.823512367727740724e+00,1.451539649732480175e+00,9.471565826696299872e-01,-2.492986740201091234e+00,-1.789946005197390333e+00,2.421517714964414036e+00,3.599380667650908361e+00,-7.316824972809440331e-01,3.717675985307888897e-01,-1.085165561435643244e+00,1.063724565174096526e+00,2.488662584867681549e+00,2.079366742391991707e+00,2.015262519689185794e+00,-3.867941718259101602e+00,-2.672231794795330018e+00,-2.442926140361958431e+00,-2.475957540928062528e+00,-3.399766993304470297e+00,-1.209243047457283282e+00,2.172254743613793337e+00,2.942015169228462401e+00,-9.540764998579893685e-01,-2.620945631655595243e+00,1.822091717885367501e+00,-2.994008522192432409e+00,2.357149329076662525e+00,1.301577298813365147e+00
3.748618145556524173e+00,-8.023008186908804351e-01,-3.272038109982020604e+00,4.014298808134315610e-01,9.310467735745491247e-01,-1.874204109943635954e+00,2.584440948538435645e-03,-4.190129411886840849e+00,1.501479377751065325e+00,2.176476186807478896e+00,2.915484656642176375e+00,-2.468085923232982148e-01,3.762247972720222933e-02,9.579410787394677662e-01,2.905238692319268345e+00,-2.578829722267870217e+00,2.201467521904552527e+00,3.921191767966741626e+00,1.103150859420169994e-01,3.869166859125859226e+00,-1.229411859846897714e+00,8.995582916962852060e-02,3.738483565082071358e+00,2.366732098084890712e+00,2.309815262094138122e-01,2.086652743025596113e+00,2.407702565301807152e+00,3.566513013904345275e+00,-5.087032840327217365e+00,3.354160466532512430e+00,-4.435711347811105654e+00,-2.564993258707583657e+00,3.237284484858119704e+00,-1.020048331329256985e+00,-1.880457901935048248e+00,3.984651097927188967e+00,2.095533337646758199e+00,-4.720154134250131861e-01,-1.797103893753639436e+00,-2.719402509805668000e+00,-4.696381838932895292e+00,9.580473534003703939e-01,5.070270312547370928e+00,-5.558485897491245442e-01,2.037957413093462122e+00,-1.961556265933529941e+00,1.434377196753535699e+00,2.645964701146380271e+00,4.089647962098131195e+00,-3.077935342597862833e-01,-4.659983023956540293e+00,-4.058726563862391501e+00,1.406015088022372517e+00,-3.011691798275255572e+00,-2.216875850508395640e+00,-2.182955774490637157e+00,5.330748195064003880e+00,6.563065266269692000e-01,7.200019964551263030e-02,-2.259740989695572022e+00,1.320749457839459851e+00,-3.379355338939788123e+00,3.401400911641463853e+00,3.186089024873727471e+00
3.854667103390764904e+00,8.576322414634385272e-01,-1.833807848025892140e+00,-7.189464610124758348e-01,1.483424131012809788e+00,1.101366566599103702e+00,-1.199859009183664504e+00,-3.974117137120367182e+00,5.032901110387026478e+00,4.172562797394843592e+00,1.503514650535173081e+00,5.814116290674409271e-01,2.427056344002471722e+00,1.242639511711179257e+00,4.188536855661126879e+00,-2.720102865961804284e+00,1.921241169105973423e+00,4.986434884155536373e+00,-2.057736322748006330e+00,6.549212307791627552e-01,-2.615116421570975902e+00,2.268510525609765960e+00,2.661171676545909470e+00,3.270402932833036402e+00,1.869652168945595605e+00,1.485158169853947552e+00,5.194041512573124741e+00,1.592791019314544476e+00,-2.921190921487269332e+00,2.278874165401916674e+00,-2.674303520711061921e+00,-6.392049003589810319e-01,3.917345732725698859e+00,-2.489111692397456999e+00,-4.146326875834314141e-01,3.003022346051608782e+00,9.991239748712800184e-01,9.399162438124881724e-01,-1.452058955430449716e+00,-4.155965724873209588e+00,-6.749779406856057484e+00,1.197979770701480096e+00,1.803675111860316704e+00,-4.304485351870243615e-01,-2.641150742328877143e-01,-3.090603549872010802e-01,-7.762297506672743985e-02,2.876269201984249957e+00,4.286524237413583904e+00,-7.878356721233679139e-01,-1.116758231657557943e+00,-1.608476854503827713e+00,-2.964027563788859787e+00,-9.046913625090513555e-01,-1.732867310849576237e+00,-2.566455062584949154e+00,4.644113192289260894e-01,2.848686532195234378e+00,2.167887917470960879e-01,-1.768274401369991367e+00,1.001327075390687771e+00,-2.926519242422267020e+00,1.236521308796515672e+00,3.113715694745205820e+00
5.726732754377987789e+00,1.732850161370692588e+00,-5.189480509423113119e+00,3.425515494362342261e-01,1.165185271420705604e+00,-2.404070879731936117e+00,1.609372421302265876e-01,-3.277986938418933516e+00,2.800144168127926658e+00,3.923693452698040041e+00,3.687773886492381692e+00,-7.763567175408732091e-01,2.840344913916746261e+00,-1.465954156160101274e+00,2.619554624152146793e+00,-3.198329272482342667e+00,1.750357567652296886e+00,4.277374496637525780e+00,-2.349031462896355560e+00,1.508245811749339804e+00,-1.899160885361602658e+00,2.464764871067824270e+00,2.728067324502721824e+00,3.653483656725779127e+00,4.405471896175088276e-01,-5.002107936814512712e-01,2.372258626805989312e+00,2.158791361670067133e+00,-3.330385311064574250e+00,2.630255080101709719e+00,-3.480743059332700451e+00,-9.999198151994233008e-01,2.168550449958724258e+00,2.292452260315300805e-01,-3.601787683324487510e+00,1.655265216813712303e+00,3.496254121253211444e+00,2.591035282757988778e+00,-4.273418614805065019e+00,-3.178291661466369877e+00,-7.063329187779054941e-01,4.310369795473350862e+00,4.749893826265065400e+00,1.403463910567095407e+00,9.904248564569517743e-01,-1.437869469990971760e+00,2.311770204734087564e+00,1.409420867413852418e+00,1.780276733222662111e+00,1.107430778056724741e+00,-1.883537141437209073e+00,-1.411602497130693967e+00,-3.359528799947881783e+00,-2.816072743565147807e-01,1.666180714539600149e+00,-2.870442245320768304e+00,3.100295130348698081e+00,-1.216187504867349833e-01,-1.458139062704316480e+00,-1.828021470792445147e+00,4.893051566338441072e-01,-4.162146687094725905e+00,4.001368990445156371e+00,2.379322234997303553e+00
2.525706474203265994e+00,1.294881022603129539e+00,-2.478298147931598638e+00,1.676651337311749534e+00,2.980225202426211695e+00,2.984700237545139245e-01,-7.274706963866683918e-02,-3.127024741492310689e+00,5.704558058363469186e+00,3.844751212256340089e+00,3.694609888498370687e+00,-3.749558131040415798e-01,2.005589939067903060e+00,2.019166712838336153e-01,4.417500178961754287e+00,-4.184661387223478357e+00,1.990935721210127518e+00,2.450676838836867599e+00,-2.338987900300280920e+00,3.406078221857278265e+00,-1.986709863898319828e+00,1.419462105314986733e+00,1.262631317186833968e+00,3.580088257918625949e+00,-1.543775738816002052e+00,4.583948687147840761e-01,2.308847752190493541e+00,3.513258887093851701e+00,-2.825234645643178943e+00,2.775970509664229535e+00,-3.263218574980846221e+00,-2.136948437232971010e+00,2.154567400421696810e+00,-1.618023180065325972e+00,-3.219563397535493365e+00,3.876889533521314490e+00,1.536823077322976072e+00,2.590433671488089562e+00,-4.236954523334111045e+00,-2.628980706588942340e+00,-2.088673268556001439e+00,7.804881643288350546e-01,2.557843683591618511e+00,-9.922079699580731438e-01,-1.218849461667656398e+00,-2.565475815863428100e+00,3.116605283890395484e+00,1.796769891841699884e+00,4.391633880046644123e+00,1.966175228506886308e+00,-3.241264756432408412e+00,-2.192284566279060876e+00,6.531803649798186839e-01,-1.324442080720629189e+00,-1.378611283898956152e+00,-1.314019275812070342e+00,1.896875894891809189e+00,1.458489378841470563e+00,-1.091434692274093177e+00,-7.215682148081373759e-01,1.901406050621828214e+00,-3.183476278940134740e+00,6.085539193080152787e-01,-1.533546543821155961e-01
2.868195401057517913e+00,4.449727274037224012e-03,-3.191621065333288598e+00,4.345258968957633194e-01,2.146371387052234958e+00,-2.704247694442488026e+00,2.113635515146537802e+00,-2.160740221052030563e+00,2.901213089530295886e+00,5.918283626873611425e+00,2.504294101136350204e+00,1.297971359096972144e-02,3.241055738101879413e+00,2.100101490886331135e+00,1.686573257040906659e+00,-2.265490153018943520e+00,9.110304098395267669e-01,2.906666617624565685e+00,-2.227206848998911415e+00,1.432771393204337773e+00,-3.276574625074275993e+00,1.978464392396493299e+00,1.825751695788035089e+00,8.529398479604606287e-01,-1.739710744707706258e+00,9.752812979083382849e-01,2.174149570717990976e+00,4.093713562921475813e+00,-1.877095850467537907e+00,2.999775769951353865e+00,-3.186205919454534019e+00,-2.261374728558904312e+00,3.062617872096664140e+00,-1.043663762097853720e+00,-2.795046897229338967e+00,2.766334102332719702e+00,2.773409632217870957e+00,2.149904678537752023e+00,-3.710164951782447540e-01,-1.013368352583197129e+00,-3.391619424478531819e+00,2.086417255263181225e+00,5.619030728340766778e+00,-3.767492964479427497e-01,1.084558787384547918e+00,3.745067223612430496e-02,4.693528693255717421e-01,1.355997280246352688e+00,3.875190939854853855e+00,-1.300021288934938291e-02,-2.473450032481311123e+00,-1.333526909962008622e+00,-1.977399338183299049e+00,-3.084637397099028178e-01,-1.262419946042099728e+00,-1.958733239814022031e+00,2.246526802245698118e+00,-4.056572970047001014e-02,-2.006733133689094117e+00,-1.277632047787679470e+00,2.274797526163644612e+00,-3.759148795855055347e+00,1.846206149105459549e+00,6.760065371501997600e-01
4.073329803867101973e+00,2.735055438117204751e+00,-2.961145598027453474e+00,1.010569116235704668e+00,1.631660629915853367e+00,1.615329451657119275e-01,-1.333801751984403205e+00,-3.583664155051038414e+00,3.914676505163185993e+00,1.853790895271759442e+00,3.322468474849329390e+00,2.026519412454897306e+00,2.241570950893896352e+00,2.264304243357399660e+00,2.625866253180165977e+00,-3.384187378832766768e+00,3.757338530475014871e+00,3.236658019881150317e+00,-2.492999286012577809e+00,1.658779895201822008e+00,-9.305454243028163930e-01,7.339331249406433333e-01,9.111817555227664789e-01,3.436376365609806527e+00,-3.098040873587748489e+00,3.840125543546927034e+00,2.230861990770178327e+00,1.354643147369132716e+00,-2.685097585868585490e+00,3.863333801455087091e+00,-3.826858766968155745e+00,-3.134582802894358977e+00,1.322040333171654147e+00,6.108856995588411998e-01,-2.880694170896793249e+00,3.501780123761601526e+00,1.225949247530113695e+00,1.251914421434322078e+00,-2.903597940921529563e+00,-3.870519757082847345e+00,-3.017441995940035149e+00,1.448739875407464073e+00,3.716554472052799429e+00,-3.759035527050290870e+00,1.117402141012587835e+00,-1.441876138636211557e+00,2.831274665232978549e+00,3.992258406858500752e+00,6.268764885439814805e-03,-2.163911277444804604e+00,-3.453221297163076464e+00,-4.166295756042437404e+00,-1.262357234879332157e+00,-4.380463664340015217e-01,-1.068648451685129119e+00,-2.599271225526451623e+00,4.086424853031996207e+00,1.338515668692628946e+00,1.191044567305546975e+00,-7.379099545305252139e-01,7.554951398841276422e-01,-5.199899719355618011e+00,-6.805949420291144136e-01,1.041183741965098886e+00
4.219449233538530741e+00,-1.273156578607290701e-01,-9.545846969304245810e-01,2.106272106289686530e+00,-1.268827968323458677e+00,-2.678917725045632636e+00,6.483973756669036970e-03,-1.896222857017194396e+00,3.663241027367506675e+00,4.593375029920773400e+00,4.541438506738639802e+00,1.014022189763133852e+00,1.785746744021448507e+00,1.771169502017128750e+00,3.857674945602127980e+00,-2.086295597370896093e+00,2.067104271068986865e+00,5.948815289258746475e+00,-3.318243461885501677e-01,1.384468976931856110e+00,-4.782458558086396749e+00,1.376421917326254629e+00,1.037305720739202908e+00,1.163445245250119386e+00,7.910322350117819923e-01,2.013605218716087997e+00,3.218916125619929680e+00,2.463090291175807689e+00,-3.681883813269513084e+00,1.099230503927168368e+00,2.512631162177392241e-01,-2.100701862869355896e+00,4.185171909393012868e-01,-1.661034272054376260e+00,-6.377420957801876789e+00,3.710345964464430324e+00,1.582315207914521071e+00,7.251512503796673226e-01,-8.948596142326392666e-02,-3.364675421762869600e+00,-2.074235018091854510e+00,1.646225603830069328e+00,4.406791693763368656e+00,-6.946689056214794267e-01,1.627399621108198247e+00,-9.417713842970019122e-01,2.638374922434986836e+00,-2.252782771342815682e+00,2.958785791454231706e+00,1.029659867995368350e+00,-2.674034915992248074e+00,-2.052085484592715670e+00,-8.651214332527668027e-02,-1.547457615720439605e+00,-5.935781830739726983e-01,-2.211103854275415337e+00,2.772654005541470124e+00,2.265120271115484751e+00,-2.484891131387654273e+00,-2.255736768686806393e+00,1.777021378758441905e+00,-1.888323870639555535e+00,1.910024413100956719e+00,2.211258553899123847e+00
4.405798282439802094e+00,-1.910938330991101886e+00,-2.387769994929178630e-02,1.143794204315650376e+00,1.602279507713446627e+00,-3.051033512190610253e+00,-2.142280997456048830e+00,-7.232025383984630906e+00,1.229194304334122911e+00,2.304082385696933244e+00,2.632441860870890160e+00,-6.580435306829208741e-01,2.132448818564087745e-01,3.062538195900596172e+00,2.669506774530681525e+00,-2.632619723479653118e+00,3.975178688433961938e+00,1.232375239009966039e+00,-1.761484060354632231e+00,2.927067867370069632e+00,-3.737450778644210381e+00,9.521374598192121619e-01,1.705481328294693455e-01,6.190016769063872992e-01,-1.724941043628040127e+00,3.103964493846320671e+00,1.641836396636195516e+00,1.353065730380369036e+00,-2.390011981031353372e+00,4.313710905893804792e+00,-9.044588923111529510e-01,-3.010140888006018756e+00,5.792240640040269284e-02,-9.033212743521211729e-01,-3.252896745761117536e+00,4.042481335330995407e+00,2.793089501636562666e+00,2.823520382471835788e+00,-1.224683138167243612e+00,-2.599191681256252551e+00,-1.184565125974397226e+00,6.940980354893420134e-01,2.369131389962928935e+00,-1.809951835848642998e-01,5.970601195206535206e-01,9.702771629378121876e-01,2.233781810153009140e+00,1.173974085566432457e+00,4.086878279232909250e+00,-4.296316767783847634e-01,-1.077285787894056934e+00,-3.757949132675377779e+00,4.146792135832086945e-01,-4.222739415947073027e+00,2.038487465872214077e-01,-3.411978696346403606e+00,1.654750406495862025e+00,9.006732311659420009e-01,4.991526339745322449e-01,1.840935744309104560e-01,-1.326402570823310256e+00,-2.031870119342678471e+00,1.240946338128923632e+00,1.656955852689843800e+00
2.624357603645772308e+00,-5.463065317827834333e-01,-8.326183823432675712e-01,6.487269679339715545e-01,-3.898553149681587282e-01,-2.240101099490718894e+00,-6.393523993133420902e-01,-1.298063195437186401e+00,3.403699194202203238e+00,3.709184174165658820e+00,2.208859439726956087e+00,7.621626921648579911e-01,3.360316719736430979e+00,1.107903540825639466e+00,4.188529336542759829e+00,-1.358349710943920430e+00,2.038671142637946243e+00,4.770580896291270356e+00,-1.858719329555273969e-01,1.736924804748652518e+00,-3.307749458128605990e+00,5.798110283262336573e-01,1.031681823923224828e+00,1.417323915857333860e+00,-3.283721058374766688e-01,5.722008123195143625e-01,2.941627305224854716e+00,1.931998724141575030e+00,-1.819153394684547953e+00,2.645858624814309668e+00,-3.209038994009467682e+00,-2.692117167139302936e+00,2.327894969359197930e+00,-2.259499535467022646e+00,-2.499051948840825599e+00,3.256348867389177393e+00,2.476703852965396635e+00,2.654399408828463258e+00,-6.174355423211047578e-01,-1.933093825335765015e+00,-2.501774134987266418e+00,8.798825868864013078e-01,1.997132166699355338e+00,-2.819082386348020552e+00,-5.348578393504188622e-02,-1.453097762682615146e+00,1.789901641462055881e+00,2.350657811735504144e+00,2.325855453364243708e+00,5.515840712769672916e-01,-9.449983084287230106e-01,-2.782105039309857641e+00,-4.691619109013851485e-01,4.354744219148889428e-01,-2.014680516743282634e+00,-4.264104969827800851e+00,1.744378603157396901e+00,2.603276039326588798e+00,-1.347389568271974092e+00,-5.572810899987490352e-02,2.579273674645563563e-01,-2.811586689819679741e+00,9.087985628565190543e-01,1.252709803909585862e+00
2.682171099551164506e+00,8.532634627169032315e-01,-1.626987136717872762e+00,2.557605400873013579e+00,2.296303731380625823e+00,-5.390582512903098200e-01,-1.642068575921535656e+00,-3.931425058255488381e+00,3.851334186445454222e+00,3.659399635058751432e+00,2.857692606583459138e+00,-7.228850587507782421e-01,3.585865361951237062e+00,3.159708045165443568e-01,1.268927618716208405e+00,-1.308202768012219686e+00,3.540399741070796580e+00,2.504451390335193928e+00,-3.227155279046304948e+00,4.977200899226910558e+00,-1.790101816061879791e+00,3.030703755588703530e+00,1.125823516941051761e+00,3.890080336385580928e+00,-1.980704487530774438e+00,2.488460659296428901e+00,3.192139364870161256e+00,2.526771562097181789e+00,-4.459064919960308515e+00,2.575530008684010497e+00,-1.197882835463045526e+00,-1.018007495339853685e+00,5.111471746195448418e+00,-5.896323323644350189e-01,-3.254172966464607963e+00,3.901127038964414595e+00,2.593541331597375876e+00,3.481709059175697618e+00,-2.561064309379210702e+00,-6.219128834697718489e+00,-4.394038775796186513e+00,7.869282762272624687e-01,2.311663592724775285e+00,-5.315453345067785440e-01,2.422084536179541558e+00,-2.469967363937789706e+00,7.840568862297838670e-01,2.267809497186335843e+00,1.688818440980104363e+00,5.744965884913340037e-01,-2.494465110012464404e+00,-2.280096757664925367e+00,-1.807917801213591247e+00,-2.539763166864377641e+00,5.156858692737942285e-02,-1.852911433413178877e+00,2.550185440250616331e+00,1.073612520072104504e+00,-2.683307258668340634e+00,1.177852466437080636e+00,-3.414877713614785648e-01,-3.221241989413219819e+00,1.441806011016277811e-01,2.356410768743202322e+00
2.362189209536280643e+00,8.008224254482089188e-01,-3.203302340988317454e+00,1.815887068495126488e+00,5.857722403756198126e-01,-1.568530208038735330e+00,-6.864721836720724113e-01,-5.848987358621775101e+00,4.278694231456683816e+00,2.490747953526923020e+00,3.637852364171375363e+00,-2.678235212967590151e-01,1.785848989997986580e+00,2.640281026987105761e-01,1.628219756171937149e+00,-3.449262732474667192e+00,2.798495819196533230e+00,2.999337708102608691e+00,6.587531399813295607e-02,4.345723312224453849e+00,-2.816475191329569583e+00,2.199424970653014455e+00,-2.646536316921801468e-01,2.977462717850277052e+00,-8.931743515230685659e-01,1.421411761459250744e+00,1.696161717940374736e+00,2.238259666574466955e+00,-5.440971217201164833e+00,1.789608724675270990e+00,-1.401863746668153166e+00,-1.698774332964767098e+00,3.541305356698137174e+00,-2.662815601450347458e+00,1.219377631964546627e-01,2.885227899240016658e+00,2.235393810976163298e+00,7.933222210423248599e-01,-9.767950925732014067e-01,-4.185088080119429677e+00,-3.465493461329103742e+00,1.905155370211727428e+00,3.997887110337083438e+00,-9.135933935167528386e-01,8.443774493945520598e-01,-2.161836789538108317e+00,6.289308256249215301e-01,3.776717150072268936e+00,1.110227075390469942e+00,1.447219463600795564e+00,-2.535418822041108022e+00,-3.109343154493755979e+00,-9.849821311723052641e-01,-1.621933583041630600e+00,-1.623346014891519085e+00,-1.980738724719391719e+00,2.489581514592387190e+00,2.882348479471419811e+00,-3.478973121159740778e+00,6.532160274625868901e-01,2.535928724772567922e+00,-3.466704516123591873e+00,2.013336832650345354e-01,7.952674615522133950e-01
2.648165138909657657e+00,-1.122520178601858598e+00,-4.670399645285976398e-01,2.225346593818209762e+00,1.714979736406655908e+00,-6.454365981834228050e-01,-1.336028467862848013e+00,-2.651885951243528439e+00,2.091342805833746432e+00,3.221801496269278253e+00,4.522562907224524587e+00,9.606752860390274096e-01,9.072516549877414072e-01,3.115231599759784586e-01,1.058367469805916450e-01,-2.223971592049070356e+00,1.028072868762839542e+00,1.146364575473394654e+00,-3.245534220629053390e+00,2.437898552681010411e+00,-2.191544953249533911e+00,4.496631249676751096e+00,1.702986334108690825e+00,1.077743892994790453e+00,8.814471930543357203e-01,2.955227010649008168e+00,2.657215531352696836e+00,2.191214783298124580e+00,-3.878546027677409302e+00,2.647088460422196032e+00,-2.744432132115644407e+00,9.413062306249879718e-01,4.924739034449395092e+00,-2.454844576330452277e+00,-1.453117067968623388e+00,2.791287209179832196e+00,2.230207072511384503e+00,1.475847497126683061e+00,-1.259722101072091593e-01,-3.320838901375174679e+00,-4.199274865064617224e+00,1.819617049480733773e+00,4.266468964579116729e+00,-3.416645412010715366e-01,7.726379783392756107e-02,3.270961469992850201e-01,7.260910413955329323e-01,1.190656137970149242e+00,2.280985540425885194e+00,1.826916659398441500e-01,-3.280502158137881707e+00,-3.080415179297543382e+00,-2.157226354149668346e+00,-1.821629335057017851e+00,-3.586725216185085996e-01,-3.876602788184016823e+00,2.142845970084783502e-02,2.292282175374687370e+00,6.339257419843264962e-01,-2.337754732325759477e+00,1.978497242739853501e+00,-1.317690037840397288e+00,2.827261056053013366e+00,1.157101367342458165e+00
3.956851812862611339e+00,1.141494277600905605e+00,-2.233289579207188069e+00,1.184741935756897124e+00,1.743913703992314268e+00,-1.913632867848650498e+00,-3.011270544804160454e-01,-3.435624936261844731e+00,3.612294987989382644e+00,1.001086580092676259e+00,3.669151752140428435e+00,2.628130917763376484e+00,9.022948295738777436e-01,2.790653657029090517e+00,2.114017615237917980e+00,-1.833135507530201824e+00,8.739422418925013591e-01,2.123091845646715381e+00,-1.164263107939604858e+00,1.983965082823615500e+00,-2.285216966084136381e+00,3.904244562643855776e+00,2.731615440438644349e+00,3.764083091246589241e+00,1.246667592915425615e+00,1.006763592583967526e+00,3.580701741343879974e+00,1.797649241680014498e+00,-4.516106112735132960e+00,1.544859900229234473e+00,-2.186103748300741945e+00,-1.988518221551087040e+00,5.674768331093884566e-01,-1.824755838288870891e+00,-2.564153970544344130e+00,2.870147875340069543e+00,2.744542594630571042e+00,2.163698705871585304e+00,-1.102838044899465020e+00,-2.123641054006755180e+00,-2.400850134486871568e+00,1.152130471779038157e+00,7.293326339365988176e+00,-1.440074045615280518e+00,2.044796400044465834e+00,-1.078134998436603320e+00,3.216621665016852205e+00,1.185328284223708284e+00,4.144640171760073599e+00,-2.440853578353269437e+00,-4.502356033048808825e+00,-2.742927042155062445e+00,-7.301813593038192218e-01,-1.937616606728971069e+00,-9.354224627800045155e-02,-3.406847205699025771e+00,3.158006611798374941e+00,1.525130167876720400e+00,6.295873596818166718e-01,-1.774030076672064693e+00,2.516894599588376247e-01,-2.982897555402682865e+00,-4.493233967210001900e-01,1.354134062710619757e+00
2.778603118508199188e+00,2.392277530617400672e+00,-9.150817954304051316e-01,2.524266624731496655e+00,2.588125044602251901e+00,-6.086611674176958253e-01,-4.804927306036715362e-01,-3.105170309211397583e+00,4.314297753143017111e+00,3.020957734947218754e+00,1.805307074856536298e+00,-1.023993951038815631e+00,3.550681294328834614e+00,2.877385311541331703e+00,1.324952239037044066e+00,-1.459889875712354179e+00,4.273868901454081382e+00,1.486946140215396062e+00,-1.555316460789586630e+00,2.122142791305611897e+00,-8.368588135147831952e-01,-7.243983137890417368e-01,2.388450425528069410e+00,1.423308309384493153e+00,-1.921853040002636570e+00,1.904282581903790739e+00,1.961825585655429860e+00,3.795732957707757649e+00,-3.662503890240915272e+00,2.659899942672979467e+00,-3.583735532823210779e+00,-3.837041550663618406e+00,3.600557649873419752e+00,-2.870119480141155588e+00,-6.026228436440603797e-01,4.900882838596820612e+00,6.094671336458794553e-01,2.593106633037787212e+00,-1.814259334184590511e+00,-1.432100948763962878e+00,-3.474841774987328158e+00,4.381786095733559705e+00,4.865147110448143408e+00,7.693591247648023934e-02,4.234577755776759433e-01,-1.699288078982540862e+00,1.184180298138730159e+00,2.512349800881463757e+00,4.657966718635154990e+00,6.626830434933096425e-01,-3.923496641456212686e+00,-3.752688658598506422e+00,-9.497095994984188216e-01,-1.856460375283957465e+00,-6.366351625477303378e-01,-3.240621688349411667e+00,2.794598281030960418e+00,3.413533987817479520e+00,-6.085690848243029416e-01,-1.422147051725781930e+00,1.881221970282168421e+00,-1.377644143249234565e+00,1.057377791415001100e+00,2.308828650711241437e+00
1.404109642855419393e+00,6.309798681061917769e-02,-3.922778497558705446e-01,-1.313231080173238308e-01,1.385245990961596396e+00,-9.508105032232094800e-04,-7.230192665325018142e-01,-3.733840608686114670e+00,3.257398678383035762e+00,3.988594131744381599e+00,4.117355417645248039e+00,1.212238435038869078e+00,2.401758461871687178e+00,1.423355438526017203e+00,4.226973403313483146e+00,-8.528151129844756539e-01,3.514973844174043904e+00,3.227259372145323546e-01,-3.118351993227141961e-02,2.627621559089526659e+00,-2.369346298324627842e+00,2.067564788095149542e+00,9.144478399757031140e-01,1.278136452323401340e+00,2.515882647256842408e-02,1.354542151287247531e+00,3.934389263503778267e+00,2.258406506057805796e+00,-3.626537287890204020e+00,3.315053783984208025e+00,-4.459112501806608009e+00,-3.538502035970460202e+00,1.639183517509380295e+00,1.874386998838728502e-01,-2.134027158814755687e+00,3.096336721529031166e+00,2.652839905333700177e+00,1.381375889250440858e+00,-5.621057901336961038e-01,-1.377209835288001782e+00,-5.481313162446562082e+00,1.075364258285065766e+00,3.055245378542810641e+00,9.187909013436059702e-01,3.990544334600166776e-01,-1.172964273417410386e+00,2.065218446560270316e+00,3.825281753045554733e+00,1.608877872146504018e+00,-4.372752832848896265e-01,-3.101260746442091598e+00,-3.866055179303542921e+00,1.112437295079224508e+00,-3.329594906616962557e+00,-1.336865524557059093e+00,-2.836907058088337763e+00,4.977430304707151087e+00,7.609786690190855074e-01,-3.135217708315544360e+00,-7.369527786223132315e-01,1.112670244617062654e+00,-9.213409341296181498e-01,1.113009279828707676e+00,1.650913997730667715e+00
3.254891868329324645e+00,-1.179237540100743775e+00,-3.437898943228474558e+00,1.677848279088300698e+00,3.365076622067010970e+00,-1.753327859802175759e+00,8.784830346271907953e-01,-3.512360479690832094e+00,4.476835767757231466e+00,3.758496524009363071e+00,3.560821877621542342e+00,1.983846855423527344e+00,2.021670936387940820e+00,2.024260490322805861e+00,1.285988708267322478e+00,-3.218758955135715638e+00,2.358256478144006962e+00,2.238882248091826455e+00,-2.793624765475681393e+00,1.714954223598978089e+00,-4.858871345359031757e+00,1.764332712726691454e+00,1.971360002326304484e+00,2.267567845597865617e+00,-1.589480715884701523e+00,-9.254735351928777831e-02,2.094970682305898890e+00,3.003627718089749266e+00,-3.076732009675368307e+00,5.322401962886399218e+00,-9.014134549714605260e-01,-2.490675364869963104e+00,2.551384110230671354e+00,-1.896579765804714324e+00,-1.274900777494591742e+00,3.441767626217320686e+00,1.579099748454311669e+00,5.195799644948643881e+00,-7.801240495514540907e-01,-3.174786804460735468e+00,-4.521944282887840671e+00,1.163880558548593180e+00,6.017193299538469375e+00,-1.976246261210842514e-01,9.397517265074818438e-01,-1.790967865877082232e-01,1.236930597387025932e+00,1.090339907087616078e+00,5.079614935714913848e+00,-2.334012721044659289e-01,-3.040659257534245263e+00,-2.473504821924601416e-01,4.952633392858658556e-01,-2.143367576450970979e+00,5.627170184222933802e-01,-1.175113464869495639e+00,3.927879500634523513e+00,4.000577832912919352e-01,1.370471051577641264e+00,1.081778517667074002e+00,2.108903305556359520e+00,-4.061459024401735007e+00,3.560383970833000955e+00,1.261838148123986203e+00
5.263774952057159950e+00,5.680186223223935293e-01,-2.696025242347421802e-02,8.384916624851368461e-01,7.296446483829212015e-01,-1.428989234897856342e+00,5.580720063970595612e-02,-2.824218064125676442e+00,3.627487100101620676e+00,3.455556725486935044e+00,3.165355725471607595e+00,6.590583904132177873e-01,1.944742569425297329e+00,-9.684606463308198521e-01,2.327254502169404660e+00,1.320439517467124624e-01,3.345340775405928557e+00,4.772025726213056984e+00,-1.731732977000222995e+00,6.436113056532062338e-01,-1.560855090017207125e+00,1.765266883645285390e+00,2.148764336585323065e+00,2.704477256558620368e+00,-2.137222619191204043e+00,5.312120650998120475e+00,3.666053836680942979e+00,4.144252101317471570e+00,-2.976602309825214565e+00,2.825199671051638717e+00,6.193691479180660764e-01,-3.813745044239275295e+00,3.605974904884792664e+00,-2.453213478140080728e+00,-1.327081847413499771e+00,2.845659179775175129e+00,4.963210252101935005e-01,3.002626002292466012e+00,-1.438334145845453493e+00,-2.477628084425528066e+00,-4.886402325140997149e+00,1.392200784409345360e+00,4.330997937170280920e+00,-1.418591813122243250e+00,2.196054485812494739e-01,-2.887812218219038218e+00,2.678009801464913853e+00,2.095869338819447147e+00,3.047435895657546023e+00,-5.201798650671263236e-02,-3.103997590912747295e+00,-2.943313965599337667e+00,3.155954235017357501e-01,-1.672937143796098702e+00,-2.288546114412235433e+00,-4.423149592345657410e+00,4.375873783001424044e+00,-6.952843053568442677e-01,2.262577944471177993e-01,1.284655356015259375e+00,3.186798880356914054e+00,-1.641733404958026998e+00,2.166170052527473189e+00,1.044973618827078621e+00
3.272735465133910893e+00,1.341835000257035615e+00,-6.229901493791978329e-01,-1.014770776507416539e-01,-2.047163273943668482e-01,-4.952795982451575485e-01,1.653012623974331907e+00,-2.558525187630327657e+00,1.488479960834290017e+00,2.602471902305552032e+00,5.987998223710391699e+00,9.048172114624056794e-01,3.095780443928684011e+00,2.287013598812030590e+00,1.678488865349101022e+00,-2.450652690105992182e+00,3.394380555437015001e+00,1.850215165756300184e+00,-2.853241030341094664e+00,4.750296133963084699e+00,-7.058594084054212736e-01,1.579486258169808144e+00,2.983742851656174810e+00,1.336148584915000326e+00,-5.951573639612481870e-01,1.731875649924628613e+00,2.988089233494230612e+00,2.639901660273876960e+00,-2.685693259657781162e+00,3.225951005684396300e+00,-9.832483822472821711e-01,1.177623789040068925e+00,1.943115154692855562e+00,-3.011145142754608983e+00,-4.075886157525920872e-02,2.790804731327762411e+00,3.804195733570794324e+00,2.607000802921380700e+00,-1.597470189580036282e+00,-7.376617708135499996e-01,-3.384370133980667550e+00,2.069152688759126058e+00,4.622059976635801704e+00,-5.669140337934792662e-01,7.443019273779993839e-01,-2.716343531520276855e+00,3.289090224475272883e-01,8.378237924810483239e-01,3.010736527077409352e+00,2.269406735864529789e-01,-2.120402036136759261e+00,-5.365409485991227356e+00,-2.273354494024034445e+00,-1.866817959653219727e+00,-6.680216986855236350e-02,-1.599125266214805663e+00,2.464706265130072627e+00,2.540010921713679259e+00,-4.692572258141008423e-01,-2.846199598088006155e-02,-7.428004205588487618e-01,-3.660720572189791522e+00,1.986687365258995142e+00,2.083921118557219287e-01
1.673238351983707073e+00,1.092294992342396576e+00,-2.585187932135398547e+00,1.320088663830417453e+00,-3.784922366186169729e-01,-1.840258135892496316e+00,-2.047292032806454998e+00,-4.111305803621782218e+00,3.570835721104236526e+00,3.593338835301478795e+00,3.103238683558434019e+00,1.425498686444469421e+00,2.496384264845857182e+00,1.124031298933546141e+00,9.488120716674341981e-01,-1.967928424406480303e+00,2.479992558559360738e+00,1.794508081769830676e+00,-2.577941466987065944e+00,3.677098937584286631e+00,-2.301716655769869835e+00,1.352860379018621551e+00,1.838823264706075600e+00,2.350207083265395624e+00,-4.584161366886774225e-01,4.056000461700781656e+00,1.283376063202155581e+00,4.445355560945888129e+00,-2.623516138709188539e+00,4.134981278471154376e+00,-3.228729240627338459e+00,-2.705902781866279305e+00,3.032052495102177225e+00,-2.437365976090498876e+00,-2.336554223759327975e+00,3.171538295230433402e+00,2.770858906366969521e+00,2.891758031804875451e+00,-4.529239912151872272e-01,-1.908268307684720222e+00,-3.631862122740833421e+00,2.960882976218258023e+00,3.089213495078540817e+00,6.514132482204004759e-03,1.695356672050414293e+00,-3.093933778457713668e-01,2.054553114140834857e+00,9.388022819862512636e-01,2.698466604287940385e+00,7.441083996667421374e-01,-1.284446965640747340e+00,-3.888070653900141060e+00,1.488910459082819937e+00,-9.810122052741854226e-02,-2.412197925986592217e+00,-2.622417364517362071e+00,1.529347882331802300e+00,8.437961818898087607e-02,1.809033717561550958e+00,-1.631898528434517104e+00,1.694681848874380226e+00,-2.150382390314183212e+00,1.272962600414875967e+00,3.494879321565742991e+00
3.297793340375239524e+00,-1.855369673617337511e-01,-2.653316111073109607e+00,-5.419277417693999510e-01,1.721966615654768828e+00,-2.128547943175544521e+00,1.876175091618174084e-01,-1.115276708109982806e+00,3.185122147860628417e+00,4.156435460051913111e+00,3.308481282314149396e+00,1.547134918989681918e+00,4.190664970176962711e+00,1.500187429669335382e+00,1.541715448830591084e+00,-1.941367078978223359e+00,2.313201839606363830e+00,1.736219960140907181e+00,-1.618862694491363996e+00,3.212069529677543667e+00,-3.046237478444005387e+00,1.352619259484835634e+00,6.308176093674877638e-01,7.135261927569853668e-01,1.759327155223693873e-01,4.730796516516350358e+00,1.611511205536191760e+00,2.645639694495165006e+00,-3.856795834552158464e+00,-3.033873656791050699e-01,-7.769454432689861800e-01,-2.062227421728829224e+00,1.637092498650400962e-01,-2.702538578269571001e-01,-1.153635231639922321e-01,2.611631297882958780e+00,-6.171950766582385839e-01,-8.160194974133849755e-02,-1.834754829445845115e+00,-4.928786553970218698e+00,-2.285200624362239807e+00,1.077820907342284418e+00,3.417293805856535194e+00,-1.019998225902599920e+00,1.824988824564769851e+00,-1.408142837424514404e+00,1.579742907090583959e+00,2.143602205134539140e+00,2.305367428678311903e+00,-8.087176083761959955e-01,-3.719827536582614336e+00,-1.993851908733567324e+00,7.387079043735851336e-01,-1.471455207053987024e+00,-1.860094849999257560e+00,-2.033944012586030414e+00,3.050454434743079979e+00,2.608201907470781400e+00,9.442338594916668271e-01,-7.106778898018178969e-01,1.442093227278185008e+00,-3.128526764157683271e+00,5.312678536929877904e-01,4.942701282267245588e-01
1.426116490172316897e+00,-1.513959055793558495e+00,-4.659771244203062546e-01,8.206527085447193892e-01,1.557836507820284044e+00,-2.449848971244091844e-01,6.731939355874940745e-01,-3.630593399516156339e+00,2.421207145382607173e+00,1.239451422887944076e+00,4.984963817826731258e+00,1.099008153560471657e+00,4.334974479526369606e+00,2.499954608981228787e+00,-7.894653612761111106e-01,4.864868372754482806e-01,3.491349226111973181e+00,3.164245116198713959e+00,-8.364997948019476937e-01,3.525546048679064626e-01,-1.037005115155562152e+00,1.650362266932953847e+00,3.645444139089015767e-01,2.127695604541904206e+00,2.514737461535821339e+00,8.847094850733974170e-01,2.348297692217464316e+00,3.134740528069975163e+00,-4.664179072391668512e+00,4.201510473069156149e+00,-1.992455227723920475e+00,-1.438101827507836550e+00,2.366113539481101924e+00,-9.104282702767780844e-01,-1.784297428223491799e+00,2.001657907347143883e+00,2.260874593755103579e+00,1.376102612212638743e+00,-3.137694322882043529e+00,-2.917291685596454354e+00,-4.059679526943463124e+00,1.093489230027355319e+00,2.290390556966118929e+00,-9.202571506416301617e-01,1.514443493782554162e+00,-2.194629992721107925e+00,1.407804739358075929e+00,1.602465587061584928e+00,1.711400679873746444e+00,9.071854911429177992e-02,-3.344075535723428416e+00,-2.666687789449360135e+00,-1.222644983631838045e+00,-1.492654132800754319e+00,-8.129465774635952213e-01,-1.003660255658991529e+00,2.250363731658747923e+00,-1.066091201985539971e+00,5.547445579622183320e-01,-1.790131901938178283e+00,-8.734014020679667922e-01,-5.372440845462133296e+00,1.343588228066758150e+00,6.635285393941916521e-01
3.687033771751982769e+00,2.642288455312248874e-01,-2.572048236968717205e+00,2.103536970585565768e+00,-1.956827403835553980e+00,-6.032912242145496151e-01,-2.400541550918586342e+00,-2.231022189908424380e+00,2.133475559557369117e+00,1.727150001292196535e+00,3.339336373154506266e+00,-2.117259520987184729e+00,4.834212727418094602e+00,1.491296851351807229e+00,3.605018089695437578e+00,-3.707685926651370423e+00,1.902388782047156113e+00,2.781179009082827669e+00,-2.895275833880776695e+00,2.257594955139310855e+00,-2.650515750780291224e+00,1.973498559897104432e+00,2.156138094727018117e+00,3.284511907491443061e+00,1.980140815005614896e-01,1.553368374117377826e+00,1.527610068766414919e+00,3.061337321985848625e+00,-2.584953828183023550e+00,4.198077616767838194e+00,-9.387098852016606543e-01,-1.914961422214287889e+00,1.760001330570805766e+00,-4.995310190542070483e-01,-1.247216446652475774e+00,4.954874813000987643e+00,4.906094808819831954e+00,2.685434536162954799e+00,-3.084565940035574272e+00,-4.220587371016504719e+00,-2.340683168178093077e+00,1.299815207950947293e+00,2.221608792953064793e+00,-1.802341649399881396e+00,-1.079829989240780108e+00,-1.717106417862127365e+00,1.893504735408348738e+00,6.246605190797582807e-02,1.451571291555530108e+00,2.635944930329129132e+00,-1.061172555650666816e+00,-2.951553010394198928e+00,-5.715776487868868827e-01,-2.457211322543070509e+00,-2.099608966063086779e-01,-2.912829802980180016e+00,3.856488934172899175e+00,1.950042723727055449e+00,9.125003571167207284e-01,-1.620399335891669734e+00,5.158857425466626401e-01,-2.617393941063132168e+00,2.617444335784936627e+00,1.586497225684444290e+00
7.018274763737397670e-01,2.686213244782660770e+00,-2.408886274367338487e+00,2.160314165009481702e+00,-2.036494713402596801e-01,-3.514982644193312966e-01,-8.628437128748259188e-02,-3.543813020129337410e+00,4.955851170345461298e+00,2.244029733877376920e+00,2.807783311341656152e+00,1.947023462445717223e-01,2.887838688232862605e+00,7.041545974157473742e-01,3.276634584626234137e+00,-1.894493699336094572e+00,5.148554909747165009e-01,3.691818431760756525e+00,-3.053513997192385254e-01,7.599498577864580717e-01,-2.207022320595784404e+00,1.879871373489233610e+00,3.540462264180725072e+00,5.931573782070667988e+00,-1.642853355838801432e+00,2.145931138076712763e+00,2.441577449891020102e+00,2.820469372768616534e+00,-4.002949679152679963e+00,3.509100324642567159e+00,-1.845799765071078902e+00,-1.995289480754721678e+00,4.516591341031129581e+00,-3.630757316919448474e+00,-3.753690356538909256e+00,3.552064786351909476e-01,2.005934553386971242e+00,3.099219677927081307e+00,-8.342559643793143742e-01,-2.904067335948222084e+00,-2.516617425731507041e+00,-2.525086568387922004e-01,3.602259248929879920e+00,1.123533479865535867e+00,2.756423125686225384e-01,-1.096273959955149646e-01,1.909978592144843335e+00,1.112921819526953904e+00,1.751964124763110142e-01,-8.644443432837924934e-01,-2.522091900330580394e+00,-2.505139053489965129e+00,1.853585723228796667e+00,-5.417373028812129121e-01,-2.669678418779605433e+00,-2.846043672638445710e+00,2.856528023361208035e+00,1.827635660078519741e+00,-1.357373141249226478e+00,-2.214838249117815572e+00,5.613604136888085128e-01,-3.821575962623397160e+00,1.440613186028127268e+00,1.377631989212095398e+00
9.117865838402545720e-01,1.945844854428922410e+00,-3.139936194795505120e-01,1.608800290986850401e-01,2.717173774311113732e+00,-2.087303224306480409e-02,1.377133894761835675e+00,-6.289486703312716642e+00,2.568092408705243468e+00,3.063645641318092583e+00,2.072164920005386435e+00,-5.181890687476680135e-01,2.416596745196490037e+00,2.473698780045390677e+00,1.474295739612638600e+00,-1.969817916953673809e+00,2.573647339859656213e+00,2.006251946252588958e+00,-2.632870040791809974e+00,4.491010615712347942e+00,-4.274657521014726846e+00,1.771983420341450177e+00,1.720273877388604156e+00,2.757572241921596223e+00,1.306004435368699035e+00,2.581418185224789941e+00,2.444097673566862028e+00,3.267056647165135885e+00,-1.108359406330902797e+00,2.084205675904275079e+00,-8.151978876338239477e-01,-2.969680220742914489e+00,2.259557471296304243e+00,-2.116305705657288261e+00,-4.726008851392442534e-01,6.284325191952540024e+00,1.160821266238473815e+00,2.266988476534271602e+00,-2.656870662309279929e+00,-3.856249870093851229e+00,-5.776038880584939861e+00,3.840850651080432776e+00,4.071116300269147281e+00,-1.013610047466965813e+00,-3.816765254452286760e-01,-7.246198879430830742e-01,1.771652103442753479e+00,2.287428579290765818e+00,3.228076538209481150e+00,-1.015345716268932552e+00,-2.920359435142501958e+00,-2.353698897644737720e+00,7.456495642796099332e-01,-9.237093948745757066e-01,-1.610204247416533452e+00,-1.249904429904767467e+00,9.973143043674692620e-02,1.895906095072537045e-01,1.227792148921931670e+00,-2.772119448337394765e+00,2.736860446681888881e+00,-2.237321773715024165e+00,7.054421829024879464e-01,-2.374371538598549769e-01
4.657554095454784715e+00,2.139819896833174973e+00,-1.374635395320555009e+00,-2.276639215124519833e+00,8.276264089873700547e-01,-6.263249403303878804e-01,-5.612592402268362646e-01,-2.465950416109793153e+00,1.030797335200888565e+00,1.462078072051860023e+00,3.190262631295628815e+00,7.245388047784508956e-01,1.605216827744988528e+00,3.099255481600028173e+00,4.604162050613911816e+00,-4.429970642024416705e-02,3.117218130846726609e+00,2.604568713200615893e+00,-1.250568728165826649e+00,3.253677478301308046e+00,-4.515924187637857301e+00,2.184251535449780235e+00,1.714168587443776426e+00,1.000204691483855601e+00,-1.143742404687706715e+00,2.711654943345021440e+00,3.286097517552679204e+00,3.769287795550499975e+00,-3.788115408668252471e+00,2.967112495043044973e+00,-3.272579493629983016e+00,-2.301569667811949049e+00,2.644362226620222245e+00,-1.538125809639939057e+00,-2.352283304721245916e+00,2.328826296849623390e+00,4.482822887092182462e+00,1.280368243127625982e+00,-9.705210716436567520e-01,-1.491746516574776305e+00,-2.713848230527482919e+00,1.382872351444671244e+00,1.874017245051747826e+00,-4.924107480958547778e-01,3.145213744069193851e+00,-2.597964935575896028e+00,2.177856564519833782e+00,1.542580209237647493e+00,4.156219260053267917e+00,1.014209791330442867e+00,-4.475472293185932315e+00,-3.929923787558097459e+00,-1.646921820561573657e+00,-1.853126057500219748e+00,5.044428729196297478e-01,-1.779922528672837068e+00,2.547563164104541311e+00,2.968273299712130164e+00,-1.130259302595848059e+00,4.075052426692769014e-01,-2.123317226169610716e+00,-4.184992807178709029e+00,7.162630911817206014e-01,3.462793100057448115e+00
3.273873638539439135e+00,3.719389532607196847e-01,-1.512826860662277451e+00,1.251218305219974347e+00,-7.172393161376522386e-02,-5.534779610170067476e-01,-2.034101891971161535e+00,-1.354637900210889034e+00,1.990310700546227940e+00,2.864795010936138642e+00,2.527757240438675446e+00,-1.609595406549336527e+00,2.281009207474280043e+00,3.199704447815995945e+00,2.082792047380372047e+00,-2.626985272651495507e+00,2.347344124419697309e+00,3.749961846473756744e+00,-1.176790394677225127e+00,1.957620294856848187e+00,-2.033254629913177958e+00,4.295507887277596026e+00,1.029957165999435098e+00,2.068505533500402116e-01,1.441921844243534645e+00,3.315587921773928137e+00,-2.634106550029380323e-01,2.760936116013668951e+00,-4.154353321860978276e+00,3.543707240430367111e+00,-1.285563199929704137e+00,-2.978598946522942548e+00,3.195819468160331134e+00,-4.630713715136822728e+00,-2.413979438799640498e+00,4.146321052327902379e+00,1.393818662223302862e+00,-1.490241323472083490e-01,-2.297710596549860540e+00,-3.215320514414754971e+00,-2.548641445049178333e+00,-1.519333773743369864e-01,1.506138829381046929e+00,-6.411224068329128833e-01,1.984716570194287488e+00,-3.549458562441945908e+00,-4.721140108479855435e-01,-3.931663064436197175e-01,5.093783506990363641e+00,1.227828369347998771e+00,-4.133023877243269695e+00,-3.304850100866518758e+00,8.579568403992843262e-02,-3.622698605854574261e+00,6.013295921846997238e-01,-2.393350168627298213e+00,1.904482181362844972e+00,2.963253564740334411e+00,-6.050208788899977819e+00,7.424961660445725808e-01,5.369463395131941486e-01,-3.210748263270344793e+00,2.261332172642827487e+00,1.495769855442579788e+00
1.885481169200393436e+00,4.575359898565247718e-01,-1.458446394910409616e+00,2.825016915972847542e+00,9.736197596421629630e-01,-1.932163252383677365e-01,-9.039336656353785804e-01,-3.171625693368056886e+00,3.165406918798903124e+00,1.269499107682480199e+00,4.509514350655591031e+00,-1.354904528944331776e+00,1.764203573998681662e+00,1.768639923872167730e+00,8.349994612681177486e-02,-2.012039897482917006e+00,2.046271459694951389e+00,2.333363943213933478e+00,-6.627577054890390063e-01,2.159975677515393322e+00,-3.563562648937188548e+00,2.043610283191719112e+00,2.359272381488950909e+00,4.032976673408496637e+00,-1.208082932422110289e+00,2.624923795915528490e+00,2.282687828126145124e+00,4.674662975435063927e+00,-1.985308316171090048e+00,5.347962783876440085e+00,-1.271372311719666248e+00,-2.053205038976784635e+00,2.803753406573054274e+00,-1.148467894428811142e+00,-1.224552265402186091e+00,3.877523229892676948e+00,3.406030060616657806e+00,1.497744033715890488e+00,-5.124862485900598674e-01,-1.112951006022401712e+00,-2.676803090810174535e+00,1.018771650759052960e+00,3.584914500292244011e+00,1.896261680306437825e+00,1.935779577267960017e+00,-1.830531322783873982e+00,3.015805533841232844e+00,1.026360180448304682e+00,4.441072453731069736e+00,3.074088434812358717e-01,-1.717235686918710869e+00,-4.852719763220196825e+00,-1.223460475718160412e+00,-1.543386282794071862e+00,7.884188525193536190e-02,-1.627054394323230291e+00,2.881550876298970998e+00,1.172479744641165222e+00,1.917072851835685210e+00,-4.126120808844839338e+00,9.016337031528324220e-01,-2.763449140458710929e+00,2.456058466486528147e-01,3.247729541765515648e+00
3.723879956050206275e+00,2.654834495918736992e-01,-2.799026579975134155e+00,-2.724703941975896715e-01,1.525000164330450048e+00,-2.541658010711635995e+00,1.771025392321065040e-01,-2.399188830158849761e+00,1.372119140472096488e+00,3.577900302129034316e+00,4.739267319283394286e+00,1.584466012698285464e+00,5.904761564210376790e-01,2.023714791226524756e+00,2.811725829460850701e+00,-1.172303913486104854e+00,3.129356292220705438e+00,4.590765561828081154e+00,-2.782842154534749479e+00,9.081701786370812712e-01,-1.629724640907466604e+00,1.104864432324933254e+00,1.805764206954827866e+00,2.068333829732128759e+00,-8.979341928879760459e-01,1.625891180016561410e+00,-1.339163321018461694e-01,3.167684525328034351e+00,-2.430255704849222820e+00,3.466545298749415416e+00,-1.702653890448176943e+00,-2.236967785632057559e+00,2.219139320249096325e+00,-2.511296015823542227e+00,-7.320948031845695425e-01,1.518713527762051596e+00,1.306403794661368245e-01,1.141295450015718638e+00,-5.990491225195665459e-01,-5.263872494818282455e-01,-2.032593532732087205e+00,2.831581678636619692e+00,3.250599117832637219e+00,-1.459685273833535857e-01,-3.151391021202348819e-01,-2.436472788638992526e+00,4.361100775742977831e+00,2.304692423353802866e+00,2.883995747243139451e+00,2.862482829406367113e+00,-2.075820701842641558e+00,-3.336595854096775504e-01,-7.213523223606363999e-01,-2.399143163304286119e+00,-7.579393071628383050e-01,-4.101662299703092707e+00,1.705523104947378243e+00,1.518888314094888781e+00,-9.229589331256050633e-01,-4.239094645973340292e-02,1.074346345543419456e+00,-3.336772544961174258e+00,2.356121156247365622e+00,3.769637160899781403e-01
3.118938810270469375e+00,9.705941593378122345e-01,1.156381780473706655e+00,-1.900150212761324120e+00,1.487441371173358284e+00,-2.670620070250669942e-01,-1.570560290485417676e+00,-2.966691741841620544e+00,2.416702211473763739e+00,6.992232896447121426e-01,3.685504550017366210e+00,1.552354134060772051e+00,2.349974849502112662e+00,1.739734352901557424e+00,1.349905611431167163e+00,-4.020469510062603113e+00,7.929314778320513124e-01,4.807793048532506219e+00,-7.585233639098087899e-01,2.594429287103804604e+00,-3.868412618331173114e+00,2.767975708435223670e+00,6.774604740943437342e-01,-9.651157869253346178e-02,-4.748518941906756385e-01,1.058892635365073165e+00,3.681382381868426812e+00,1.392114123323415331e+00,-2.539130981662972797e+00,3.168460199418528855e+00,-2.736633058159558818e+00,-1.798995712291540094e+00,3.655381693489865302e-01,-1.145241342411770891e+00,-2.327968815857719420e+00,4.802970182679288769e+00,2.561541051499529154e+00,2.714949369783618671e+00,-1.407818043660658880e+00,-2.457779859702139191e+00,-2.051054784023856215e+00,3.117833545321017308e+00,3.329487275042068983e+00,-9.793056445687791101e-01,-1.911450120535727049e-01,-1.352522229100164175e+00,-1.426017511852522901e+00,1.583457972030171135e-01,2.772096614509532486e+00,3.473770471686102868e-01,-3.601252681170025838e+00,1.235071399552727378e-01,-4.886947181518041528e-01,-1.571446211409791793e+00,5.048975595519815673e-01,-4.087150289514516643e+00,4.349203069967430224e+00,1.116628594226856785e+00,-2.688846513530558369e+00,-1.586021958341709004e+00,1.873107102522826306e+00,-2.297557695036351877e+00,8.165907728068820814e-01,2.469701178790234319e+00
2.304579016537011249e+00,4.982612650565901302e-02,-2.982450194846959945e+00,-3.029734203828877703e-01,2.998150519872256226e+00,-7.438986968931378119e-01,-5.609971355737810583e-01,-1.591640585996218382e+00,4.005733285298830992e+00,4.899849074045816266e+00,2.955339837593542018e+00,2.790564583131339038e+00,1.072006295110724539e+00,3.130660436598736496e+00,1.074962140232914143e+00,-2.784988017758110335e+00,2.460474433411596884e+00,5.806483580505822140e+00,-4.635639117069616510e+00,2.619575753437295873e+00,-2.379420009236485889e+00,5.094792903207382651e+00,1.035778354807550539e-01,2.367561244174566593e+00,8.665076315985849043e-01,3.899882391349467348e+00,1.104900890246888645e+00,1.858476789866553069e+00,-2.186806891628471305e+00,4.093480998261755488e+00,-3.632567309863140803e+00,-2.699738354205066582e+00,2.001015611408837547e+00,-8.442371053150702354e-01,-1.983697332002143376e+00,2.047460517643660882e+00,1.921245176307572633e+00,2.299777439523023048e+00,-2.729492373801154947e+00,-5.136053046753059625e+00,-2.729347968447888739e+00,9.545462538303892686e-01,6.352543683914776196e+00,-1.451314868128695812e+00,-2.095167442205942088e+00,-1.421438812211096359e+00,-2.062828557245501848e-01,2.425975997852250376e+00,2.868055784539921049e+00,-6.282429071009487664e-01,-1.920915139548377670e+00,-2.499934147676457830e+00,-1.943526275056352004e+00,-2.181277626899506661e+00,-6.606329292639288031e-01,-2.669059381426701627e+00,1.377878937188016462e+00,1.628644124372305102e+00,-1.327465675496736441e+00,-3.517706515868712636e+00,2.519295661603363712e+00,7.505070825493955766e-01,2.888658141757177944e+00,3.685970329128274603e+00
3.572281164861547786e+00,9.902821112997308717e-01,-2.129575505797469681e+00,-8.281725068374670151e-01,3.585862035517081381e+00,-8.325411725388551787e-01,6.801657828215654789e-01,-2.199023017404986291e+00,2.745281809931638950e+00,3.376922449119589054e+00,4.639966359339640078e+00,1.137589620448017591e+00,1.179644242993614478e+00,1.318637081438534420e+00,1.084597083443021859e-01,-3.115670959191200406e+00,1.316346550119569692e+00,1.882489855193797190e+00,-3.011224741714424447e+00,5.376519620528323884e+00,-2.838056685814945190e+00,3.284241558957662566e+00,2.035227192747190550e+00,1.653369339712662756e+00,1.889364500707431116e+00,1.231447470408128186e+00,1.567295913902685633e+00,2.170046620967233775e+00,-1.909445333125031619e+00,5.830468851246382478e+00,-2.455655842181889703e+00,-5.000203648643386511e-01,4.342857553134950699e+00,-6.790815704827890542e-01,-3.560171325219000593e+00,3.254074773823592004e+00,2.340459332160123029e+00,6.676766215149566586e-01,-2.006120037707203263e+00,-2.268432873156676077e+00,-2.732484314486375965e+00,1.095744401419319392e+00,1.712005523868142420e+00,-2.077035581888809990e+00,-1.352011799303033390e-01,5.026917772389107864e-01,2.393720458747107926e+00,2.814444176970439582e+00,6.433350036587142107e-01,-4.879468959736332767e-01,-2.053085691561194359e+00,-3.922031185983776425e+00,-3.105704459458485722e+00,-1.527876585230786066e+00,7.791371964672262340e-01,-1.550813148869023772e+00,4.727422553522302451e+00,3.033861849714744707e+00,3.975973677200412837e-01,-4.356196002077676876e-01,-9.942375996535988136e-01,-3.438561185529882547e+00,3.904781241744559317e+00,-5.755174857905176466e-02
2.846985771020968947e+00,3.887643713814601387e-01,-3.047749046161127850e+00,-2.967493888699024307e-01,1.366731440379953977e+00,-1.707416522533827585e+00,-4.313377708227837948e-01,-2.577023584129216172e+00,1.820192437311315192e+00,1.960406434471205994e+00,3.529536959056301715e+00,2.158802139840830803e-01,1.282046196224496892e+00,1.480339593407018706e+00,2.699347416725942583e+00,-2.090463843242344133e+00,2.564373622347288162e+00,3.999459376016350376e+00,-1.356698881762966380e+00,1.311472186880554336e+00,-4.281731454955785665e+00,3.577170596709156047e+00,1.307708758032456009e+00,2.554626928645104211e+00,-2.805118270779136225e+00,1.676026538179773651e+00,1.010098494871391139e+00,5.853146604721502833e+00,-4.259402884579805537e+00,3.280102199109580230e+00,-3.479218548854676740e+00,-9.847701764211631570e-01,6.782481453022271012e-01,-3.358355096185536404e+00,-3.224119027640723001e+00,2.631647343740767031e+00,2.957445504956842441e+00,8.181229199561550480e-01,-1.617902157357416160e+00,-2.926303056270423308e+00,-3.375559931428969040e+00,2.230965186650809784e+00,4.643512672355369020e+00,-1.084160249657337038e+00,1.119644466080325751e+00,-2.429831881261553583e+00,2.494993511789586282e+00,1.697981536252540113e+00,4.925123740614708368e+00,2.050456013962512980e+00,-2.448041305496755804e+00,-3.825718599672630837e+00,-2.409198739401998690e+00,-2.500142702667087491e-01,-2.679985745884034820e+00,-4.405192752592305361e+00,2.706111416752448928e+00,3.668462681907743050e+00,-1.386783083680005024e+00,2.200869793860862345e-01,-2.268630946344212251e-01,-1.073563363574585816e+00,2.761173208589024153e+00,2.226016510014634520e+00
2.933770216927843233e+00,1.681774967103375484e-01,-2.727736257235486406e+00,-1.527479138573248907e-01,1.484804322941801535e+00,-4.666037398669903302e-01,-2.639704271368272792e-01,-2.715037566034750771e+00,3.638865005072502434e+00,5.186806581616396628e-01,3.082897537660141740e+00,2.310237259801141141e-01,2.310904547001430664e+00,1.961896184558247214e-01,2.732603680805754554e+00,-1.623859263606876713e+00,2.468534687609067468e+00,3.489943631256231082e+00,-2.736091575013491983e+00,2.484348361351463197e+00,-2.384364277513276509e+00,2.565807444211922750e+00,7.647425225290644946e-01,3.426931640960364511e+00,2.741785782947079864e-01,4.357140512024952894e-01,-3.266371674339323405e-01,2.211229128772667973e+00,-2.900182730010198995e+00,3.054246954217608057e+00,-2.583647056941288600e+00,-7.044907650276364119e-01,2.600445374783912467e+00,-2.048582053260729285e+00,-1.826575532369040911e+00,3.670166664680325486e+00,1.956311015125695940e+00,2.451514069025072295e+00,-3.013544743160142758e+00,-3.891327049551965622e+00,-2.900631535209651446e+00,1.241987599434182687e+00,2.501534026537364674e+00,-6.166657986705399441e-01,8.019332807275388886e-01,-2.302186861125587569e+00,2.639018080601629457e+00,1.557019874154691008e+00,3.004659121592398563e+00,2.508797105498926650e-01,-2.436108753970357199e+00,-3.259417012036410544e+00,-1.025719222900537186e+00,-1.000374654578932709e+00,-1.065723992860567515e+00,-2.775098126940555243e+00,1.852361072235672035e+00,1.896636024863231684e+00,-2.224442346031533235e-01,-1.719517531854029890e+00,1.947044663593210601e+00,-3.308206415057144412e+00,1.273542749408023145e+00,1.865048269987758633e+00
3.282209524377718068e+00,1.926547565886260527e+00,-6.900376063415061267e-01,1.293505631482928742e+00,3.137044986884919950e+00,-3.553648840408643927e+00,-3.715409289850350461e-01,-4.676950870987664821e+00,5.253291905175596632e+00,4.766357861882196900e+00,2.023686859384907777e+00,-5.715846842733169897e-01,2.521275578752725899e+00,1.473215906860738222e+00,1.333964454133667266e+00,-3.080168918267577549e+00,2.614485100716066324e+00,1.955216755673530482e+00,-3.236672432797464971e+00,1.364030296351081750e+00,-1.644558843978741525e+00,2.276468773738709483e+00,2.931391861210196126e+00,1.114865555200713176e+00,-4.806270993853696272e-01,1.738194081570847205e+00,1.476826027652821782e+00,2.125600113114558987e+00,-3.894598946556214969e+00,5.716964229266654485e+00,-5.412500612762087826e-01,-2.664959462506393706e+00,4.414790216931466560e+00,5.906324591925633527e-01,-2.689974769821961598e+00,4.051143464193282639e+00,1.551018536914448021e-01,4.301300614147072210e-01,-3.264793681744343479e-01,-4.407340671647466124e-01,-2.393428897979552605e+00,2.572088930353789493e+00,3.258720066015310834e+00,3.202792669153312621e-01,7.441447575217273736e-01,-1.716536748537974333e+00,-6.401179901823179641e-01,5.208555903088458727e-01,3.802197848263049629e+00,1.687241025653870574e+00,-1.630748484082755301e+00,-1.031981231038482605e+00,3.430076822842313966e-01,-1.943128122342152597e+00,-2.298528549824260914e+00,-1.718295225395519266e+00,4.004473789395019523e+00,1.209117995445470273e+00,-4.177378355812849664e-01,-5.644517531230475171e-02,1.861738974272207914e+00,-3.602536383454599367e+00,8.094386632669160475e-01,1.085546279649820756e+00
5.436743763815231389e+00,-1.403708746540068164e+00,-3.319448976251536010e+00,2.173803784438522513e+00,2.125115265574496703e+00,1.059621846986706917e-01,-5.589012781278251962e-01,-4.667087950477352365e+00,4.045688879521018855e+00,3.546808044887461264e+00,3.380453389542057874e+00,-1.250668816609020961e+00,1.304986124751285503e+00,2.261268987817702580e+00,1.484931494083054027e+00,-2.726498909994258479e+00,4.033768403935579450e+00,2.375588328656196957e+00,-2.806597809876099525e+00,2.960955025804433038e+00,-2.834596402325129549e+00,2.353702030631536601e+00,1.024849537514560760e+00,2.234239737096125111e+00,1.120127151189912240e+00,2.179723583774394235e+00,1.012708661068588478e+00,3.187638247469698705e+00,-5.668173126298419184e+00,3.979819597771016237e+00,-2.720375052938517779e+00,-1.416267007201347461e+00,2.318374801389948558e+00,-1.179701266743087062e+00,-9.364623566023038137e-01,-3.119190645863301192e-01,2.538050322997061681e+00,-2.199634718661080957e-01,-2.103170490259834935e+00,-3.010925469169360547e+00,-2.190552621570855507e+00,2.570500921768626323e+00,4.685099722321096394e+00,5.610119714722532347e-01,-1.233665863328756718e-01,-2.104578854576496294e+00,1.448226496616195291e+00,1.626165817266215008e+00,4.214605467967842856e+00,-4.798535680351758703e-01,-3.817883762601800512e+00,-3.208496483778310981e+00,-1.309552099735899144e+00,-2.404619456890590978e-01,-1.554374717416660667e+00,-2.929435610768453824e+00,3.728812666287624644e+00,1.512636397265036514e+00,2.003897521612517441e+00,-1.886578519093853101e+00,1.861054439927043669e+00,-1.740642993531164917e+00,2.484635465599675630e+00,-1.235673876467622279e+00
3.679354024832401482e+00,-4.744266216388320911e-01,-7.770332737783681720e-01,1.721675881920578188e+00,-4.020762452623438676e-02,-1.519408169549433252e+00,-1.104141724559577931e+00,-4.068936540702716265e+00,3.209438963463148831e+00,1.208211733840563129e+00,3.630325149237319415e+00,1.906778938731018114e+00,2.855319591146967539e+00,2.799459646918876832e+00,1.387270790891723671e+00,-2.960491896606092244e+00,1.455816660034978893e+00,4.913975114072787420e+00,-2.023833660091086895e+00,2.546572000708029471e+00,-1.993092500507243292e+00,3.677759550289747992e+00,1.276829455947024350e+00,9.306283774060652991e-01,2.450218374780676278e+00,1.029708148498392539e+00,1.368288630430586572e+00,4.890213605263827645e+00,-3.681225484320568064e+00,5.393855139151508382e+00,-1.755840190090761421e+00,-3.941412669564097637e+00,2.485930936934744206e+00,-6.869854652150075847e-01,-5.380145816344009901e+00,3.733090806912660931e+00,2.709641667279456989e+00,2.057646588224256945e+00,-1.602097081206121931e-01,-2.272873762500519312e+00,-4.102869442407117262e+00,4.182189109200992405e+00,4.532558063509822155e+00,-4.651220163038699007e-01,-1.196811259791794591e-01,-4.708951334978634939e+00,2.338477953825949918e+00,3.476107129046648758e+00,4.986636321863702648e+00,1.370882791088377184e+00,-4.565703120228178591e+00,-3.530295693734755158e+00,-2.979376272795568048e-01,-1.083830255916133467e+00,-1.117644758933800997e+00,-2.978004000767741744e+00,2.462712318053519756e+00,1.153108819040425281e+00,2.145541961248421670e-01,-7.877970330279452371e-01,7.718074048023584321e-01,-2.705892632241917894e+00,8.323514543098811114e-01,9.676379917326364266e-01
4.279244569700364487e+00,2.391807384100577138e+00,-3.973648782535743607e-01,1.100552902584804649e+00,1.169077188395948319e+00,-6.211394941386447766e-01,-1.484325614783295055e+00,-2.831984934682664878e+00,3.100305267887010441e+00,3.219564505432868984e+00,4.293851432574395943e+00,1.874364883849529706e-01,3.919064930783319411e+00,2.894172860772127542e+00,2.360238117097211319e+00,-3.670765544423591820e+00,3.044775660534909889e+00,3.342071877693103765e+00,-3.816837571093509851e-01,1.049093137201164039e+00,-6.232297351110598349e-01,1.590334367275031635e+00,1.150910911015493587e+00,2.618115207268645772e+00,3.764790182008538322e-01,1.418764754758529589e+00,1.956378224844504299e+00,2.260341344638053585e+00,-2.505133373426362553e+00,3.842575168348185244e+00,-1.503795753418036840e+00,-4.279937261113992975e+00,2.489112642876974757e+00,-2.031440193703210273e+00,-2.662926269653673295e+00,3.384645703068748457e+00,2.326189385796363140e+00,1.131274811248340617e+00,-1.405713312257889314e+00,-1.440685892221052589e+00,-3.667097705046871603e+00,2.153572775884012636e+00,4.638839591217173819e+00,-6.834384500775587679e-01,7.748151131390083046e-01,-5.001806207265300230e-01,1.612961036140698301e+00,1.487657146688785570e+00,5.101248012885191585e+00,2.114761607583120817e+00,6.257839112261054382e-02,-2.010897179695280812e+00,-1.565120866840624680e+00,-3.892128301210568964e-01,-1.766209416793232956e-01,-2.962970780239075452e+00,2.207922397811257209e+00,-2.629947997376276270e-01,7.240874927125044991e-01,-1.162506044864163313e+00,1.116646645139763194e+00,-3.991097622056442695e+00,2.077551496961996591e+00,-3.224438319947879883e-01
3.757950993705780895e+00,-6.754969912443919977e-01,-1.304378165907184473e+00,9.532557461905395435e-01,-7.420882488923403741e-01,-4.543201488679701194e-01,-1.233272066265826694e-01,-3.940780840620414338e+00,3.675920413876586412e+00,2.338927578696365472e+00,4.256717762487098433e+00,-5.701244835071108685e-01,2.610475991626680425e+00,4.752948426078505983e-01,2.511932037685860930e+00,-2.903526953435660918e+00,3.428145683425533718e+00,3.621499357465118862e+00,-1.466513293623488146e+00,2.658158996378157113e+00,-3.591908114437956101e+00,3.335716800053503128e-01,1.644851864995397372e+00,6.823096814252946896e-01,-2.583086649720616745e-01,1.657867321032999941e+00,3.173328416807068564e+00,2.773604824516032963e+00,-6.631317819858377760e+00,3.673634379906863590e+00,-3.614474930627697091e+00,-9.412724542692971763e-01,9.312175260450827885e-01,-2.710560789484643074e+00,-2.692660849512970245e+00,3.434114971926725435e+00,3.163083088845456192e+00,1.562189853507372383e+00,-4.034985731353346594e+00,-3.495645815218978214e+00,-3.664683530470098649e+00,2.540310641301679606e-01,4.942711042381973563e+00,-1.093761100462511127e-01,1.721585060138079770e+00,-1.754268343225930948e+00,1.841982377601984577e+00,3.077195355798730159e+00,3.621434412425301730e+00,1.008091528162613493e-03,-9.271106593555962228e-01,-2.092359144479014610e+00,-4.838019644270725728e-01,-1.428655094894887512e+00,-1.679323745071331864e+00,-1.639190794060124690e+00,1.264309916245944576e+00,-8.696949770894644161e-01,-3.023412965646848916e-01,-1.587611860658023399e+00,3.719481390345036331e+00,-9.058373037252840376e-01,1.064881661723201756e+00,2.164157305011950250e+00
4.272761340960276044e+00,8.181280494436540263e-01,-8.092175807442540947e-01,4.833118092852983771e-02,3.905697550556138653e-01,-7.483364754076080594e-01,-1.788561842887671727e+00,-3.989604453512686000e+00,3.804061902778038018e+00,1.688227892116477058e+00,4.706239395420708682e+00,1.811456153370246236e+00,4.222761391134070230e+00,1.380392012468515617e+00,1.427883447477555690e+00,-1.397808635056219106e+00,1.347294923702517799e+00,1.015699005291467172e+00,-1.558426995445892693e+00,4.073749444278219833e+00,-3.095595232696138233e+00,7.195093213199952320e-01,1.642637017678914013e+00,1.210448158707118749e+00,2.123142021713788630e+00,3.203208270705562910e+00,2.288993243393177224e+00,1.773551634453649717e+00,-3.339640334701477808e+00,5.373354766998155618e+00,-3.979406356242619403e+00,-8.391930035817174449e-01,3.504743961748230774e+00,1.194705322684189053e+00,-2.902707107817087184e+00,2.530865366359866808e+00,2.217921724542770257e+00,-5.822073545699084640e-01,-1.802544167502093675e-01,-2.466896371885773931e-02,-3.839956782925847634e+00,-2.013936370285622779e-01,5.521570275593242982e+00,-1.916576526245952761e-01,-6.901868900509295912e-01,-1.416555662937456939e+00,-2.197260339679289576e+00,1.845073889710852511e+00,3.312480479555606205e+00,-3.938552259571718173e-01,-3.244577126143720847e+00,7.642895769817568130e-01,-2.237434509659937287e+00,-1.238683031740562601e+00,-2.562861262536591411e+00,-3.570041319601751084e+00,-1.706584235587640386e-01,3.477881238154067134e+00,-2.702468891183150035e+00,-1.467269071653337642e+00,3.423610447965414583e+00,-2.934798218733687403e+00,-1.492535912790933228e+00,7.302014848689305504e-01
5.850439734776170297e+00,1.298019323257664448e+00,-5.899103947007616755e-01,-3.661417269388218543e-01,-1.308864766333628360e-01,6.538780271356463558e-01,-4.303261130240971788e-01,-1.413534626295638530e+00,6.637431761726166890e-01,1.505231380174439471e+00,2.861606168826901442e+00,1.520838427503065082e+00,4.238085471196503917e+00,1.100440489011719869e+00,7.194386939411048232e-01,-1.754343953585368876e+00,4.070520987345407349e+00,1.174303169951955272e+00,-3.765661867337616542e+00,3.961050978986373039e+00,-1.359649866887935765e+00,1.597956851839418491e+00,1.587482359058326242e+00,3.584841152607353365e+00,-4.300992856912957407e-01,4.525199878033578038e+00,2.878571853406149295e+00,3.797212478158148219e+00,-3.493823031539834645e+00,4.310697323777763046e+00,-2.041825256104735864e+00,-3.914203365746784513e+00,2.160421319069752766e+00,-1.538482037965193339e+00,-1.763161109137265647e-01,1.966693329149680425e+00,1.076400455857215777e+00,2.274230173646657693e+00,-7.512336532565094815e-01,-2.496589541724268724e+00,-1.353384837108136063e+00,2.075708513051471638e+00,6.187656570872455575e+00,4.476340455293541520e-01,1.120486188829588059e+00,-2.859174300757646670e+00,1.196688011674459817e+00,2.135068404504893103e+00,6.227478007135779592e+00,1.979358975638939810e+00,-1.360161536103955404e+00,-2.792966047150063247e+00,-1.903212284813193378e+00,-1.568963111226378881e+00,-5.698562454914001263e-01,-2.843226791850702817e+00,2.001109798598290190e+00,1.626985652166702323e+00,-1.522795696149768174e+00,-6.771701060126111837e-01,1.325813366864870613e+00,-2.134555192241711197e+00,2.215063508172388840e+00,2.530445765697376892e+00
5.107785994523677431e+00,6.860273840307230531e-01,-1.421092208759087372e+00,4.415019774488471160e-02,2.514190260980561753e+00,1.424863576032873613e+00,-1.483552698348986842e+00,-2.752010363269419280e+00,5.634753487115699677e+00,4.616997193832664159e+00,2.801334342860910098e+00,-1.150553311395646983e+00,3.765979605472226766e+00,1.589746797457507910e+00,2.308591682642771925e+00,-1.305845336280541558e+00,7.125026383217334391e-01,3.694852885939504450e+00,-2.633720529745917638e+00,1.845955165452462854e+00,-3.877416609311431728e+00,4.226261113940456227e+00,3.552056304808028031e+00,7.329566535856253395e-01,-1.596928400469476816e+00,3.906483438996921631e-01,2.522979918511849107e+00,4.047618752957814259e+00,-1.763487026736772378e+00,1.672749322513755299e+00,-1.969294511266402870e+00,-3.519068739172293014e+00,2.453687614996666877e+00,-2.209440157269336069e+00,-5.989879001587479213e-01,3.189305601760195508e+00,3.930582436866709273e+00,2.654837711938506040e+00,-1.100987063856724513e+00,-2.504527301874261536e+00,-2.672586631356515863e+00,1.553185069822380360e+00,3.094613060850500030e+00,-1.150871461455154288e+00,2.488011292210989822e+00,-1.723501886652324622e+00,1.714521075648738124e+00,3.275403543256546257e+00,4.602098169699712749e+00,1.070600602711879734e+00,3.496924441179016796e-02,-3.999731344009918921e+00,-8.891189351764036131e-01,-8.014183908797833933e-01,3.196348168387499467e-01,-1.290082051707972965e+00,1.927640690105191901e+00,2.175342480238890985e+00,-4.308008324357518459e-01,-1.463758241745315658e+00,2.581621174959033649e+00,-1.866341880134557041e+00,2.710895385164848292e+00,2.710293874949220694e+00
1.052683578228180039e+00,-1.032413535609539856e+00,-2.854840253031732278e+00,1.957209901212758618e-01,4.193066304518008325e-01,-1.806444373126899094e+00,-1.364571469374000978e+00,-3.443720246141880548e+00,3.182635617036315256e+00,2.328519102079936509e+00,3.864218120623307051e+00,2.225507511558251217e+00,3.410601638754499287e+00,-7.385477903399326749e-01,1.966525818617858246e+00,-1.489169123316969934e+00,3.188454434789397940e+00,2.288692288183553636e+00,-1.563336605851640027e+00,3.271632901124586823e+00,-1.893586553425361751e+00,3.261881661868196502e+00,3.280955552741290138e+00,2.139602292886061630e+00,-5.578280390752086149e-01,2.080315358280781624e+00,2.126479695019479088e+00,2.401999994389413029e+00,-3.360042494065849539e+00,5.984054906875827307e+00,-2.898378740812637133e+00,-3.623340686052912929e+00,2.231567006695088118e+00,-4.122233646184789713e-01,-2.682342024238483891e+00,3.042355201491520056e+00,1.649128694833143616e+00,5.664820722329440006e-01,-2.545026431529709754e+00,-3.436302474463720280e+00,-9.169377908739941851e-01,2.664376064449012205e-01,2.592650028295567566e+00,-1.084533106191246932e-01,3.280503709555595560e-01,2.247145320991261741e-01,1.379723626107668633e+00,-1.330739650218681902e-01,2.558573946555668499e+00,9.583736856889335520e-01,-2.102095545837577184e+00,-1.786774600955548520e+00,-1.600859139158024469e+00,-2.617894609133818218e+00,-1.886904207210191364e+00,-3.481520533944451046e+00,1.171815538124947320e+00,3.033655141286667245e+00,1.217545294420753432e+00,-1.066112984340114256e+00,2.543921716409685452e+00,-4.952837489986373853e+00,1.199173091332629948e+00,3.726511662484499610e-01
2.495155766536329089e+00,1.025143409088904889e+00,-7.543619139729943468e-01,8.500175901427464709e-01,2.531827629594749496e+00,-1.080740313884955395e+00,2.953056528678841275e-01,-5.927531888409989236e+00,-5.476556553933109583e-02,3.759733484718891461e+00,4.593909923944141660e+00,1.113952028914733994e+00,1.351107601058800345e+00,2.728128600497034206e+00,2.337712818116041813e+00,-2.314783670053794928e+00,3.265760312517018704e+00,3.545544860066851989e+00,-3.821792225177915281e+00,3.909589637801842876e+00,-8.486737240699857576e-01,1.122928705259044646e+00,3.125784896188666284e+00,1.922255403635499071e+00,-2.338333427141236154e+00,2.484776360490582814e+00,2.810291167778991017e-01,1.482922368698860627e+00,-3.890978087592661616e+00,2.685003360024873054e+00,2.862770459037706772e-01,-2.852421240716403794e+00,1.986872243477626476e+00,-1.363222439161991595e+00,-4.003400318092514176e+00,2.875421957561670627e+00,2.315048337406908185e+00,2.108726617953000648e+00,-5.858407710267998780e-01,-1.322770322287942779e+00,-1.028568342872949071e+00,3.889196570663139063e+00,4.415537562731342902e+00,-1.439586557780785592e+00,-4.120465899866543324e-02,-1.784322191027493343e+00,2.378799533102045061e+00,-3.685434100371889343e-01,5.036433981477341781e+00,7.145816120397040505e-01,-2.555833633651160230e+00,-2.375819828765740382e+00,2.065456797970325997e+00,-1.884064776061147750e+00,-2.768079899354908058e+00,-2.854261083259121534e+00,2.582560695283580898e+00,2.482182127268008909e+00,1.050788374661198343e+00,-1.349802349346221231e+00,1.199277104453940979e+00,-3.525596496494488363e+00,8.757620709432106798e-01,2.346281748105997877e+00
5.796959018482988668e+00,1.638054402163267254e+00,-1.206288351018778515e+00,2.401409674944907202e+00,1.159776134713219609e+00,-1.374126377783903674e+00,-2.143876777663130895e+00,-3.593083075047271979e+00,5.307460953695521511e+00,2.380468300445088836e+00,3.249407413364840735e+00,-1.207354892836585591e+00,2.294545577126700486e+00,-9.228162511795061640e-01,2.595310568972178267e+00,-3.271659240875384622e+00,1.659363013003874343e+00,3.058168043539947423e+00,-3.056760174340150904e+00,3.617639502427042686e+00,-2.302977689028120167e+00,1.556453828525453442e+00,1.821836329072553440e+00,2.405868955951625310e+00,-6.569483233588424564e-01,2.334683691851862086e+00,2.124920585506383297e+00,2.859750525108926578e+00,-3.230933280004228969e+00,4.292685736511013594e+00,-3.089110677320770826e+00,-1.345307204134388313e+00,3.261167014444403822e+00,-1.875043041868229565e+00,-2.063087129174288048e+00,1.302020921254437580e+00,3.497818735180026728e+00,-1.444307686345007724e-01,-1.679262355791260486e+00,-1.488481223311737045e+00,-2.827479549181116880e+00,2.573552657555693290e+00,4.733760307890561236e+00,-2.255745359576911468e+00,1.006858687346690040e-02,-7.943749522713988709e-01,2.298954075831951993e+00,3.914733204976526881e+00,4.960141866322448578e+00,2.660482672855941644e+00,-2.842608299212736611e+00,-2.101550927985344597e+00,-2.829113733797014252e+00,-7.617328721884151221e-01,-1.853267054501155586e+00,-1.900726425841921419e+00,4.397852213562546630e+00,3.788729020675522641e+00,-9.232279277849060328e-01,2.896273204301877957e-01,8.507195021772931964e-01,-2.758663355622329671e+00,5.755655255893625810e-01,1.027216645398622008e+00
2.285497066830155966e+00,2.489182764581939544e+00,-2.933011449188362985e-01,3.010773713547688413e+00,3.319011548909765352e+00,-1.535885758459773820e+00,-9.778031145507523059e-01,-4.133422583797829120e+00,2.153775908141464246e+00,3.516804685784895579e+00,2.238735526367463535e-01,-9.633175555904083254e-01,3.361245660211572339e+00,7.386271709899243643e-01,1.606307497706867204e+00,-3.560579031129945005e+00,2.814705939803718415e+00,3.134047927636271602e+00,-1.766077041107679158e+00,2.427768611834256518e+00,-1.530415201000464354e+00,8.370788877723036592e-01,2.311373233652607162e+00,2.126893756890423592e+00,1.573869327038521782e-01,3.334251334649517062e+00,6.505671973954916254e-01,1.349130870394883885e+00,-2.755731229800560733e+00,1.941929725185319588e+00,-4.772755004205740725e+00,-5.139057379049174479e+00,3.817344195027183140e+00,-2.087680626079301049e+00,-1.365862817760208348e-01,4.715085060908801751e+00,1.999874036551541945e+00,3.095134691253831338e-01,-3.626714904009868512e+00,-1.568728303792041867e+00,-3.018267312033636962e+00,4.679154399800464770e-01,3.902534409040246288e+00,1.225163571626548320e+00,1.910537299008177925e+00,-3.391525640045320866e-01,4.736902064540360335e-01,1.689383364674363897e+00,2.272417857425907073e+00,7.708462185633938590e-01,-1.308930072192069360e+00,-2.372506326580241964e+00,1.295915642559257286e+00,-4.892920484809495818e+00,-7.043581011984937357e-01,-4.022610007848529179e+00,1.317172887592642727e+00,2.968064532124146115e+00,1.030316192609617598e+00,-1.087540031661138107e+00,-1.227008294877926620e+00,-1.653525959194109163e+00,2.013542876669510928e+00,8.413367736617530790e-01
5.434295065056345742e+00,1.621665870066216320e+00,-1.372009035436890345e+00,-3.267655806374905048e-01,3.580950880228728206e+00,-2.108056671931619608e-01,1.248327042999724190e+00,-4.702520699193782683e+00,3.137896557935976549e+00,4.446185197891472818e+00,5.311134720419184774e+00,-5.172389839977706849e-01,4.009612541823221576e+00,-1.544966254835766772e-01,2.949978322857761182e+00,-2.114524841330952309e+00,1.881832715949187218e+00,3.759448870284796129e+00,-3.285471599591091696e+00,2.720116755303114253e+00,-1.846280112744968616e+00,6.096502611245262493e-01,2.264598511464962272e+00,3.785001347022173057e+00,9.855863427770388263e-01,1.034351170560911637e+00,-1.882737419994717776e-01,3.618141390769427979e+00,-4.885774322413002579e+00,2.546406385260767458e+00,-2.354052857673447186e+00,-1.404341498009900713e+00,2.927040429360098894e+00,-3.410866604822980541e+00,-1.049726247944234414e+00,4.372848380475653940e+00,1.944268614183906063e+00,1.930862984231244805e+00,-3.539445636389694227e-01,-2.045769665217454403e+00,-2.414529824317404039e+00,2.055557921068045246e+00,4.836812947232683513e+00,7.200135638960269979e-01,1.810669964941872490e+00,-2.202997770346653006e+00,1.848647542024843826e+00,2.063558239935890271e+00,3.957464285679614946e+00,8.170721967507150740e-01,-1.119126852741014533e+00,-2.041826536845331663e+00,6.338589092466406782e-02,3.101290018468279008e-01,-2.038032345928407985e+00,-3.404064993078488754e+00,1.309179251559688728e+00,2.258108143022065750e+00,-4.506524437316797860e-01,-2.329404159484634640e+00,3.117526350869178620e-01,-2.110448256396595390e+00,4.186579900413574862e+00,8.801013566534855448e-01
2.791493115747814002e+00,1.006008777219744132e+00,-8.611797609887887894e-01,2.778818548542733247e+00,2.745430837451749539e+00,-8.166670267799456262e-01,-4.337141682033612833e-01,-2.150305447114598589e+00,2.601982021036488124e+00,4.945277961879002149e+00,3.222767197580672871e+00,-8.853535729003363386e-01,3.463305922587408769e+00,-2.157473612721692025e-01,3.276686503825323893e+00,-1.162005438545723468e+00,1.574823842339029500e+00,2.065259673958552256e+00,-2.301573986640709002e+00,1.730277922214802366e+00,3.735506586813510665e-01,1.552460997516086127e+00,1.772365055506045950e+00,1.754605663602935461e+00,1.348929017610987824e+00,3.829721711892868363e+00,3.149101518983845160e+00,2.442927088102028410e+00,-3.521913153019411880e+00,1.550474480789883813e+00,-2.057751159892211579e+00,-5.059478025515424804e-01,1.217086556992980295e+00,-1.823038673727129577e+00,-1.770812244644055067e+00,5.320753204750102938e+00,1.351290153704866714e+00,2.884343791468158003e-01,-1.148681281326916048e+00,-4.874064201310558175e+00,-3.890580738200733357e+00,3.923114536043384781e+00,4.115261466228278486e+00,-2.142410766432333968e+00,1.087471249405547180e+00,-8.966856148287262185e-01,1.650025648759465335e+00,1.508414104364247610e+00,1.018438186304183368e+00,-4.679232699639566118e-01,-3.154106889959287674e+00,-1.578502036160953415e+00,-1.102854388266335750e+00,-1.516831333498585677e+00,-1.598666113429243918e+00,-2.963692991463362514e+00,2.058253621929194033e+00,2.309445342122838696e+00,9.099480467297791364e-01,4.698317014976842731e-01,2.790203721008426285e+00,-2.835384104656987425e+00,1.195438718565410730e+00,1.096080152666498275e+00
3.571041019998424826e+00,-9.462995380720751193e-01,-5.735997392311343868e-01,8.753046801899769802e-01,2.310866531344255126e+00,-9.603591623564742275e-01,-9.385052751843673269e-01,-2.896885153718438133e+00,5.548799691142817458e+00,2.832483364743661358e+00,4.768330309358857377e+00,-4.410576645166992549e-01,1.423660354604969092e+00,-1.066760974292094044e+00,-1.584439088530014139e+00,-2.159457426107560973e+00,1.444954871701081611e+00,1.636733821590248716e+00,-3.008544236454523180e+00,2.939829680707160886e+00,-2.810996048701639882e+00,2.541525410134397589e+00,3.161556144726005435e+00,2.843008854393385132e-01,-5.470263597619247076e-01,3.930599260066480305e+00,2.922989958887308504e+00,3.133119357986990927e+00,-3.758339866143109997e+00,3.480251555652137174e+00,-2.489869674425604362e+00,-8.936991717693993920e-01,1.069083452104930609e+00,-1.594080507371218758e+00,-2.189674089005903213e+00,1.256326441632097612e+00,-3.533657931188116663e-02,3.150153406379982979e+00,-2.843899996701895638e+00,-4.400681706367125301e+00,-2.480672993830915107e+00,5.001691560533993552e+00,2.713500916524676398e+00,2.295464635567381340e+00,1.317212438795778207e+00,-1.178605279246314419e+00,1.267270414026733683e+00,2.564539043343579294e+00,2.961426285643909750e+00,-4.494513112584030967e-01,-2.836865564341302992e+00,-2.262591774676278700e+00,-1.109449098261421573e+00,-4.020240560610192304e+00,2.220216944631369094e-01,-2.583294446490600027e+00,1.970999771793290112e+00,4.538746647132871459e+00,9.367853069539997524e-01,4.066679976687948006e-01,2.379668120036594559e+00,-2.412479461035270223e+00,2.077567442685086974e+00,1.720078930346505164e+00
3.929850102182358640e+00,-4.084112489683997538e-01,-7.709455629765519236e-01,1.252379962168592265e+00,1.748710919698968302e+00,-9.872815804245198557e-01,-1.546018511830553332e-01,-2.672435228952898090e+00,3.816097764392907266e+00,2.016868962582251790e+00,2.911260756529312932e+00,2.272210180574759653e-01,3.908987962185121567e+00,1.167042462501001188e+00,-2.400340695842761995e-01,-2.864709716855559307e+00,2.425417345632207677e+00,1.536532673917302416e+00,-2.909793969488921661e+00,3.075594988303593791e+00,-2.554443985247093707e+00,1.977754018374588529e+00,-4.940567499232617621e-01,1.417018220305637843e+00,3.142158831913886008e-01,1.908727542333425564e+00,4.592975126229903893e+00,2.847495872796252048e+00,-5.107636810793862558e+00,2.408072909064079781e+00,-3.776913471989338689e+00,-1.464369168161167467e+00,2.738808552796722751e+00,-1.849941401924634965e+00,-2.640093117330088113e+00,-2.165183495390556878e-01,1.346668960328088360e+00,-3.013682528472596545e-01,-4.278649374995390886e+00,-2.341785282434584392e+00,-3.394364845841810308e+00,3.163112156735847780e+00,3.284177256194491079e+00,3.325183903831292476e-01,-7.730450523251937156e-01,-8.226517527125897233e-01,1.024028671121365974e+00,3.564620426008795917e+00,4.750787273354575291e+00,7.669705110379012591e-01,-2.613293922501860767e+00,-3.235304066682863411e+00,-7.215406454452399920e-03,-1.380420359469904490e+00,8.687520861383100090e-01,-3.044742143139448132e+00,3.802314449463904289e+00,1.991907513657718232e+00,6.735958409866595886e-01,-1.404975689547898199e-01,4.582904806448548918e+00,-2.389121453197982525e+00,1.147455693917817321e+00,3.695803313148804392e-01
4.773884303774554638e+00,7.832437420375039094e-01,-1.738873381777623850e+00,-2.103001626025737814e-01,-6.779763213356422291e-01,-9.494795614665909600e-01,5.881036259197701677e-01,-4.071166988482533000e+00,4.648725124693063648e+00,3.746424776608907159e+00,4.919208140425760156e+00,-1.020837177955799646e+00,3.504887760480716707e+00,2.501968990713873353e+00,1.653068892654695476e+00,-8.667738709890819848e-01,1.300046767670092640e+00,2.608668152403128992e+00,-1.545300374626919160e+00,2.611316454444094770e+00,2.958188058404513932e-01,8.204051488228205624e-01,4.095900302330004905e+00,9.855487882092939245e-01,5.623788136182187314e-01,2.761826663643580648e+00,2.721335541724827500e+00,2.557780189606504440e+00,-3.175454433492661988e+00,3.155056740231030332e+00,-3.496634519669663099e+00,-1.729469095747458107e+00,2.432215548156650975e+00,9.118386478762841030e-02,-1.819972915923133483e+00,3.890891002543353849e+00,-6.655532624924771490e-01,2.738238016297387389e+00,1.071980525044845756e+00,-3.553693715266393660e+00,-1.459204564453171038e+00,1.573123875489967682e+00,3.068521379932793280e+00,5.207693806248815394e-01,-1.903020172335510019e-01,-2.406287601836240686e+00,1.900989390127204137e+00,2.539123490965577101e+00,3.790940621324496718e+00,-7.346381016138863185e-01,-1.811100347811212430e+00,-8.855991908841915894e-01,-1.367037374198271760e+00,-1.367558491339185167e+00,-3.292270110637518954e+00,-1.308411187083402760e+00,2.111260534253507348e+00,2.903742947891303494e+00,-1.632214851310752612e+00,-8.427071187168302391e-01,8.249251402038993985e-01,-3.174190875550658486e+00,1.642273709744657140e+00,1.420271901386847668e+00
3.908282831790287570e+00,-1.368782360100457840e+00,8.207057107304271959e-02,2.519693211865786653e-01,2.355325900864045252e+00,-2.535002392237294622e+00,1.292775869395255128e-01,-2.196910667080170132e+00,3.881378254188090793e+00,3.474871671282441454e+00,3.007535340487968778e+00,5.234212602701209249e-01,1.888176870295767751e+00,2.539034347464968810e+00,2.770952767233018754e+00,-4.502421715533483138e+00,1.706454700106879052e+00,4.207210420201421996e+00,-6.742320361068632195e-01,4.333846181190328828e+00,-3.489399943619879263e+00,2.639991276181657298e+00,1.832189211285827568e+00,5.219075527276761939e-02,-1.469147819667677268e+00,3.186054792152435144e+00,1.987254683825983470e+00,2.886322205228687654e+00,-4.274785626885490686e+00,2.874132074210327126e+00,-1.586359153108161779e+00,-1.397560636249080890e+00,2.814231248031012100e+00,3.581803989124590082e-01,-4.015791291455843570e+00,5.041658403914269115e+00,8.181381224242543215e-01,2.946293263266741569e+00,-2.398791535904110095e-01,-3.253329028964243808e+00,-4.338034530428634739e+00,1.855397771201333423e+00,1.916904909909041166e+00,-1.538469936913859026e+00,-5.721816204523648697e-01,-1.282746136020434857e+00,3.138924411296671213e+00,4.648760415162765725e+00,2.535557830941686852e+00,-1.758337677586906178e+00,-1.240996178270940886e+00,-2.537797326817193166e+00,-1.689754690549027938e+00,-2.715053178132473821e+00,-1.295952360341695364e+00,-1.252649315594198676e+00,3.099998699028946980e+00,-1.188658005698906450e+00,-9.358297358814716693e-01,-8.922634800001363331e-01,2.207486527080566141e+00,-5.515032413706563830e+00,1.636728170801825533e+00,3.119003810134132415e+00
3.441165903678514937e+00,2.659702743220777599e+00,-9.532328445390447769e-02,1.193332206166803466e+00,2.908341821118320070e+00,-1.925381934706837939e+00,8.570528941414130575e-01,-6.430132902580405485e-01,4.717023635397613823e+00,1.698091091796198437e+00,5.971015272529216489e+00,1.536774211337856411e+00,4.966156667825408988e+00,2.837650932595433773e+00,1.026043702664645396e+00,-4.241770770886827968e+00,1.567929383754938844e+00,3.136686590242263595e+00,-2.248053304143968756e-01,3.047329395863768831e+00,-2.249859997506711728e+00,1.412866239260399448e+00,3.079588487339721681e+00,2.847567300229025378e+00,1.604559976070616401e-01,2.950735406161887564e+00,2.335116372441417454e+00,3.394677012366001279e+00,-5.316912437532326230e+00,1.784465919622461483e+00,-4.398311168657462744e+00,-2.265131710381635965e+00,3.111330219685024989e+00,-1.227228726736405484e+00,-1.736387938798268138e+00,3.090405336909000766e+00,1.126592303583748844e+00,3.891113272209740792e-01,-2.898240454519246612e+00,-2.779728583470093550e+00,-4.341871931582466537e+00,3.765583731501143117e-01,2.014076434064189236e+00,-5.537550988701200883e-01,-1.584977299579505061e+00,-1.844886401966284062e+00,2.690807911727731927e+00,2.719400329875491185e+00,2.687521381646302832e+00,3.124683477645709972e-01,-3.256666719991472725e+00,-1.602732671720925595e+00,8.325579085941436919e-02,-2.785783582692469285e+00,-3.926666145051140866e-01,-3.899338442755870382e+00,3.623118942627934658e+00,4.248004620270342535e-01,-3.350901228010078059e-01,-3.176178466749041363e+00,1.528873294815340955e+00,-1.702362597400460587e+00,6.985482212995585138e-01,1.243617207929565094e+00
2.448723615276419352e+00,-1.221791767508951132e+00,-9.102537710232708745e-01,8.948439262751093359e-01,7.755174088972215385e-01,4.183560653815368013e-01,2.712440203118191562e+00,-5.188229717349060799e+00,3.882235890871448714e+00,3.336325306108462563e+00,3.514209865632154539e+00,1.108036714589513583e+00,1.419355589062962997e+00,-2.141349989958181155e+00,4.914701599934037102e-01,-1.241833973634259847e+00,1.436594879057993435e+00,2.944926076451999108e+00,-3.368980069030081292e+00,2.831189664936488715e+00,-2.327076672063580709e+00,1.624831278032981885e+00,1.627074393836623445e+00,1.375483702410813081e+00,1.961194941519330270e-01,3.576230139002575470e+00,1.920117253481295583e+00,1.816956132066127605e+00,-3.515047768768123859e+00,1.790592742268745763e+00,-4.099086410077586784e+00,-1.452474687922932439e+00,1.946546484102745334e+00,-3.598970322877793393e+00,-2.093035953395342652e+00,3.925344619552914249e+00,6.064311115590788059e-01,4.250180138960152121e+00,-2.784335112458340422e+00,-1.550632810725935506e+00,-1.744111286955491114e+00,1.220127156839354576e+00,3.993624606512586439e+00,2.303238415667246741e+00,1.610395442354140672e+00,-2.243369124975832740e+00,1.577807010401566679e+00,2.751722758513155398e-01,2.096868874624497003e+00,2.524892537714517049e-01,-1.473354231138771286e+00,-3.139065224346699878e+00,-1.310253641425342508e+00,-9.979999396991204863e-01,7.807632005588320823e-01,-2.280968787765069727e+00,1.810046481665265716e+00,2.500430662669228088e+00,8.484228451803679238e-01,-2.527374983805593001e+00,8.845272808158617384e-01,-2.517694978724244415e+00,-3.792010682541757660e-02,1.524876522260357081e+00
3.521012644443469952e+00,1.093180897711526767e-01,-3.947252207311429117e-01,-1.760761048564565279e-01,1.277746643915867786e+00,1.509820598962425819e-01,-4.712789690867279502e-01,-3.589129494345246307e+00,3.630105524175033960e+00,3.625138750769559604e+00,4.182255953039709873e+00,-3.914161657105892367e-01,1.865969904680236047e+00,2.128107616089744081e+00,2.069906094315331124e+00,-2.350818729512844207e+00,3.966036783552412626e+00,2.265510299057059918e+00,-1.843476206494874425e+00,5.362975715765880835e+00,-3.300599076654627151e+00,2.070682542885165844e+00,2.311480435439862369e+00,2.017401326933568662e+00,5.242349085144399901e-01,-7.522347458058780134e-01,2.339266866116803900e+00,3.552427644747019109e+00,-2.965100535342707122e+00,4.488308107385346801e+00,-2.562411990408102191e+00,-2.238930704549861872e+00,3.036695475445306158e+00,-3.090552787072575747e+00,-1.782860298475114735e+00,3.401036765357012825e-02,2.065528387539092847e+00,3.229138371792940720e+00,-2.381822871813229270e+00,-4.184433767595644227e+00,-3.784840039774084008e+00,4.073694665263216663e+00,5.421063077581179890e+00,1.004470530074775825e+00,1.391170682498394040e+00,-3.335261452690428285e+00,-1.555106619306970028e+00,2.299860073812321826e+00,2.179815955501372748e+00,8.761185545304625011e-01,-2.707381747196664801e+00,-1.732390945303319718e+00,-1.055178081842742976e+00,-2.026821440038203637e+00,-1.049806653933077483e+00,-3.558541555801392864e+00,3.241190557497568125e+00,5.586168724639166694e-01,5.522261409179465286e-01,-1.177475553211391857e+00,-3.361016590900716139e-01,-3.120168102332851134e+00,4.786182267489802467e-01,-7.098885900838998175e-01
2.719399968533953604e+00,1.262694354616386461e+00,-2.815485946065022560e+00,-1.462438892845884020e+00,5.195979147480675131e+00,-6.695460267135666665e-01,-1.510537437569843711e+00,-1.672445463714305580e+00,2.175242895426594991e+00,3.039488993833962205e+00,4.663604416172350220e+00,-1.361267752028107125e+00,3.836800625645854890e+00,2.121556782412251430e+00,2.623304775802868694e+00,-9.082776358511530646e-01,3.156833254742837269e+00,2.312408693634902423e+00,-1.069026853562731194e+00,3.915236398744951440e+00,-4.179023140362164490e+00,1.345847171277723131e+00,2.041657251392001715e+00,1.003910500221576241e+00,-3.295830133480563084e+00,1.263287074103105923e+00,2.585167416124401818e+00,4.497656686907317791e+00,-2.321076555102279393e+00,1.893381390512114182e+00,-2.378194243980442657e+00,-2.018585640462998931e+00,2.242506102562884518e+00,-4.137688933035597927e+00,-2.598199884627494072e+00,4.558506115628111921e+00,3.070459397539845536e+00,-1.018218733331388126e+00,-1.490258348474974515e+00,-4.909220430686849213e+00,-4.967047346655637519e+00,2.637863258110222375e-01,3.913622755756838600e+00,-1.114645261432859691e+00,1.032251772431030723e+00,-2.510745805427111232e+00,1.654911837480413261e+00,3.278379116550073746e+00,3.328926344990559283e+00,8.841234958902066676e-01,-1.405820981211335141e+00,-3.708165558268567086e+00,-1.108797220381493087e+00,-1.505722067286001442e+00,-3.365497843733189498e-02,-2.942619332717262282e+00,1.886473374750058607e+00,4.746952455632380552e-01,2.325050778491772885e+00,-8.434972447641766458e-01,1.706712287256349825e+00,-2.252600600829854471e+00,-1.178152027983529138e+00,2.303272004614195012e+00
4.318438698538780152e+00,1.090503395324980751e+00,1.859987627873325167e+00,8.336631486021345294e-01,9.300497242179917023e-02,5.297999542323139632e-01,-1.500302389618662025e+00,-4.312687924536957595e+00,2.225582298826667582e+00,1.523276168589194013e+00,3.900492941294637195e+00,1.821188653881764097e+00,1.631779926874730613e+00,-2.654172392715736795e-01,2.322495688814298909e+00,-2.335323707234939761e-01,3.002168490027780301e+00,9.820251122427559043e-01,-1.056680377911435320e+00,3.175098687475571779e+00,-2.146303761113991015e+00,5.060562167409987211e+00,1.821801301230292491e+00,9.953660959158512345e-01,-2.680043763914681243e+00,1.795315345269441698e+00,6.882782418693658144e-01,1.907984524933000081e+00,-3.473835728183368943e+00,4.764109463442285808e+00,-1.372529595215739251e+00,-2.959814864791771249e+00,9.738293953837036110e-01,-3.036193776720752524e+00,-2.707324077075324631e+00,4.288082902685390607e+00,1.157495632398996221e+00,1.414945390227706046e+00,-2.190310416208824051e+00,-3.130277652145684097e+00,-2.406634705751961256e+00,7.525247788579354502e-01,7.888418539365824600e-01,-4.207363685497983452e-01,7.350289040712945088e-01,-7.855813528760998699e-01,2.105175262287976246e+00,3.707577902116339086e-01,3.739422148030520532e+00,2.303162369047381919e+00,-3.203581768229186721e+00,-1.431106524351719367e+00,-8.599691330763319375e-01,-3.735627967933582205e+00,8.364551713882757422e-01,-1.503518177677110934e+00,3.586363331592111958e+00,1.809144312248439856e+00,1.687855972704972007e+00,-1.066729143884022291e+00,1.033615632867643130e+00,-1.546819744013085973e-01,2.120221670367681277e+00,2.745089596205285698e-01
4.839925769114440612e+00,-1.006490813058139033e-02,-3.041066978474171734e+00,1.853466504313279861e+00,1.341064656898604435e+00,2.673671509889994358e-01,7.213612740132901990e-01,-2.417181526323810559e+00,3.029086499500662999e+00,4.038446127526178486e+00,4.266230025791780456e+00,3.164602828571745352e-01,2.857668302294934737e+00,1.914259786696090870e+00,2.265123446094486237e+00,-1.914766084183837869e+00,1.658869511783543249e+00,2.819432083965592195e+00,-1.971081911167995582e+00,3.815281299322843100e+00,-2.496679460122619432e+00,3.526546044649634837e+00,9.714335270433053227e-01,4.617121095261841113e+00,-1.158692551998283138e+00,1.556366107391812914e+00,8.949162384431108563e-02,2.874538328064984327e+00,-2.556658637766845654e+00,3.407279886547699643e+00,-7.892865613939052949e-01,-2.200307354211333610e+00,1.423011537683482652e+00,-3.810955824478551079e+00,-1.739469930855297664e+00,5.248018266955915223e+00,1.358282398912991074e+00,3.641434369209337607e+00,-1.157543305375724252e+00,-2.855985468503957403e+00,-1.226307096007121178e+00,1.758622657629338670e+00,4.173371286908445832e+00,-2.148958424908514964e+00,1.793626883138325745e+00,-9.170180701673866785e-01,2.077450163980119946e+00,1.996919943625851124e+00,6.122412289992102075e+00,1.152996771402345466e+00,-5.511507354076810028e-01,-2.716546471166103593e+00,-7.922235162849335932e-01,-3.203958163541611448e-01,-7.178110359217771963e-01,-2.607094171868106880e+00,3.271984127520674690e+00,2.007793641367273452e+00,1.838699156811350877e-01,-8.125964491972376136e-01,7.099610733438593835e-01,-1.865223505258036596e+00,2.106688045612856275e+00,1.517492853638031436e+00
2.998264032846034155e+00,2.062136099629157671e-01,1.704431007112134910e-01,-1.280755508690166522e+00,-2.810606827239507943e-01,3.321116336143081771e-01,6.197991379318342764e-01,-1.015471919437921589e+00,7.015544949158832644e+00,2.647344697696346394e+00,3.775350694693809572e+00,-1.393479911935325832e-01,8.002298932171267865e-01,-1.091305067588471900e+00,3.419978695765229837e+00,-1.833898294094275849e+00,8.625315879945922859e-01,2.750990312871550714e+00,-8.019921535012914937e-01,2.028859923571809887e+00,-3.083452626919793715e+00,2.560868553960947480e+00,1.869512357351384990e+00,2.251948203529835713e+00,-1.064924187984611859e+00,2.299107594582769920e-01,2.618112813774214676e+00,4.617708368765967464e+00,-1.453558006919468015e+00,3.565556040305382535e+00,-3.202314760253155423e+00,-2.378778895170205132e+00,2.242273225856713292e+00,-2.254177405378475552e+00,3.836767991740177575e-01,4.804135718507762220e+00,2.107190478557267266e+00,-4.798768754597384500e-01,-1.817994962010295756e+00,-3.749210675415024507e+00,-3.548138633555740107e+00,-6.660613341849535018e-01,1.187930899929108719e+00,1.950842831023025692e+00,9.206639027632563810e-01,-4.713693712532615265e+00,1.860320717842094629e+00,1.505418642173472987e+00,2.881965957760265873e+00,-5.036679203398268800e-01,-2.090906858032245186e+00,-2.913104914019406078e+00,-2.745395867063003426e+00,-1.202769916310856502e+00,-4.035866633027918038e-01,-2.156859649529537126e+00,3.160894375849072180e+00,-1.194193753120071921e+00,-1.958811116162723076e+00,-1.098025448386933389e+00,1.532423327263842783e+00,-1.710177936626562367e+00,2.022236400354902486e+00,3.186912033505334918e+00
2.794187916451780218e+00,1.914709889604273352e+00,-2.389123157675149045e+00,1.321222144741857507e+00,1.272688612956726972e+00,-6.316639581608756160e-01,-3.596975524048898198e-01,-4.123453121179622372e+00,3.368006860445160733e+00,1.321881454978075077e+00,2.155318767021064730e+00,1.606581426959191594e-01,1.267709728012905046e+00,-1.720833007427136074e-01,1.219424521094507163e+00,-2.273401320814389948e+00,1.756320029206924094e+00,2.896930051910256765e+00,-1.454009540751493024e+00,2.066098108306748671e+00,-3.207115200332145033e+00,1.990527856970721654e+00,2.332450749282160896e+00,1.347089985269316337e+00,-1.415743982402366541e+00,1.536687967788183951e-01,1.963847648762658160e+00,5.384768275877451771e-01,-4.548557044820833895e+00,2.701307925617705497e+00,-3.050721662925269584e+00,-4.545638748765630233e+00,7.016677403009907721e-02,-1.609110131820894685e+00,-1.096581527605161810e+00,5.444522026710695073e+00,2.212958118224059856e+00,2.160658727251597355e+00,-3.217663629638380929e-01,-3.297402293924591721e+00,1.297854760085321857e-01,1.865586206051615070e+00,2.182309749255848086e+00,-6.511485331855193515e-01,-6.769946403280917568e-01,-9.768803281642499670e-01,2.790816877241051763e+00,1.323205031457063807e+00,4.123705227238348314e+00,1.922022755898959767e+00,-1.577490094380182617e+00,-3.396946340584644286e+00,-6.470237769610212020e-01,-1.837200217216878206e+00,6.761417356463770290e-01,-7.273611873844432196e-01,1.779909360492683890e+00,6.088475929314283164e-01,3.397903399913589917e-01,-1.108068444150796861e+00,2.969792423358785349e+00,-3.122266492307198327e+00,2.857167641384110723e+00,2.027371249930028707e+00
2.215629644327935743e+00,8.267216139470113800e-01,-5.041229942943821207e-01,6.676554605388960173e-01,-2.584813381769011542e+00,-1.254974277948438521e+00,2.822861137188442671e-01,-3.601494015682791261e+00,3.497587819687289379e+00,8.480204061777931734e-01,4.981361957835579446e+00,-1.022334037122887285e-01,2.575265384048427197e+00,2.425363370781484562e+00,2.222922297499864364e+00,-3.693081305181619367e+00,2.536689877215691613e+00,1.019515912049866913e+00,-1.692531575462606019e+00,3.161212356384033306e+00,-4.087845245343135758e-02,1.435163107180761788e+00,1.151766990764695020e+00,2.572334342414866803e+00,-1.638893717799611571e-01,1.944847953298690868e+00,2.794075799600465704e+00,3.137512386060205216e+00,-4.229269643631308639e+00,4.826005817947455867e+00,-2.220861872839474671e+00,-3.439502073703382123e+00,2.214182047422955879e+00,-2.154067699172162786e+00,-7.356325362639748455e-01,1.532121631489978153e+00,2.236545988696872378e+00,3.209510816076553752e+00,2.070780586643319321e-01,-3.399384737165242143e+00,-4.242901907068159062e+00,1.101965433093146540e+00,4.575961803190843113e+00,-3.396014118839737472e-01,-1.889901761878871600e-01,-2.036644686857557396e+00,1.504753365845920676e+00,1.234418444703260676e+00,3.754152926790593092e+00,-4.133618912374927845e-01,-2.112678322478068971e+00,-1.239993767712584516e+00,-7.061682500925712258e-01,-2.206218435586515092e+00,9.680184650810264024e-02,-3.426841382723830431e+00,2.099147670452201186e+00,-4.466721481600854915e-01,-6.512203072237702228e-01,4.369319094931514158e-01,1.780550481456461220e+00,-2.243616396707433847e+00,1.901756529098321158e+00,7.121795918337642251e-01
2.456144931628712946e+00,2.251133580381015520e+00,8.928862601461124981e-01,-1.679673425526635011e+00,1.355556780063251976e+00,-3.078234407711301301e+00,-6.842198964641814651e-01,-1.604385287332745547e+00,3.562792019594624104e+00,2.598338289114845878e+00,2.445376748052557669e+00,3.234331726745847679e-01,1.782708457238862509e+00,1.120451641134620369e+00,1.878721015303726816e+00,-4.116184502092733233e+00,1.874230796891141360e+00,2.513048835792252245e+00,3.107471677204447502e-01,1.781542223382805101e+00,-1.512046452391591078e+00,-4.977251788862746551e-02,2.105858579517877693e+00,3.391485118193544146e+00,-1.455169759995010414e+00,6.428541014527837660e-01,5.549599298934973390e+00,1.038331205984126315e+00,-3.214482912909837342e+00,3.419605233909234432e+00,-3.187912931886846657e+00,-1.962738624307390323e+00,2.503292695342199004e+00,-2.914887805040629054e+00,-7.913054354107786903e-01,3.255773538594616046e+00,2.061817427271497749e+00,3.139803562098935963e+00,2.980632956825128854e-01,-3.651445989996266128e+00,-7.109831058264526327e+00,1.457269512365369835e+00,2.301525213805699632e+00,-1.301474841083712253e+00,3.730842319808866492e+00,-3.251832539155285140e+00,2.757112742165984898e+00,1.674272323774270044e+00,4.101482462408847951e+00,7.752939361328120560e-01,-1.689287796827692034e+00,-2.018851529863360028e+00,1.452544957907397905e+00,-3.765784028349838941e-01,1.524028088855320373e+00,-2.668113930304850889e+00,3.834133984673651518e+00,1.695755015589825332e+00,-5.395397413039102474e-01,-3.266836959250046135e+00,2.052185535471040545e+00,-3.506056200549838131e+00,7.948124938207775658e-01,1.576344297342447520e+00
4.845118544222889234e+00,-4.420752358942466875e-01,-9.065152867883921051e-01,-8.852697151751827143e-01,2.715227000272664171e+00,-1.326093472291156150e+00,-1.575428720458874832e+00,-5.267379866743833183e-01,2.348328645204501797e+00,1.253700365042676346e+00,3.907137820163770314e+00,6.897910290260937938e-01,5.750224265172421134e-01,3.570922197406316556e-01,1.084977004053747418e+00,-1.387725230608405358e+00,5.834927308815491820e-01,2.955807880482406169e+00,-1.336215669296505926e+00,5.210272697482835724e+00,-2.342078144553373598e+00,3.145092511352210352e+00,3.519268513089360173e+00,6.036666344922281269e-03,-1.363821310931381037e+00,1.963423304205085262e-01,3.219713006833607949e+00,3.955212730327661408e+00,-2.405419406154480022e+00,3.132438077961122502e+00,-4.635265824439541049e+00,-2.754951945119137768e+00,-6.759030479872452091e-01,-3.447753620448551271e+00,-2.672426430480043802e-01,2.695833826116053267e+00,1.472312851907404019e+00,2.848293697210477760e+00,3.532304735911246940e-01,-3.439416502992283409e+00,-2.168465367182494941e+00,1.513977738641730131e+00,4.082265980200483924e+00,-4.805499792507041956e-01,1.074351371097782559e+00,6.734337965675762927e-01,1.514455240388084212e+00,2.228270395313042052e+00,2.615271668252718396e+00,-1.077748606596874437e+00,-1.792759005473134160e+00,-3.741016658962097896e+00,-1.181319635691216785e+00,-2.419743747354656804e+00,-7.885546296364875918e-02,-5.973820562049828808e+00,2.319870167445905906e+00,1.242258835059557365e+00,2.010327852655399372e+00,-9.335494659780353421e-01,1.242702688064044603e+00,-3.258421974865445048e+00,1.913201060369954298e+00,-2.457069053709837192e-02
2.376683787569245254e+00,-2.056296495807894420e+00,5.196959988955225374e-01,3.442479652315137084e+00,1.752558325402365780e+00,-8.686908032617737252e-01,-3.574442655223327159e-01,-3.018693798608363288e+00,2.882081044316458396e+00,4.531965912866024127e+00,3.762783431256010669e+00,8.717370518709833815e-01,3.146119778099342845e+00,3.078722506532983072e+00,8.141808542419568528e-01,-4.127993573684737072e+00,1.621075090493889981e+00,4.481680491458464033e+00,-3.323383752580465256e+00,3.450594199654608563e+00,-1.659102652407283607e+00,3.041182109603863815e+00,3.361568212371191855e+00,9.349388187493328228e-01,1.119226344945332352e+00,9.847516903345310268e-01,4.011689866008465444e+00,2.144840220432564504e+00,-3.290212073388682157e+00,4.387687574295343396e+00,-2.656000639447309908e+00,-4.539574694289675527e+00,1.055257777702059752e+00,-3.272734500656400591e+00,-8.803018494468122235e-01,9.473914282483306692e-01,-5.323411763847518685e-02,-2.179658227036274099e-02,-1.337674021188006712e-01,-4.419079102041545859e+00,-3.815167211102650224e+00,2.321465233549103058e+00,3.000708477560071419e+00,1.571097319647553059e-01,1.035079825386603369e-01,-2.589350016074973837e+00,2.779226593328205652e-01,1.105864488259137079e+00,2.006320969316871317e+00,5.503379390290381590e-01,-2.762518250250576290e+00,-3.612276032187066832e+00,-1.898603366851634222e+00,-2.061323016986727374e+00,8.935056563665717544e-01,-2.773753322625569062e+00,4.182748583462837288e+00,1.617697974651370885e-01,4.540901675126586268e-01,-1.226517764692969248e-01,-1.252161781956511177e+00,-2.752160098805132460e+00,1.980100251418942969e+00,1.246232109767765550e+00
3.521342941304627328e+00,-2.555718651155379773e-01,-2.493317808351958043e-02,1.974977708834221968e+00,1.934037442486818748e+00,-7.950047143466318911e-01,2.206582133254920919e+00,-5.255427140942630970e+00,2.037713218716262986e+00,2.942732117854895968e+00,2.438667799899520983e+00,6.639619895796030624e-01,2.839699158511101551e+00,2.196183838308687353e+00,7.773563746078056003e-01,-2.881709785836715554e+00,2.033281510715621021e+00,4.476088076350356104e+00,-3.094875678203294456e+00,2.168380695781443546e+00,-3.835733335925158194e+00,-1.086786435535866957e+00,1.515712897133388193e+00,1.169349302797251244e+00,-2.384569948007546181e+00,1.999431590241725454e+00,1.678673847487559989e+00,4.098133118217289095e+00,-5.684359381121599775e+00,5.272362093472173328e+00,-1.986739517739145811e+00,-2.368297202790704770e+00,2.376852670954436419e+00,1.271961873466613824e+00,-1.821141030440395436e+00,4.157174302037487834e+00,3.064842371808231825e+00,3.294296529521119066e-01,-2.265587329265091210e+00,-1.500355913379185946e+00,-2.184437307910252368e+00,1.267045440128970135e+00,3.316408050313485845e+00,1.556299530567918810e+00,3.461328037837400728e+00,-7.284076721101621077e-01,-6.564158085450761959e-01,2.819695606049014813e+00,2.347477115184610330e+00,1.033460525130891705e+00,-1.413961729280990953e+00,-2.505680136695003668e+00,-1.067705524107882553e+00,-3.865329477808840508e+00,-1.431254173529827423e+00,-2.900315252093068175e+00,4.859379748400900034e+00,6.701922165042850654e-01,-2.377821688553938273e+00,-1.391828153650084499e+00,-3.582494466474799300e-01,-3.238805722759831252e+00,1.864229984355446401e+00,2.497648268356892132e+00
5.144854539645387526e+00,1.172843164721594889e+00,-3.445365673923980854e+00,-1.250337924496540243e+00,2.127310870563979606e+00,-6.441664542510602276e-01,3.201243322257542046e-01,-2.603589642503274515e+00,3.784125687417846162e+00,1.921198710019784928e+00,3.423880550277877965e+00,1.589516818204755877e+00,3.219988884325835965e+00,2.405457625942763134e+00,1.884222204177779858e+00,-2.858040593855944778e+00,4.269648089789018108e+00,8.630240669565383271e-01,-3.007267650569724449e+00,2.032223538647346395e+00,-3.588797574189127371e+00,1.784161135833790546e+00,2.203414619969690236e+00,3.943587591019270810e+00,-1.272330567695314496e+00,6.401225325619428475e-01,2.959034776949314161e+00,5.135360098272137463e+00,-3.549879695730369544e+00,2.904732184254376737e+00,-5.409649460716728697e+00,-2.586540614450638653e-01,-3.075535672010798471e-01,-1.026278354839454288e+00,-1.131261694043398158e+00,2.570126588476304708e+00,1.182469212743542997e+00,-1.177563606751590441e-01,-8.428468743793977591e-01,-2.452491836988639484e+00,-3.912480408619521732e+00,3.198144239450817494e+00,1.848026687603474771e+00,2.765462322270578754e-01,1.194252358085807986e+00,-9.870934068482523083e-01,3.592543308140461633e+00,4.650009981627949429e-01,2.591894254277763210e+00,6.092601989928759787e-01,-3.484919983936842769e+00,-4.159269284497131736e+00,-1.114062265357171455e+00,-1.430993815338123643e+00,1.975392646143020459e-01,-3.780965963551650155e+00,2.352945716643928264e-01,-2.550353719628710714e-01,-1.018358458884340401e+00,-1.213605828028922362e+00,6.918958903115387526e-01,-4.142825814553386721e+00,2.192499529535111069e+00,2.200141115848321949e-01
3.800359188026048773e+00,6.481917288152829748e-01,-1.708461530924695992e+00,1.450273837271983890e+00,1.837283571793355996e+00,-5.346529921716349776e+00,-1.026476981436505564e+00,-5.026243175974874688e+00,2.046102640383670845e+00,3.398931744166134639e+00,3.919250812714970333e+00,1.353726939258325102e+00,3.037837330644242329e+00,-1.884415323943504639e-01,1.584004678025599411e+00,-3.616056411042166019e+00,2.050305788611157087e+00,3.498508318919424376e+00,-3.248253694556398230e+00,3.095349970148415064e+00,-3.325228602609648920e+00,1.499671537243438602e+00,1.622753838338330867e+00,2.921169070501204779e+00,-1.813921583325791842e-01,1.396979155787298144e+00,6.720265194454904112e-01,1.667452177956763260e+00,-2.871337207313642725e+00,4.956142764689246860e+00,-3.979337411636961974e+00,-2.157081063192200610e+00,1.771840502262433503e+00,6.553951688896657579e-01,-1.974119480726233888e+00,2.609447925462892393e+00,9.304977679410627589e-01,1.383944052923001822e+00,-5.975021792036531165e-01,-4.375133617825218479e+00,-1.209815742750520950e+00,2.611671371410007048e+00,3.148729272187091421e+00,2.131526119688885501e+00,2.747755390081158655e+00,-3.585424697904965541e+00,7.558254045755681272e-01,-3.843311169574570307e-01,2.494293033372334989e+00,4.124720028420753026e-01,-3.545892092173301702e+00,-2.994486710488586390e+00,-7.107092661228071595e-01,-1.486598619155700796e+00,-1.709344445067737084e+00,-6.309442318931725247e+00,2.652614108988867958e+00,1.115234167604109095e+00,1.634471090656032244e-01,1.984298607973162376e+00,2.617223352025874306e+00,-3.496936257656767744e+00,4.014936985027238059e+00,1.559453859730904446e+00
6.535187800985806206e+00,1.140292914543359126e+00,-6.686174836620248918e-01,-1.555210313501838471e+00,2.314368326490396921e-01,-1.065952465613613231e-01,6.071778187411381866e-01,-3.740454240129368557e+00,3.598787034171393451e+00,1.610521781147743914e+00,2.637330646384642652e+00,7.224716564758416615e-01,1.586795045715560404e+00,5.946637640751016862e-01,-4.372081694289060572e-01,-2.503704359635142485e+00,4.648115015098643887e+00,3.932739504012013665e+00,-3.506154697043784463e+00,2.089683007070151088e+00,-1.697760718203651820e+00,3.003545975501014986e+00,1.915471555098253953e+00,1.511709538394878649e-01,-1.207273725188618307e+00,1.474197404656915511e+00,2.193448989054192388e+00,1.952919335776812204e+00,-4.710791267777454827e+00,4.034397518064200661e+00,-3.284120069551724086e+00,-1.711948903714170633e+00,4.571705473122289476e+00,-3.128275500491060512e+00,-1.972236009079071817e+00,3.375663636221582387e+00,2.555081708683551778e+00,-5.590512647468450780e-01,-1.480400392300067702e+00,-3.262396321062699389e+00,-2.202765602805806022e+00,3.381777225683912036e+00,5.318338237961884651e+00,3.431706449368249201e-01,4.489509398013348807e-01,-3.207362833687880332e+00,2.019573346869773633e+00,2.167634765556489373e+00,1.116848672063174064e+00,-3.177961305466989739e-01,-1.249855375814629355e+00,-1.812392184688599306e+00,-1.529061057728553275e+00,-4.162430471059753501e+00,-7.762647483991766961e-01,-2.712970654987789665e+00,4.128835406245374706e+00,1.789998004891740324e+00,2.219154762965664052e+00,-7.588815188453728044e-01,-3.766966491432308661e-01,-4.377790433649057178e+00,1.784459762655314252e+00,9.420913790601282978e-01
5.695420435515767821e+00,8.248907299153120931e-01,-2.577494264376152255e-01,2.118654139313276286e+00,-2.260087886304027460e-01,-8.303893417721867065e-01,-1.358607010900121370e+00,-1.736533558238129604e+00,3.943591968230612199e+00,2.253177793744577606e+00,3.177677890138129069e+00,5.193530924952034500e-01,2.518047465650449901e+00,2.652874210204727135e+00,2.710694032295337674e+00,-2.993203847484377622e+00,2.148194463150662425e+00,2.870051987308920527e+00,-9.986630738590749345e-01,1.462820042966083145e+00,-2.766827918813321130e+00,-2.740943974669667327e-01,3.091272643786413532e+00,2.519895446832336905e+00,-7.740155259166976442e-01,2.770241839558387653e+00,2.113504924346560454e+00,3.429922634409624305e+00,-3.056757822605204566e+00,3.712858959113963575e+00,-3.279808745413250293e+00,-2.162251381020431129e+00,3.356133024031844769e+00,-1.882544237568481771e+00,-2.842890942941665777e+00,2.017822107930260067e+00,1.598947411282383158e+00,2.790157204299898996e-01,-1.516886741291028518e+00,-3.088357795484221846e+00,-5.207340407963262585e+00,-1.254444677491806104e-02,4.931022475038959740e+00,6.235695360963873224e-01,1.390756703191915911e+00,-1.859672986177606013e+00,1.408935418015755836e+00,1.795192199431726365e+00,3.078826604698482683e+00,-1.235968930538684507e-01,-1.253248603694888441e+00,-1.141729636652568658e+00,-3.172148894398240770e+00,-3.160438726855504310e+00,-2.242186378058981799e-01,-3.246315285167821862e+00,4.408498090414872728e+00,-1.637620556882051215e-01,8.456702252998551383e-01,-2.024734293275164632e+00,1.074962182661667320e+00,-4.070761311708753993e+00,2.144589732044195340e+00,1.643044303635877945e+00
3.561471616629732218e+00,1.289149934131022524e-01,-2.051968094546976040e+00,4.264964657881481491e-01,5.085535852773315213e-02,-6.888925435938035857e-01,2.410916464418997318e-01,-1.518303157176567275e+00,4.370943608775572642e+00,3.812415554228351322e+00,4.417044932399265100e+00,-5.211977093748851875e-01,3.738132974799125208e+00,1.344333800297133896e+00,1.469511891840727724e+00,-2.540975984679251454e+00,2.538852791380258545e+00,5.048500396373991173e+00,-9.366171071637066081e-01,2.410686491605471105e+00,-2.296536258496292948e+00,1.294077612685839984e+00,1.322687983997122174e+00,3.117941532345765321e+00,-1.442070249207167754e+00,1.295385829985729709e+00,1.800188183630003103e+00,4.492525020301741279e+00,-1.802784758466349446e+00,4.114321199269744156e+00,-4.151232197168955196e+00,-3.777511170210066549e+00,1.507177569121220806e+00,-1.897760297557785414e+00,-1.912719505750090532e+00,1.999131046208957319e+00,7.868584261275788361e-01,7.497265568827549131e-02,-2.588615802501596175e+00,-2.630967024424273326e-01,-2.863179259050699255e+00,1.587887247661816215e+00,1.719315693874460704e+00,-3.514704031844599896e-01,-8.723835963273920413e-01,-2.928238189815250969e+00,3.189519518209876559e+00,2.052643345772763528e+00,3.884761118343220687e+00,7.349100782715232150e-01,-4.554478650030095110e+00,-2.176681635740707055e+00,2.487883307596524762e+00,-5.620440618113067277e-01,8.060729144386167278e-01,-2.207499251607588420e+00,1.641556217739666312e+00,1.457186901816329039e+00,-5.761854047884295005e-01,-1.384721457560331270e+00,1.615277241281806830e+00,-2.592262395517002549e+00,1.556084255943749772e+00,1.286900034113346081e+00
5.064039906955438042e+00,-1.950753413184458940e-01,5.909373498264647306e-01,5.529730772271257422e-01,2.560581619103772688e+00,2.189549242584786892e+00,9.315275089047103663e-01,-4.238837083360138536e+00,2.326381488346921600e+00,4.640265084349294078e+00,3.002923074782680501e+00,1.664992496688694867e+00,3.282853294824090717e+00,2.702011185261159909e+00,3.290204139526890614e+00,-1.228909824604489165e+00,2.359051305092148887e+00,3.508317658999820843e+00,-2.870749047945963639e+00,3.673717319392374669e+00,-1.957848255021550798e+00,3.354683772691360311e+00,1.796571281014627708e+00,5.411656341554527128e-01,1.627782204103171981e-01,3.286781054345298880e+00,2.957161522712199453e+00,7.183023669436385816e-01,-7.487116473879051881e-01,3.684599276135013923e+00,-2.079851891723390800e+00,-1.600657639175659952e+00,3.015431470828104032e+00,-8.606486593553064335e-01,-1.815327697281267527e+00,3.347198411823550934e+00,3.673340701032654643e-01,1.406120469326298306e+00,-1.403996926488645158e+00,-3.948740343637952677e+00,-3.559990566181979510e+00,4.108726122539516634e-01,2.230779838497965351e+00,-4.774679007633093608e-01,-1.534291301274757213e+00,-1.284396004352151177e+00,8.193079148976407655e-01,1.163848347691845087e+00,5.397418742930264912e+00,-7.733823703161113450e-03,-3.743170150195430423e+00,-4.771518066890283905e+00,-4.988148874368669716e-01,-1.680445023422213691e+00,9.161108399268220737e-01,-2.112542969364861634e+00,3.607878277541197498e+00,3.738447567980617503e+00,1.504336979913952321e+00,-1.174441957569152928e+00,1.094056590362781023e+00,-4.895393838495523120e-01,6.475727055992961390e-01,3.371170611162581210e+00
3.556910132204231800e+00,1.541703131456061193e+00,-1.827449167401626884e+00,1.745396487748920533e+00,1.416002617653388418e+00,-5.134632251342519105e-02,-1.585541983783437248e+00,-3.057002258147313967e+00,2.034011252529344116e+00,3.817013511885982702e+00,4.300796250195027426e+00,7.894267834513895021e-01,3.738730697016569238e+00,2.231762556032593103e+00,2.825000387034068972e+00,-2.119583686148305723e+00,1.483309338984082792e+00,3.214354406058496316e+00,-3.272360312789584391e+00,3.400599714802191809e+00,-1.281494212656111520e+00,2.175009454187602831e+00,1.294825428458865169e+00,-1.039446723264521033e-01,8.194716397175458855e-01,2.876647385113422661e+00,7.920674784261307888e-01,2.115583951855829703e+00,-2.832567326712734701e+00,2.414083555637271505e+00,-1.861479640891642084e+00,-1.844693979360501501e+00,2.246014439972180199e+00,-1.840861932599967332e+00,-1.713357249733357568e+00,6.028624597595752199e+00,2.769570840316220472e+00,2.754549260453006188e+00,1.723329874461013933e+00,-4.923709148921258105e-01,-3.826628568996836677e+00,2.288452645246335848e+00,5.470091049943336614e+00,3.565087361981820191e-01,1.658303262285072410e+00,-2.893859866990080576e-01,2.172789347683734995e+00,2.843352858964531826e+00,2.410202565068979119e+00,2.242940096098235081e+00,-3.230604827751058394e+00,-1.084963600928531724e+00,9.920082790282207519e-01,-2.954320489652163317e+00,-6.823585847760106349e-01,-3.057005275147116841e+00,2.313336523328623162e+00,7.155680277645917187e-01,2.378279950343951121e-01,7.968695193393209308e-01,1.452863842142707140e+00,-3.309168518927513958e+00,-7.050208243687832166e-01,2.330657753485701367e+00
3.367880501164143059e+00,-3.597974273668146372e-01,-1.357577571273304251e+00,7.008122341759137619e-01,1.204897061012245363e+00,-4.981378228262708374e-01,-1.488765855895446855e+00,-3.776798067969493022e+00,2.976877800454471590e+00,4.238626114011607271e+00,3.466102970544644002e+00,-3.838213720300984733e-01,1.915295916968327017e+00,-5.004625426482767203e-02,2.295893625780348390e+00,-4.555161339595616976e-01,3.933257880633591164e+00,3.174533504435054443e+00,-2.462925642810868787e+00,1.954923223461574544e+00,-5.632322793504642711e-01,1.229627366685127399e+00,6.395581649292894078e-01,2.435603156268736580e+00,1.487501374731892145e+00,1.590486222627077506e+00,-1.010945874186680804e+00,3.057758917869471293e+00,-5.443270226168952064e+00,3.845533307735737871e+00,-2.942863690635940443e+00,-1.206804675246470726e+00,2.220629651671109706e+00,3.271553532599686953e-01,-3.445517045538824874e+00,3.012160929569691170e+00,3.451720130029778399e+00,-5.510082586170024221e-01,-3.046173794262579726e+00,-4.661681665240504202e+00,-2.710596832611438245e+00,2.214385222470061976e+00,4.896787431066638163e-01,-1.252671846062672678e+00,2.145827243295177933e+00,-1.169919596143118801e+00,2.878959386479134963e+00,2.116416445836079241e+00,3.355730953274221662e+00,2.111959049480575779e+00,-2.035737583375772708e+00,-2.246635680131113588e+00,-1.125254521657644391e+00,-3.325913224417107905e+00,1.213542929019689076e+00,-1.977844827784700055e+00,4.664453553126421959e+00,7.217258460856407210e-01,9.219059605424539949e-01,-8.192785663526697126e-01,1.055556746835458748e+00,-2.797822153596151828e+00,1.639857970611766413e+00,1.938459756765168018e+00
3.412323146237151938e+00,-1.089283361576293130e-02,-2.684745947843275360e+00,1.525110859013288911e+00,1.517231169416987768e+00,1.153475123562087035e+00,-2.289814528194511922e+00,-2.115049938403942065e+00,3.711813969310124861e+00,2.267923093492421494e+00,2.957807061397066395e+00,-1.033375214915094986e+00,2.319208963967860804e+00,-6.271054801755440167e-01,5.896148347510919763e+00,-1.722144360444523237e+00,1.609402758805274836e+00,9.720970340017882627e-01,-5.018138047534913326e+00,3.139392661207212054e+00,-2.171715247510376923e+00,3.223492500169684583e+00,1.796767626387375305e+00,2.846558391769132168e+00,-1.690178312588561382e-01,2.474675927577035139e+00,3.299312605835022616e+00,2.640956477725761697e+00,-5.029291531878552490e+00,5.530989252020104274e+00,-3.770513948745102262e+00,-2.961237755977072617e+00,9.630934429664530505e-01,-2.183512603608332991e+00,-3.546251649718381138e+00,4.678127892087251105e+00,4.625888416865220343e-01,2.034294321223963475e+00,-3.647232020453957668e-01,-2.296911742444309734e+00,-4.083496322344834617e+00,3.634878951232054511e+00,3.819465030593665045e+00,-1.518964122724453247e-02,8.901800866725644301e-01,-1.169840538562287424e+00,6.075860594892064093e-01,4.045930404203197384e-01,4.524887548918972158e+00,9.502556335513803187e-01,-2.780541829179765667e+00,-3.453427408615739935e+00,5.929095790689393741e-01,-2.196844136529338520e+00,2.222552490776999790e+00,-3.800362990811319452e+00,3.001468159570673588e+00,3.052520387639925836e+00,-1.991019473987031718e+00,-1.058543366078144254e+00,3.164138930109421377e-01,-2.787234917519909594e+00,1.342207217395587682e+00,1.568060516823635231e+00
2.458364028015117331e+00,-7.484117669237946302e-01,-6.282775261734840910e-02,1.518296703850806839e+00,5.363386648559933523e-01,-3.832343514735871981e-01,4.624267710930266562e-01,-2.926088772704598995e+00,4.759097923487610515e+00,4.046397634502926444e+00,1.956934001717055560e+00,2.105369615214353729e+00,3.663626295606366323e+00,1.323666830305711528e+00,3.542740789807295343e+00,-2.797907403700799822e+00,1.751292861777743237e+00,1.821049239197343184e+00,-8.559228388526163300e-01,3.400794696445083698e+00,-2.221636042452872051e+00,2.845792934287430853e+00,1.536993031255325937e+00,4.548202000246191368e+00,-1.078045591522061919e+00,3.713062949019382053e+00,8.425633009411599428e-01,2.130199740646462114e+00,-3.023757201154326335e+00,2.377041604279507503e+00,-2.199821895092992197e+00,-1.713067210102047211e+00,1.195333635131151873e+00,-2.119812491067221583e+00,-1.179644073028187634e+00,3.819642360914372592e+00,5.788522019530406570e-01,1.269852140995366696e+00,-1.666649588760564793e-01,-3.072957124210137003e+00,-4.627422342994204740e+00,-9.568915224816079146e-01,4.180095584025839806e+00,4.472330104477699741e-01,1.028339097911451505e-01,-3.091453728129330614e+00,9.646960233840581322e-01,3.494918020183832574e+00,3.345783545130036618e+00,3.339760292201777503e+00,-3.478879015535525365e+00,-3.963084618332409548e+00,-1.618656309018647432e+00,-1.870696412939192532e+00,-2.930969424695891723e-01,-3.241556617568015941e+00,6.987906691655128011e-01,1.028681014316437992e+00,-2.243319222830176152e+00,2.749751486881786278e-01,2.568121194883498104e-01,-2.846522975191565941e+00,1.901921656610956246e+00,1.999672592172951902e-02
4.390201734664884725e+00,9.798257394303790946e-01,-1.466665531929264521e+00,6.312888336895077224e-01,-4.634394610746177534e-01,-7.429366360015782211e-01,2.490779871747120788e-01,-2.263651771406943070e+00,4.606915942838362810e+00,3.676231317181716918e+00,5.720343734088731757e+00,-3.609121741699738983e-02,3.419723411194178553e+00,1.087182588395022576e+00,7.428404157390702256e-01,-3.567680855881179447e+00,3.136180688460771471e+00,-5.690719338462990606e-03,-2.614546986009874896e+00,5.758438992494964381e+00,-4.749656233142534045e-01,1.633799370734749790e-01,-3.550471744110752503e-01,1.715796368273585948e+00,-6.893247132455809778e-01,4.554865027300690983e+00,2.305912615316199954e+00,8.505081269294634261e-01,-2.629386969651301698e+00,3.675380706419516308e+00,-2.959167847983820820e+00,-3.208395270778682473e+00,2.109148398403225322e+00,-1.148562117145804029e+00,-1.304635897149716506e+00,4.612727701459109042e+00,2.972095169911120216e+00,3.748157088852063445e+00,-3.065133852469263509e+00,-2.023453721940779548e+00,-3.549834988961584781e+00,2.471228175303203933e+00,2.771908675035922087e+00,4.743585721565630742e-01,3.743814170946959674e-01,-2.876781914399155760e+00,1.071657016561036402e+00,1.064597571357666972e+00,3.329126002225951009e+00,1.077058319385262752e+00,-4.171293869375609198e+00,-3.667633573831591498e+00,-9.669337503109859400e-01,-2.358083698363037328e+00,-2.344868594694897723e+00,-2.517613412702626619e+00,3.886999290970866383e+00,8.697225400783139548e-01,-9.167827822732577125e-02,-4.696910622766586885e-01,7.410231009321117668e-01,-3.400328311766710243e+00,2.972885842135591261e+00,1.828575998290054905e+00
3.083455246185431431e+00,-2.168220964090695979e+00,1.694577366185236134e+00,3.144228538399552964e+00,2.375638107409134392e+00,-3.484246270914456378e+00,1.666049986931418703e+00,-2.832099072865065459e+00,3.017693439119100596e+00,2.096350013479946206e+00,5.707507915587328284e+00,2.023660921803114299e+00,4.241311315358287537e+00,2.094763214082061342e+00,2.234935340290437278e+00,-1.589638155448183543e+00,2.149202849529657122e+00,3.239074642114095681e+00,-8.954295609309688153e-01,3.983358014634633015e+00,-4.017954640935016641e+00,3.669939761535843559e+00,-1.503205772651421412e-01,2.456155525570758336e+00,2.555959151755173853e-01,9.714780325104095393e-01,1.342943113252019760e+00,5.866710851032024721e+00,-4.829259130483348095e+00,2.264192404700260841e+00,-5.106726548164240320e+00,-2.674639438476887232e+00,1.377199930026990593e+00,-2.579213292758373743e+00,-3.446856191553369086e-01,2.056497781952727255e+00,4.885589360826945171e-01,4.897183513231746499e-01,3.955152980979044219e-01,-3.403771071057675623e+00,-3.800021452880172568e+00,2.527246009473808286e+00,2.858669965564596183e+00,2.756062791471872719e-01,2.878557282255528094e+00,-1.744506282747287473e+00,5.126907414096574023e+00,-3.077787622588634697e-02,3.682951871407760702e+00,9.784838392904333659e-01,4.114819706197820892e-01,-3.591914129047935056e+00,3.392352114095673610e-01,-4.295870207201071267e-01,-1.756231511597114325e+00,-5.019870471105031484e+00,3.425502738713569695e+00,7.363129316508887356e-01,-4.111178996507515726e-01,-1.449564465064077545e+00,2.828431431686366349e+00,-4.040738542119271415e+00,7.989564607550346809e-01,8.509725657442984703e-01
3.213386342174830546e+00,1.207397858578055594e+00,-1.918504457051586121e+00,-6.491624647014013760e-01,2.124973064321221905e+00,-9.886857682898114730e-01,-1.015378293850973446e+00,-2.365435694062857142e+00,5.477391574208359870e+00,3.184039833409056275e+00,2.047896709818704419e+00,6.273289446083748500e-01,1.914880324166015946e+00,2.672324300897031435e+00,1.007584487231576009e+00,-2.237544097628175521e+00,4.517288966819856810e+00,4.667089964547139758e+00,-4.329592126203802849e+00,2.279073554867840912e+00,-1.733006149738141044e+00,2.485402506433342040e+00,2.145738136628261294e-02,8.789675274249204584e-01,-5.916473456439694800e-01,4.669940333457041071e+00,-6.570501475235124289e-01,3.247710877829018905e+00,-2.711134365450227346e+00,1.103783252744637178e+00,1.202015071698721016e-01,-2.903512794552687293e+00,4.371873266653378387e+00,-1.321122025121036714e+00,-3.773449864204044601e+00,4.001668813683616932e+00,1.639664011152449641e+00,-1.696195952605360269e+00,-1.478274590325860505e+00,-3.373592094998596469e+00,-3.225430370806197100e+00,1.676927944634966305e+00,4.645174667886509567e+00,-5.752045469799769162e-01,2.897955016086793734e+00,-7.356937311371297694e-01,-9.007104592580175151e-01,2.479142121248134600e+00,4.007596561348137243e+00,-1.285653997729755416e-01,-4.494136035134513207e+00,-4.066874667919293529e+00,-1.278349523453831127e-01,-7.864846969884211614e-01,8.798150462808134176e-01,-2.054881166873027354e+00,3.457535049757765933e+00,2.739954997449818297e-01,7.707975974543825881e-01,-1.445908670998763412e-02,2.566108982445490128e+00,-5.009351469879216978e+00,5.674500351140958632e-01,1.470564367901423752e+00
1.637763357270756392e+00,-2.134615110656842507e+00,-1.478316617969786417e+00,-1.045519454280271265e+00,-5.936897799720035618e-01,-1.731027382123688563e+00,1.612914630198778898e+00,-4.102221722339560728e+00,3.960366203569762877e+00,4.967781905691075472e+00,2.447232266864024730e+00,9.616555236163637499e-02,-2.679781094544537723e-01,1.337359117841262490e+00,2.114018012577671080e+00,-2.932250498092621172e+00,4.130427574475429964e+00,1.790642741676333749e+00,-4.555725355214530481e-01,5.096283438801314958e+00,-3.132940732610475010e+00,4.406633101980332867e-01,1.084663102017429992e+00,1.390324394311990286e+00,9.440845056508462285e-01,2.035557102059933676e+00,1.708259613494780949e+00,1.799003712966751545e+00,-1.522951884746193585e+00,2.172085959372900277e+00,-4.644664357636967722e+00,-1.762219904010112304e+00,2.541216516589213104e+00,-2.258124282992397536e+00,-4.922885998285090103e+00,9.288104222860296133e-01,9.389695499343455598e-01,-3.886649225993501489e-01,-1.897084596683798363e+00,-2.229696199880605079e+00,-2.284132718675178531e+00,2.731666897458632448e+00,4.106097972198163859e+00,-1.030549825166804379e+00,-2.098354423890580467e-01,-1.482097208016448286e+00,4.115257733343678836e+00,8.073823573897107586e-01,4.251542959649896147e+00,-2.343668555761412531e+00,-2.081734704598944052e+00,-2.628984862910423992e+00,-2.073207743126303626e+00,-3.079977949431089712e+00,1.657345747291355309e+00,-3.983016279321079267e+00,9.831171689733291252e-01,2.641643615072656104e+00,7.831705048080612741e-01,-2.202273154668385580e+00,6.328077220359445976e-01,-2.819990185386241244e+00,3.279952817243721341e+00,9.099926160736235836e-01
2.736668150469709460e+00,-1.607049501926542279e+00,-1.343034431790807837e+00,3.911884914191537721e+00,1.593143032258305780e+00,1.750540205305544106e-01,2.260724412233732217e+00,-2.089845617260488897e+00,1.535969848112153535e+00,2.734798229114597579e+00,1.844231911974990812e+00,-1.827742753379980600e-01,1.827645310703761794e+00,2.810068786166814103e+00,1.771258034504083589e+00,-3.901997650010490926e+00,1.721723208707901520e+00,2.035076401713391103e+00,-2.617017366827992575e+00,6.088681213406821335e-01,-2.452566388099438388e+00,2.695717058218561668e+00,2.579326347588562829e+00,2.254562474633249103e+00,3.008200585732110355e-01,1.359940693507572185e+00,3.794998865760483397e+00,3.940114463029281922e+00,-2.441237684504376837e+00,2.633173699645108279e+00,-2.681863309022479935e+00,-1.269730253317582713e+00,3.199228514077338215e+00,-8.665473755792681976e-01,-1.417584234862125481e+00,4.386427222766466016e+00,1.241442136355986658e+00,-4.035778998204957446e-01,-2.869626392890225919e+00,-3.024913137133608654e+00,-5.528453400265354922e+00,4.531414096298116423e-01,3.652533001032136184e+00,-6.472013753095540167e-01,-1.361226889067835844e-01,-3.151371524864674534e-01,5.042604380917141693e-01,1.838407746189512082e+00,2.907136851445163650e+00,4.214851123804509436e-01,-3.871423921075717978e+00,-2.016820557014856963e+00,-1.403767646929539259e+00,-2.144436013960918430e+00,5.317461626797224117e-01,-1.245679750488226656e+00,2.520384921538013856e+00,2.557545342689752310e+00,-6.071501875660963998e-01,1.373296417085398513e+00,1.656553693951045236e+00,-2.693791176652163166e+00,1.729986098080260382e+00,1.985017281789997146e+00
3.893998766555239577e+00,3.314273174484527740e-02,-2.946120672405958540e+00,-7.730334071873914414e-01,2.926608187434770691e+00,-2.602709979229186565e+00,-1.911913558151877357e+00,-3.787580686777913375e+00,4.910416476548943976e+00,4.249377549639548945e+00,3.854406683126776034e+00,1.839853536243859500e-01,2.178171334525158098e+00,-3.602939075622935139e-01,1.512743461221578212e+00,-2.683529411778833307e-01,2.435882311302747016e+00,2.038367825846958858e+00,-1.843059663975734619e+00,2.506545075275328216e-01,-1.840085368448380443e+00,3.390197669506544997e-01,6.472214659228228140e-01,1.782919675977258978e+00,1.924414879564825820e-02,1.674021208359203206e+00,2.281234571555054824e+00,4.754998173632121627e+00,-4.139958111019296894e+00,4.340355143732203658e+00,-2.564889055337429280e+00,-4.287340416593113268e+00,1.345792002142007115e+00,-2.695809651200101520e+00,-2.509340518784775487e+00,3.989500160986422461e+00,2.662515283058259907e+00,1.748933748665030041e+00,-1.438467902247910768e+00,-2.452004125405574442e+00,-2.811905009418874002e+00,1.819524926530186493e+00,2.483529246262103474e+00,-3.026037531871451636e-01,1.398657612248685567e+00,8.391371488264232070e-02,1.809574457382318924e+00,2.311791287120810612e+00,4.740181700760985883e+00,5.735415536123181779e-01,-2.134782924438737961e+00,-2.326781497449168068e+00,1.267865075919559770e+00,-5.432107048426368046e+00,2.956444806094674638e-01,-3.013586861286372098e+00,1.612144527864910248e+00,1.371577828975457214e+00,-6.428293609518285212e-01,-2.009837947717357798e-01,1.942374525924506212e+00,-2.863192975105768756e+00,5.102251821694325784e-01,2.976269751663688012e+00
5.909415603656249516e+00,9.203762630896061836e-01,-1.573527659994963912e+00,3.824861981481444850e+00,1.969060471996171513e+00,1.361502511496436973e+00,-2.018932820241414294e+00,-3.159794334344071753e+00,2.470500568807492137e+00,2.751714557658488491e+00,2.551371042941925182e+00,1.885164200592785555e+00,2.294341514703459595e+00,2.697774750791983589e+00,3.726993327169656034e+00,-1.234960629823316003e+00,4.982241122148817425e+00,2.552705647166522152e+00,-1.068601246831889950e+00,3.321966308358671238e+00,-5.922405256557894404e-02,1.744155647679072496e+00,1.479537105613619508e+00,3.451549520633854229e-01,1.052395865229986516e+00,-3.249883939928874810e-01,2.519993021386016885e+00,2.743619766182505249e+00,-3.446749182301811931e+00,4.228043484190742163e+00,-3.245812822834028832e+00,-2.791967549000898607e+00,1.100682942499292105e+00,-2.270244509093710672e-01,-3.870108562637640581e+00,1.281743363391278479e+00,2.295495045918982235e+00,2.528223301925856870e+00,-6.485918270716983791e-01,-3.466098886929010803e+00,-3.043690765811887911e+00,1.531815185649312738e+00,3.674257865354729979e+00,-6.242420241075925524e-01,1.844295539502317505e+00,-3.176162026965951846e-01,3.297309381193507249e+00,2.942866994109238910e-01,3.153889559272926579e+00,-5.823979439683488746e-01,-2.642453204744744433e+00,-2.302075333422747505e+00,1.239441580306207547e-01,-7.478944034493733017e-01,-1.015794001349447750e+00,-9.530763550668035489e-01,5.438655043770030062e+00,2.786039543577751409e+00,2.088097387355006607e+00,-3.143362873525947343e+00,3.445448759765465940e-01,-2.742059934019469125e+00,1.269796045816583785e+00,9.658391659614840030e-02
3.892389235966810634e+00,-3.621879394180210765e-01,-1.300155705161037067e+00,1.704884981764885898e-01,1.612823313632924194e+00,-1.138120635631382216e+00,-6.097776103416414628e-01,-2.196744339772084942e+00,3.854360003069199347e+00,1.735913733612324483e+00,3.254492701604893679e+00,1.048234227185336653e+00,3.720399264369507630e+00,-4.739832045413727712e-01,3.162645223735701894e+00,-2.179960692875004824e+00,1.366968006345972819e+00,2.416686265060659977e+00,-2.233975448263650687e+00,1.442340746471860724e+00,-2.658840613263174113e+00,4.448442621150711318e+00,1.003602063711949377e+00,8.748336739812769824e-01,-1.550326757596547367e+00,7.675266028590475020e-01,1.036811331484507104e+00,2.883002321437360571e+00,-3.296162381373985095e+00,3.678420461494325888e+00,-1.623167765624227821e+00,-1.408720858078231775e+00,1.536505220001895822e-01,-4.744467024136225675e+00,-9.628277811786276619e-01,2.252920545225221893e+00,2.976758882000954287e+00,4.923523830509486388e-01,-1.369634575621003991e+00,-2.344203237472763046e+00,-1.352971871988326358e+00,-3.930682381351475740e-01,1.751560351549423800e+00,-2.898444795872802127e-01,1.439743784859993436e+00,-7.870491378671161664e-01,3.915495003467540425e+00,2.581989123116944729e+00,2.997784992404716853e+00,-2.704131138956390457e-01,-2.461555084934503146e+00,-2.837026899806563751e+00,5.224137840214888584e-01,-1.756731331201241142e+00,-1.158457006574636239e+00,-8.662871448606477287e-01,3.167627232288765082e+00,-5.918893305299861574e-01,-1.769267240745303393e+00,-1.091907062021941099e+00,1.214502613533423814e+00,-3.051719862166696995e+00,3.383419085824945771e-01,2.023635556466103935e+00
3.731070579208707105e+00,-1.320005447452857972e+00,-2.300528330977630542e+00,-7.149292651658734066e-01,2.467816588797675958e+00,-1.934258101074218361e+00,6.072233809785234637e-01,-4.396284455351752385e+00,3.801110810698442588e+00,2.204332742227713915e+00,2.936772472393474942e+00,2.109117703752244388e+00,3.560994990883558753e+00,1.692269244549153395e+00,3.700228385285098565e+00,-3.248198282701671324e+00,5.011147168138380792e+00,3.857773426357804070e+00,-2.829362888192470393e+00,4.577376344891652238e+00,-1.012936517958638705e+00,3.723426601856477447e+00,8.210424715843789301e-02,2.064834979210570687e+00,2.119609467134767389e+00,2.446997201394363497e+00,3.280455801789153192e+00,1.977580990045417764e+00,-2.587114991678473697e+00,5.319650423176116583e+00,-2.414032823183540621e+00,-1.441393178846958945e+00,2.335507667750323257e+00,-4.860654273947626614e-01,-3.411240908772998903e-01,3.625345758123423856e-01,3.526716993718356452e+00,-2.120496329440451078e-01,-9.532434914231316947e-01,-2.520156282298410932e+00,-3.809423733427609093e+00,8.344281795492985987e-01,5.422587418841802176e+00,-1.942031916513281553e-02,1.854429759367025810e+00,-3.450715593437581052e+00,7.064355497717060839e-01,1.948903697329511964e+00,2.343661364253068591e+00,1.196202476076424048e+00,-7.617901976455863089e-01,-4.655046798511861539e+00,-1.180917854469847539e+00,-3.774336387399428006e+00,2.343251610812968622e-01,-9.216263003567264356e-01,1.101125942704837879e+00,1.044936189873867605e+00,1.968257555797189307e-01,9.110158242647008464e-01,5.348285120316087493e-02,-2.128869294075517615e+00,1.098221722034801173e+00,1.543524151035529091e-01
6.223673275353336365e-01,3.408772633303339128e-02,-1.525641808364747387e+00,2.310613558766371867e+00,1.065474055268109232e+00,-2.603146274943057392e+00,-2.764972298610853252e-01,-4.474993379238574320e+00,2.748288633128456837e+00,6.582971970992909760e+00,4.384935989414205260e+00,8.173827118889294141e-01,3.449898324840026564e+00,2.689874572809293873e+00,2.005452138215100710e+00,-2.218594767382579214e+00,7.368671938178763536e-01,4.083647217254815942e+00,-3.349235412893883712e+00,9.227644722421022294e-01,-1.964836669794560287e+00,8.835895006503657889e-01,2.412666343061838248e+00,3.240085048204022655e+00,-1.307259631647571307e+00,1.180162464211301998e+00,3.153529526049707155e+00,3.527729850609269135e+00,-3.124392364426276547e+00,3.012263036301392471e+00,-2.047071214307561782e+00,-3.470620865271828670e+00,1.838627013223658624e+00,-8.871407293661149884e-01,-2.971542789920556871e+00,1.990764494648878946e+00,2.593842529791228646e+00,1.276777985943192473e+00,4.321847483678502577e-01,-2.949733093800087858e+00,-4.032552584913891458e+00,2.231641058983579562e+00,7.166381037508271490e-01,-1.921205538133831769e+00,-7.494926150680243371e-01,-1.621517581523039597e+00,2.944162742875764405e-01,1.568243013016330512e+00,1.756253682607687105e+00,-1.940955261802705945e-01,-3.615198978929433871e+00,-3.512853982581930268e+00,-1.085731393980778225e+00,-3.066604977288477585e+00,-1.287015384729104372e+00,-2.070538094873284329e+00,3.312525925709317143e+00,1.129877655799599978e+00,-7.474348372050612088e-01,-1.406497986829238211e+00,3.030966450291752157e-01,-3.315692906789427408e+00,2.182621309786200392e+00,2.493100198806299073e+00
6.488494826460629028e-01,-2.048253167466052904e+00,-7.522699078021591879e-01,2.043986038379214110e-01,5.063797439590761451e-01,-1.009017181738306679e+00,1.115881228867122266e+00,-3.178388063882886083e+00,4.654526944660709376e+00,3.230581573186178446e+00,3.240359246494132428e+00,1.418382067215566256e+00,2.694941623176214662e+00,2.670617757598220621e+00,1.690713634548432376e+00,-3.264874722268731766e+00,1.753821671722858522e+00,3.108319591414380856e+00,-3.696193682479138598e-01,2.703148241409528474e+00,-1.952327457103661734e+00,1.316921975516085475e+00,1.660436828058016401e+00,2.885827101075079337e+00,8.492477794892312470e-01,2.560467640188822447e+00,1.171116483089678972e+00,4.361479107654364640e+00,-4.734101710775199479e+00,4.101757209228495071e+00,-2.610122828088214053e+00,-3.282960895264066536e-01,2.001972934605404042e+00,-1.963811044660071836e+00,-3.948712530015752176e-01,3.157612971009488234e+00,2.050724775866047622e+00,2.056317604003532473e+00,1.403799552198450318e-01,-3.527042962340990240e+00,-2.215564829972887395e+00,-4.809113645382585567e-01,3.841572458857239525e+00,6.131913240790650699e-01,7.004752835932013255e-01,-1.499981471741211880e+00,2.336552489753085826e+00,9.858099176071754011e-01,4.117414563210124001e+00,6.578865823199984142e-01,-3.672440764282554504e+00,-2.392846120674893218e+00,-5.731969294850580710e-01,-2.143906180321708987e+00,1.342728852111244375e+00,-1.787190016873561493e+00,2.636739134017278552e+00,-1.068121508398494957e+00,1.519010265542731775e-01,-2.632235998378180675e+00,-5.302137729245548492e-02,-3.030367130331253378e+00,1.935418742509654955e+00,1.080078851691003150e+00
6.288639495661783485e+00,-2.031350532686407306e-02,-1.006826101850970101e+00,-1.482141827539940948e+00,1.483970920112323899e+00,-2.823319646741607736e-01,-2.353328567451956843e+00,-2.015940917421648493e+00,5.617551284042377802e+00,4.337704025729665069e+00,2.541844723245178628e+00,2.263705992175078396e+00,3.505268393102443536e+00,2.654428296025511447e+00,3.068218178686597852e+00,-1.780359248232918024e+00,4.148241191972170228e+00,1.373788058518735866e+00,-2.968231435834697507e+00,1.644712938422048021e+00,7.596885585147989950e-01,2.061772408218345287e+00,2.511054064420622289e+00,2.290304397246282875e+00,5.723202064272577827e-01,1.682712964241670051e+00,4.292296793673666677e-01,2.416368020758270063e+00,-3.147091605771857648e+00,3.147010806353775170e+00,-4.299039222277506234e+00,-3.335771510395586059e+00,4.336631080917413783e+00,-1.296129370786766044e+00,-1.099339285049859782e+00,3.511793459343908630e+00,2.249545205582398566e+00,3.375019003248864724e+00,-1.297566476867277441e+00,-1.692855087461850205e+00,-2.181134169353216468e+00,4.633244275358657127e+00,4.170059943611118314e+00,-3.044698244306595636e-01,-2.931421330627947963e-02,-2.289522023062904310e+00,1.674278473679644108e+00,1.529449161587069117e+00,2.629754690719614985e+00,4.290891227878793623e-01,6.325637810503468295e-01,-3.543233525619518431e+00,-1.146611267743287144e+00,-1.626455934678810333e+00,-2.899936545866340643e-01,-2.632352536111743913e+00,2.821271295473348317e+00,2.771990974596430846e+00,6.828010025705244512e-01,-4.392745372559457850e-01,1.882113720114041433e+00,-2.717341477853632448e+00,8.867446404175032271e-01,-2.870895211606641073e-01
2.702597400023191376e+00,1.934413534014864267e+00,-1.153573673654109344e+00,2.425736785383571181e+00,2.742478841579833126e+00,-4.434035619786847349e+00,-9.028284616528498008e-01,-3.766329410318640214e+00,1.164262843000566150e+00,4.645095966579992464e+00,5.200708166857979542e+00,2.187807872270490339e+00,2.425252253276596992e+00,1.476550360086415825e+00,3.112463326831629296e+00,-1.253567989726068532e+00,2.376740761139014779e+00,2.168446078402346267e+00,2.003911018384165743e-01,2.405025087446044374e+00,-2.149242746623544420e+00,2.143740101936142839e+00,1.912313731465701938e+00,2.408116271112030304e+00,6.881145037156166655e-02,3.824236323284398775e+00,8.230164025858310861e-01,4.163081688296013994e+00,-1.763695746452368596e+00,3.189190363600643341e+00,-2.284964040683636011e+00,-1.073973518905363189e+00,2.378013166836777881e+00,-6.573708154224402467e-01,-2.643876991507214669e+00,5.645600303193104352e+00,2.810690149474139865e+00,1.011799409940818961e+00,-6.065250605110543702e-01,-2.188811992983091592e+00,-3.329354728592905044e+00,3.342885600939286661e+00,4.366320750202137724e+00,-2.138303892026744535e+00,3.521503792664942623e+00,-1.122971896376047773e+00,2.485326190855714934e+00,1.796361848205333844e+00,3.069548990466589355e+00,1.925573464051591355e+00,-2.293782113569953651e+00,-4.293208592149247771e+00,1.173002081883710135e+00,-9.549447105951419656e-01,-1.198088887023900817e+00,-2.139821727583167466e+00,2.982340909590240230e+00,1.931517277126496790e+00,-1.488761086893430452e+00,-1.192623800964743630e+00,1.525276829267179446e+00,-2.200158406367657804e+00,1.025474115427294608e+00,2.706264160339106439e+00
4.737521393960516747e+00,2.160759201099893279e+00,-1.859617498766968025e+00,4.068215488516310208e-01,2.072183049386902454e+00,-1.013877098369056151e+00,1.542565534924424053e+00,-2.275890044375289634e+00,2.023659332275848044e+00,4.338532315118284188e+00,2.931744284134456979e+00,2.019572593714737963e+00,1.051402985134471946e+00,1.244784577946706827e+00,3.030896688816535622e+00,-4.387754204916117118e+00,2.203020531009491911e+00,2.717664933457721865e+00,-1.837768192370394349e+00,2.540245481179161491e+00,-3.842760240760657808e+00,3.809164816172699197e+00,1.268215212156034832e+00,3.126088168653260446e+00,-2.215137735427429089e+00,2.752343375382984902e+00,3.375309511749151170e+00,3.436990089357178313e+00,-1.374839695291691255e+00,2.780205287259019276e+00,-1.426240874278711823e+00,-1.477249471242446877e+00,2.944645807659358905e+00,-3.019023977904859102e+00,-1.970164102849059296e+00,3.548529274728244864e+00,1.715398884081242858e+00,5.323358495359729048e+00,-2.301467581747183022e-01,-3.754317607514170874e+00,-4.288090248290919781e+00,1.380500298735994225e+00,3.721775296560257296e+00,4.666106651608272760e-01,-9.237949885361427249e-01,-8.681511239289321225e-01,1.999620541099633053e+00,2.721300770044759787e+00,3.442812629700310545e+00,1.408839166888972816e+00,-3.986430855131367412e+00,-2.308326841016484110e+00,-7.671123087094456894e-01,-4.376036865413384103e-01,-3.135532529235738330e-01,-2.288964141199974378e+00,4.087121235173481359e+00,7.806395198335923657e-01,-1.975074667326143008e+00,-3.835596866691227680e-01,2.044091447342161860e+00,-3.927559154480349868e+00,9.654476534623943618e-01,4.489333744275302962e+00
2.512027465538402282e+00,-3.290099928663876572e-01,-4.276850630583483026e-01,-2.836420440636506779e-01,8.195471905230266030e-01,-9.182262566003650539e-01,4.581659501776559340e-01,-2.864621874454823303e+00,1.947894898043763368e+00,6.230333410903544866e+00,3.817518687450744963e+00,4.502114077341013987e-01,4.105185268339091920e+00,2.022728935877077916e+00,1.957103000385897129e+00,-5.056308613393057705e+00,4.024107872819485010e+00,1.202042950837255431e+00,-3.459948870578756441e+00,2.470670772556222250e+00,-3.530425353003111777e+00,1.458837778997130075e+00,2.030872213713162289e+00,-4.287021875272580829e-01,1.530128055103682216e+00,1.062764314120435483e+00,1.447242392473283346e+00,2.900382941769998002e+00,-6.352160566099133376e+00,4.658634417724909937e+00,-3.078939043418894794e+00,9.827368105389644448e-01,2.886156321460415342e+00,-3.437171241311258729e+00,-3.570651347953158972e+00,4.982388187642380117e+00,2.905065029523655973e+00,7.913425160437954631e-01,-2.040689204518302269e-01,-2.496353325497257636e+00,-2.188439109770274005e+00,1.613405360804827104e+00,2.260586927250983091e+00,-2.097499894830300970e+00,-1.366774595783919244e+00,-9.477944363313661746e-02,1.651739000213249708e+00,2.667625487440333565e+00,2.979077632362353789e+00,6.824694008738939610e-01,-3.240990938779544361e+00,-2.771063793655075269e+00,-1.716317147989101732e+00,-2.691741605285278283e+00,-1.357290726039009243e+00,-3.657029527686947112e+00,2.733493248089711614e+00,1.107736896732090415e+00,-1.602785669157060333e+00,-2.034858684498032311e+00,2.235855775835990489e+00,-3.118825381342355207e+00,3.013086946426050794e+00,8.248030732723008462e-01
3.056410278004745962e+00,-6.124767003660134268e-01,-2.275537706619817691e+00,4.680706697317830178e-01,8.674613646941692346e-01,-1.308711792181060929e-01,-1.268594304234602177e+00,-7.897472999750831946e-01,4.466794240127486937e+00,3.493884583658112497e+00,2.156857745260857939e+00,4.414774470732810152e-01,2.191943538163203975e+00,2.988304752397771935e+00,2.140396259238129151e+00,-1.478945094776880298e+00,4.385087424613415941e+00,1.964620769194739491e+00,-2.858532367135902863e+00,5.837067698553847883e+00,-2.102897779222055785e+00,1.626853456549046673e+00,4.319016274132813749e+00,2.199812277513179648e+00,5.385364279037360147e-01,5.991599947621559785e-01,2.967300403204717441e+00,2.363662709877678569e+00,-3.440334450313791148e+00,2.419833415817095545e+00,-2.572464678636228186e+00,-2.556941454196406838e+00,1.281650056417490857e+00,-1.224313883587360152e-01,-1.597872663446703534e+00,2.102005060328147934e+00,1.722145759347982974e+00,2.162659773349876247e+00,-2.544246390690444670e+00,-1.742517611759427876e+00,-3.064536724746526275e+00,4.418565468580317734e-01,3.266957627623868099e+00,8.796929324979669840e-01,8.029287659339057193e-02,-2.844359872721895943e+00,9.460045932031687643e-01,2.751511752103773745e+00,2.668794326996160038e+00,-9.972040697024080469e-01,-2.237562852059232554e+00,-4.712900822109094889e+00,-5.498669812461312034e-01,-7.275204105305350666e-01,-2.506003961321816575e-01,-5.567962711980314339e-01,1.298042036493215923e+00,3.124471606740341301e+00,-6.198881234773322424e-01,-8.595290669451234322e-01,9.751520162119992063e-01,-3.140297775708043471e+00,2.693995723755660876e+00,2.965101667754773906e+00
2.501829956864614068e+00,-1.021912157123708420e+00,1.237384839711375140e-01,4.885191925416104142e-01,-2.264561183104809583e-01,-2.690814338339206468e+00,1.630606750589769227e-01,-3.714696888917740303e+00,2.651659360545784772e+00,2.860190021305479391e+00,6.506238180982162334e+00,7.606256246599583104e-01,2.682442590401972193e+00,3.749051258158585753e+00,2.249082653571532919e+00,-1.535263359244184889e+00,2.619738698895945461e+00,2.875646961824957160e+00,-1.152523879891865999e+00,1.225813697048389272e+00,-4.371248351116156172e+00,1.274704805026281029e+00,1.531956249325406416e+00,-6.787930063409994830e-01,2.776547373527411544e-01,5.228226509264626287e+00,4.537549419653333693e+00,3.659411851337422306e+00,-2.151872956808613679e+00,2.016208363250838964e+00,-2.772880091931159363e+00,-1.763696548842230483e+00,1.859443064651925770e+00,-1.875895396053555375e+00,-3.809321254217872266e-01,4.911285545666788543e+00,1.179872201174290147e+00,2.088462330643105602e+00,-1.716055402863901902e+00,-3.501021202177504676e+00,-1.367440395044678070e+00,2.117882226826503178e+00,3.191149069157038110e+00,-1.084380926135435352e-01,3.227338210594953072e+00,-2.369194290084266186e+00,8.984822798991493054e-01,1.907337171212202920e+00,2.554604808246977221e+00,2.663500432801613194e-01,-2.618398963837359705e+00,-1.718785545878760423e+00,-1.173239086455023727e+00,-4.811251684448612842e+00,-1.078699242377208378e+00,-4.583378793860907408e+00,1.482148235257445323e+00,1.511813045119797083e+00,3.046317477350980241e+00,-1.825358321091247626e+00,1.866289376511090392e+00,-2.817847582558075992e+00,1.488330249518019510e+00,1.911224451407302904e+00
3.613979165924534165e+00,-6.678296386571891396e-02,-1.161131955978131014e+00,1.373808271214606247e+00,1.225028752264507581e+00,-2.453245250251584686e+00,-4.884434020620554984e-01,-1.917711000541983957e+00,2.716863649208474119e+00,4.109466214442778487e+00,2.594220703761529911e+00,1.046175033514046060e+00,1.756818049486321476e+00,8.486718410679388036e-01,2.954492477442776988e+00,-1.431339322054508312e+00,1.396407563044882449e+00,3.223927671608757706e+00,-9.668495716700278297e-01,3.303126698728282573e+00,-3.750761833090038078e+00,3.511019410354676573e-02,1.555343040825183376e+00,2.608968984380424239e+00,-2.094686438434854914e+00,2.476535129264445079e+00,1.816955055962061083e+00,2.498847589271355751e+00,-2.035902105230709580e+00,4.527012423835903299e+00,-1.556380228063798388e+00,-2.528795423662328457e+00,1.770890573175262883e+00,-1.741099974511053805e+00,-2.919571354002346464e+00,2.560417431176989833e+00,2.425545558357801390e+00,2.476152599632693629e+00,-1.803991224490898659e+00,-4.362857353288251971e+00,-3.624081406267192662e+00,7.387807893703328688e-01,2.504936286942645918e+00,-3.449965007837164421e+00,-2.080405049478654789e+00,-1.094799757347184599e+00,2.672652287251351400e+00,5.620825025476792192e-01,3.900696022015902376e+00,3.397396619949545893e-01,-1.309473932113940364e-01,-2.662471151557868954e+00,-5.488778655562662756e-01,-2.303281049261191704e+00,-1.254430962042876407e+00,-1.860061335002695104e+00,1.656116646364288680e+00,2.195102553791092426e+00,-1.325152006736174171e+00,-1.387327134564434683e+00,1.287834871196493758e-01,-4.701027873298415649e+00,7.723629701976103545e-01,2.680849934857414851e+00
4.297867417226441056e+00,-1.234789998639378994e-01,-2.049475054715887978e-02,-2.006594876801414351e+00,3.246114012176086749e-01,-7.238323802093808990e-01,-2.384595446393918738e+00,-4.517971401775762175e+00,2.014123062318641466e+00,3.703115807481392796e+00,3.250999704609182750e+00,3.687780583571061310e+00,2.534729129086482402e+00,4.902522124247910007e-02,3.736607818868650011e+00,-1.110629079330972102e+00,4.457525371242829770e+00,2.467019046230221058e+00,-2.414793489272293314e+00,4.890960281449533653e+00,-1.673873406826478449e+00,3.290585982788603037e+00,9.707305127471590467e-01,4.692339282369062392e-01,1.257469317777992979e+00,3.076227352806562010e+00,4.508290684621065747e-01,2.957784902792313098e+00,-5.024886717638050726e+00,3.503732628751847322e+00,-2.735037042870757329e+00,-1.276278768358776183e+00,3.557999551715586684e+00,-4.493604802977449353e+00,-3.212566696293487567e+00,3.086607968644414779e+00,2.378025835485469308e+00,1.734441608232220711e+00,2.909332978676326675e-01,-4.719903198690097668e+00,-2.692381893032468554e+00,3.049217350608765642e+00,3.078267023463471475e+00,4.587581540452025930e-01,2.857222359196541550e+00,-1.467794743191378037e+00,2.024133347301047881e+00,2.783073971944831193e+00,4.482534611870285346e+00,1.292387941163636533e+00,-2.014119120284882491e+00,-2.340910096393138851e+00,-2.028646602777799401e+00,-2.427924324988636418e+00,-2.121657483555674517e+00,-2.086736519167152526e+00,9.863281958433749441e-01,2.556930823942787256e+00,5.571101703876204514e-01,-3.817699087260743029e-01,-3.314631283667031081e-01,-2.181750673343247016e+00,1.169316181769132434e+00,2.131338780214730999e-01
3.776984457483688828e+00,1.591452204581801366e+00,-1.229231954753354561e+00,1.897412216333032475e+00,2.944025276804864699e-01,-4.590735492169535359e-01,1.312594352429807376e+00,-1.718974751510693677e+00,4.459476536204595831e+00,1.565796708068327270e+00,4.872672142185702882e+00,-6.188465423929196962e-01,2.351149287714970448e+00,1.731466596857756279e+00,2.372916908971047789e+00,-1.698370907611121527e+00,2.061301918703322134e+00,3.114695643478387677e+00,-3.080512949392200994e+00,2.133485578855924825e+00,-1.411400825689767213e+00,1.876618245917313299e+00,3.153554100777817393e+00,1.966621046051078014e+00,-4.848574495616591040e-01,3.483931450560607157e+00,6.872275313496447602e-01,3.888087683730629074e+00,-2.105565877914226114e+00,5.227683911871693567e+00,-8.081561900970035683e-01,-2.239447711332509527e-02,3.070254862404418361e+00,-1.906671985791190904e+00,-1.974383060920914090e+00,4.443879455483179086e+00,1.703972616964968267e+00,1.151488999025140014e+00,-1.851522597946918314e+00,-2.045041155171772651e+00,-2.056052040937454972e+00,3.017055580012208527e+00,3.400296962647410215e+00,2.108871690762394113e+00,-1.043608817314720660e-01,-1.255467341193001518e+00,3.493460267610204006e+00,1.778539352074976598e+00,4.988203243608642978e+00,-5.499338996662195278e-01,-2.474003392337974283e+00,-3.388595859977150848e+00,6.300200570314080650e-01,-3.211530755662358683e+00,-1.140171875959946846e+00,-3.362150485940887723e+00,3.516648660822778716e+00,2.326646297598591318e+00,4.962262722913290958e-01,-1.021189552725419336e+00,1.905988762867322439e+00,-1.140506871180325454e+00,1.422826886228171217e+00,5.992441911451871661e+00
3.361234085212422062e+00,-2.006305167802406864e+00,7.086173471999825946e-01,1.506929408615385046e+00,4.383324436372830757e-01,-1.080996811768827559e+00,7.424085296495730457e-01,-3.709944759286817995e+00,3.358138093621823916e+00,3.605007494033549253e+00,2.333496480285540464e+00,2.108398401612554096e+00,1.250309717405457821e+00,1.691582642648259638e+00,1.175431481034896475e+00,-7.443084145685092690e-01,1.332488597821856580e+00,4.156551018993411617e+00,-1.324752686399841561e+00,-5.340213640803654904e-01,-1.539590688809511221e-01,4.603589630462057158e+00,-9.041722298739123254e-01,2.606908453889752675e+00,-9.239137497959905021e-01,4.411333526484606082e+00,3.768436477599236945e+00,2.141958518020065760e+00,-3.640462908207250159e+00,3.219292837467352175e+00,-3.984195188299432200e+00,-1.794675660488692426e+00,2.963278155824790705e+00,-4.387818125288140969e-01,-2.080430564381262393e+00,2.384853571205396872e+00,2.916418186574294857e+00,1.725448384170878979e+00,-1.738314380370205248e+00,-3.384699160415243213e+00,-4.559041029607243445e+00,2.252370031278876805e+00,3.572439908264418484e+00,1.667427264094183403e-01,1.020532497538148009e+00,-2.196747543591467622e+00,2.209112826673771401e+00,2.121597192600605197e+00,4.493806553270172088e+00,5.573381698059862721e-01,-3.519662318891308761e+00,-3.049288251355913193e+00,-1.238702926851723785e+00,-5.404311148116194286e-01,1.504065011428455945e-01,-1.827044691186171743e+00,2.561915243385916252e+00,7.045879410619899641e-01,-2.184545010684486144e+00,-4.040789785524793176e-01,1.606700230435686771e+00,-2.758566632984968070e+00,2.015107843731329673e+00,1.290690602196419512e+00
7.343288099703555005e+00,-9.759433920825837383e-01,3.119411687017832335e-01,8.718431453464141612e-01,2.201504935076601832e+00,-9.435806308425311872e-01,1.033860712561288420e+00,-4.151186631433191110e+00,5.044855251002986485e+00,3.583081967075128382e+00,3.687641166234377987e+00,-1.499520239531683341e+00,2.380004762474100755e+00,3.621979355755716501e+00,-1.270953802054296755e+00,-3.389478894398342490e+00,2.347348379095906434e+00,2.226147052361034273e+00,-3.388648850125020040e+00,3.878803034092168200e+00,-8.666158765187539359e-01,3.419337528676982707e+00,1.389058579263016568e+00,1.480915395899457199e+00,-1.135210210898217331e-01,1.078698276848055304e+00,3.233912012893069399e+00,3.036816161894536403e+00,-5.315407498825313937e+00,2.621184957262708171e+00,-4.265507045835399857e+00,-3.011715528223392280e+00,2.600979914717216346e+00,-8.045741926081179107e-01,-9.269176807067796009e-01,4.982829413809848340e+00,1.724944681086047149e+00,-3.304651324654304112e-01,-1.135549257038436455e+00,-1.037997338750827891e+00,-5.406154256926599899e+00,1.104994419061275934e+00,2.684222193540893642e+00,-4.123483852851601017e-01,8.355195265563167828e-01,-2.985002471642022037e+00,2.936691121276780336e+00,1.585201929096680562e+00,1.179895551950236765e+00,1.569987244057935438e-02,-2.038116872120091294e+00,-7.262088730295632732e-01,-1.313920880765323762e+00,-2.079939131314210599e+00,-1.067512382815987593e+00,-4.373215698561696563e+00,3.692390726956037206e+00,2.288709663318058141e+00,2.212256234697723922e+00,-1.881219517506238059e+00,2.103895127741735926e+00,-3.464190053543995340e+00,1.847060128026023484e-02,1.329154216566726499e+00
1.561936000882773179e-01,-8.349109201311999406e-02,-2.268514661585794290e-01,2.050419902654510018e-01,2.494337267737398278e+00,-3.356298594577594718e-01,-1.798217409845197290e+00,-4.045127938579195614e+00,2.918428018572809091e+00,3.896802860394557921e+00,3.480384232107152975e+00,1.125682289754238230e+00,3.135663664420549335e+00,1.603246156562202263e+00,3.891138450324391762e-01,-3.789828241346065774e+00,4.757638779860036138e-01,2.635724388110437744e+00,3.399224773426747781e-01,1.914911886532159713e+00,-3.785592692121862335e+00,2.661984103783910705e+00,-2.297823044587397057e-01,2.325178247260175191e+00,-4.651304631801791434e-01,2.798440514777578159e+00,1.437080370533408313e+00,2.969366529914316821e+00,-5.122133348550995890e+00,2.478241440967361875e+00,-4.464527559740169238e+00,-3.900844244605036870e+00,3.011171209111319413e+00,-2.858428477156257586e+00,-1.521118585822747171e+00,5.284745140514088391e+00,1.240318379712822550e+00,1.772254813661645167e+00,-4.217839194793663316e-01,-2.807927854318066352e+00,-2.146369434622702244e+00,2.012055210714749798e+00,3.403656425411042186e+00,-1.227983235687817309e+00,5.838948318037795460e-02,-1.357503261155144081e+00,1.219268807676170407e+00,2.151064769478183702e-01,2.736243007527385362e+00,-2.137314003401068474e-01,-3.663475044614226128e+00,-4.322830103255887124e+00,-1.046975434934038551e+00,-6.512596944584927439e-01,-1.140860915975484779e+00,-5.022704862572298978e+00,2.984043300794653408e+00,3.302038226606929250e-02,1.950279092520385005e-01,-9.745019316024267075e-01,4.849906571044501069e-01,-2.431876293639391395e+00,1.136874287373816017e+00,3.470458849083277730e-01
2.711241350165827235e+00,-8.058146191957500371e-01,-1.925830961934216656e+00,-1.467225835536278833e-02,1.278193595398099403e+00,-1.555384199756353780e+00,-1.286761126062672567e+00,-5.942222304850318437e+00,4.061856240543445296e+00,2.910243711932756661e+00,2.348909621017694516e+00,-1.063462865347668762e+00,1.853884061236928948e+00,2.355605484781372105e+00,1.532001503011215515e-01,-2.863109727806529836e+00,2.099195004642186113e+00,4.250357099796016058e+00,-1.551653601879053213e+00,3.425514988413258965e+00,-3.126577646701522717e+00,3.389392155240632754e+00,2.201666092589332990e+00,5.542542741891973712e-01,9.511623801219952767e-01,1.011730751388878247e+00,1.989745978789487779e+00,4.385048631538172259e+00,-3.490969042769861197e+00,1.947136610169622362e+00,-2.315717018969975616e+00,-3.101728520715927750e+00,2.317714258084603074e+00,-6.112129161133015298e-01,-3.408407074301741613e+00,2.348144530035523925e+00,3.534763322735056335e+00,-5.387499159543609473e-01,-1.185689205001907887e+00,-4.041636363528943399e+00,-3.296419684080228674e+00,1.231136488195889722e-01,5.660281888602676226e+00,4.654062574699426857e-01,3.220493020776666881e-01,-2.962523860654531660e+00,2.522305787140301625e+00,3.382131284870663723e+00,2.067448811322918800e+00,-1.998519928508687427e-01,-2.173022110622488512e+00,-1.014404143321134599e+00,-3.413668140518903993e+00,-2.463448789058106936e+00,5.013155500363641881e-01,-3.725586531457229178e+00,4.086898420720138425e+00,1.817668685680237317e+00,-2.184255931989873001e-01,-8.996307232292147793e-01,2.700151955912973634e+00,-7.667213234768817109e-01,2.739262861382445902e+00,1.247873605897796168e+00
4.555323714863460438e+00,9.849780603268418200e-02,4.736275003107592863e-01,1.163118103016740346e-01,-6.709936395813160814e-01,-1.303737712419448469e+00,9.964002972926417900e-01,-3.142646805909848684e+00,3.141391568051528971e+00,5.662261372265318116e-01,1.683848264751116153e+00,2.509153803875536326e+00,9.130262874801098327e-01,2.670906827069130962e+00,3.314238954141959681e+00,-9.589656348704025390e-01,1.282837122351915937e+00,3.811409143113504427e+00,-3.517923773085739114e+00,1.428653515129427509e+00,-2.339351257587223731e+00,2.311371341703807314e+00,2.499958793024581460e-01,7.916016122323210613e-01,1.752578150095312370e+00,1.591846555810733532e+00,1.942787126877263848e+00,1.738788741075473210e+00,-3.152867725577341851e+00,2.974417270393882706e+00,-1.584367612548986504e+00,-6.480847248972432251e-01,1.550626452881407769e+00,-1.950140377167324468e+00,-3.596275803659217729e+00,2.606395467465024929e+00,1.856580899526047546e+00,-4.855990839310808660e-02,2.932795418661064968e-01,-3.395801843486196070e+00,-2.612241787576279339e+00,2.059206993803333496e+00,4.770183385817011512e+00,-3.455012092487914632e-01,1.048938193960878174e+00,-1.585384334474066126e+00,1.608513849967427634e+00,1.493434137515757598e+00,2.343972676091377050e+00,3.039213969995262499e+00,-4.434023374740876378e+00,-1.892144496976432944e+00,-4.505784693382354211e-01,-2.367626207467780297e+00,-4.050769916123183045e-01,-2.495357959479704846e-01,5.651161880993242903e+00,1.360770122669731963e+00,5.078884184396852408e-01,1.134993809663020770e+00,2.212789341469849180e+00,-1.286101404731776698e+00,2.672927670327140959e+00,3.019898608932461759e+00
4.788284786005863936e+00,4.468797727582893842e-01,-1.597601430656267807e+00,-6.603257441875458600e-01,-1.127079547874115573e+00,-7.893264791221503707e-01,-1.876842298716487001e+00,-3.372572953292487519e+00,4.316476972574748494e+00,2.611202945627687289e+00,3.970352448107575150e+00,1.650456050625514148e+00,3.184498832177039773e+00,4.354571513856102527e+00,3.296673752700509219e+00,-4.045164338323679942e+00,4.310925132523360404e+00,1.891424302084421250e-01,-1.503324315606465289e+00,3.674232574438585974e+00,-2.510771109221619390e+00,3.487187145553186873e+00,2.320214886591877246e+00,7.449162102118183082e-01,-1.155018031157228453e+00,1.504556043940794563e+00,4.436981393797021944e+00,9.110708075271527484e-01,-2.189575024377774515e+00,2.747344253289092819e+00,6.328202422959998685e-01,-2.576649079118447538e+00,7.601450311679185390e-01,-2.104758093331433599e+00,-1.011479042429944464e+00,4.675188546178395299e+00,1.145333098878651867e+00,-1.149675738441262585e-01,1.310613445048978587e+00,-3.990199577347307347e+00,-2.410322960525331126e+00,9.421345962806998431e-01,2.085269321834791079e+00,-1.080512615089627371e+00,1.886155771271283532e+00,2.604233957895341067e-01,4.010783095788177377e+00,2.282506187715516166e+00,4.765264798471442909e+00,-1.214191092323960497e+00,-1.942565514271802574e+00,-3.105653168916733264e+00,-1.931389574251382690e+00,-2.655066017039030335e+00,-9.864472760851028532e-02,-2.309262116932160325e+00,1.163084696862657363e+00,1.405766791508706204e+00,-1.290466850473660498e+00,-1.647993959140557907e+00,2.481297567985425445e+00,-2.006439828799815306e+00,-8.962202062394286628e-03,4.134527672852268410e+00
5.759500683691779699e+00,-3.034294046093225505e-01,-6.841844738685100014e-01,-7.345511443888108616e-01,6.147388500499848529e-01,-2.158219002288587873e+00,-2.118137984149552899e-01,-2.289552133235781550e+00,3.531652748914097195e+00,1.874397332569049279e+00,3.603660403140514834e+00,3.757248654711697333e-01,5.367686409152021554e-01,4.574060946296102381e-01,1.769317104569966714e+00,-7.782151719811793988e-01,8.770414344168273590e-01,1.187940701512774311e+00,-2.207724466176744560e+00,2.586761077621550164e+00,-3.321704344171598766e+00,1.062849031553391610e+00,8.666471004332350070e-01,3.709736526725090133e+00,5.566307441697332381e-02,2.707510295578087423e+00,4.475170474042426960e+00,4.016923243047940240e+00,-4.805084011496983720e+00,3.849130785225411522e+00,5.367821804751753412e-01,-1.603403219022876414e+00,3.619868098666340295e+00,-2.311730006446955699e+00,-3.161662695040774906e+00,6.261574861130776881e+00,2.810133851898838131e+00,2.231274582458802058e+00,-2.666035569172452213e+00,-2.504985783376272757e+00,-3.733456711880746237e+00,-9.139624842782381187e-01,2.389461290931112813e+00,-2.315142760186131632e+00,1.801446416047526311e-01,-2.845329345807342314e+00,8.824113203521398718e-01,2.214923882560613677e+00,2.500601516561729021e-01,2.566875707118480676e+00,-2.775690849916326641e+00,-3.240514397354232301e+00,-3.218623636823525924e+00,-5.441527287855865147e-01,-7.651904033297807217e-01,-2.057082340711714252e+00,3.956059648916172122e+00,4.186696371167228925e-01,-2.358572277387598781e+00,-1.321583967979179874e+00,-3.208534504481685978e-02,-1.653814705725185075e+00,9.317705282148780466e-01,3.195889853589406915e+00
3.677344238565004364e+00,1.485555189371345675e+00,-2.170320162760464022e+00,9.973448708539873753e-01,2.700760669650267953e+00,-9.850708501349022539e-01,-1.188043620817020418e+00,-3.165446091575212950e+00,5.131574058722982556e+00,2.986431758640005096e+00,3.502081645123894305e+00,3.817752406881301241e-01,1.735256628945507362e+00,2.205225407135343652e+00,1.898951337827333496e+00,-3.030379495335052464e+00,7.408252095647598345e-01,3.853119122029500687e+00,-3.041079823320736786e+00,1.102154883417399089e+00,-2.969908849806903284e+00,2.601553227308159855e+00,2.654918896907453085e+00,-6.739282506510684279e-01,4.634727959370595896e-01,3.114313032940708936e+00,2.563823042421450094e+00,3.529650935074372775e+00,-4.084229390813014504e+00,3.558498132064964015e+00,-3.296777290231291069e+00,-3.649944626418985205e+00,-1.999441341579748510e-01,-2.288700166917588152e+00,-1.661892721146620566e+00,1.337219085067446356e+00,2.923762649620404552e+00,3.451257321093688102e-01,-7.535064634627707258e-01,-9.322055540218527891e-01,-2.621813310866721647e+00,4.365886626809733606e+00,3.092011956526083960e+00,6.535853923761940631e-01,4.562530653085539178e-02,-2.418944341848574986e+00,4.150128740721091170e+00,9.470337943305129347e-01,4.566222335687885270e+00,2.378596213659510128e-01,-2.629548707935982499e+00,-3.563699817358015665e+00,-3.611066054272750847e+00,-4.994364233365197414e+00,-7.145330644077899640e-01,-3.384052712409539865e+00,4.008266136567709914e+00,1.239205617121488912e+00,-8.789641349167125473e-01,1.864348758258396632e+00,5.122619800774165233e-01,-3.921302933261444856e+00,2.356396791659805867e+00,1.537405992488631856e-01
7.568740152529658261e-01,4.326495546154063288e-01,-2.821558160803223636e+00,-4.156757737093079719e-01,1.619752223960838844e+00,-1.933913400341669808e+00,-3.506204591890343392e-01,-1.759271868388997628e+00,4.430816923927945794e+00,1.272159839093095490e+00,3.926745190791677498e+00,2.420986335040982596e+00,3.598063018999618556e+00,5.050448378890388668e-01,3.208619958239805392e+00,-2.143143462466645222e+00,2.863037376911469867e+00,3.109952064993908749e+00,-5.263009894146726708e+00,7.683434304083842648e-01,-1.886858149043167288e+00,2.637357613900103814e+00,2.634395313501629587e+00,1.593320604342872038e+00,8.051791507212964216e-01,4.044552473927311098e+00,5.052358099512673562e+00,2.216040774887385822e+00,-1.129396391041709080e+00,4.429462327307651215e+00,-3.614676676170956338e+00,-2.516091990925939825e+00,2.949381120986599658e+00,-1.544665564488032272e+00,-8.784530637267446984e-01,2.519731650304040116e+00,6.594360737624918034e-01,3.078985145408287494e+00,-1.370734717460806662e+00,-2.425131528453025709e+00,-2.220268975224968244e+00,2.575852068999695543e+00,3.493443896434680340e+00,-1.292117039487784558e+00,-5.134583748117016455e-02,-1.561175908941043078e+00,1.213444534710814704e+00,1.837881572987220880e+00,3.118593250334033229e+00,6.921826762201026551e-01,-1.956993113476691137e+00,-2.464217702377372365e+00,-2.155836668202901207e-01,-2.552439748914101969e+00,-1.295323703141499028e+00,-3.279616320509590288e+00,2.957435976267301481e+00,3.720411709163783609e+00,2.180967970238156806e-01,-2.573791241821716369e+00,2.015471709008944234e+00,-1.587978021962287656e+00,2.028011260190542231e+00,3.476826787573549016e+00
3.357990835232374849e+00,-9.095856428469589749e-02,-1.012894243126479576e+00,1.458117608883685579e+00,1.291424211842193692e-01,1.016199432646337719e+00,9.297032228862021075e-01,-4.884234064949628973e+00,3.616364546351030551e+00,3.213246175589405507e+00,5.389775881719070405e+00,-9.531696625194643335e-01,4.492754685319400920e+00,1.311888031170300950e+00,3.453894688237550081e+00,2.612762755495903200e-01,3.679113081645049022e+00,2.818197973321027838e+00,-2.726381798052076810e+00,1.503542878646875636e+00,-2.929098024604592787e+00,2.846500698230131743e+00,3.899892811513372859e+00,2.208565450863724688e+00,-3.334728336063804699e-01,2.737103702822935247e+00,3.024804894593847049e+00,2.288714911248318717e+00,-2.904009278534321226e+00,3.978945455667640907e+00,-3.237926910390284796e+00,-8.531261132190455232e-01,2.725208111100066777e+00,-1.363752209670839211e+00,-2.519635012682511999e+00,2.808146791586920710e+00,1.484927908459020784e+00,-4.698570669871395822e-01,-1.754542550765906261e+00,-3.009743597061504516e+00,-4.679155740605640545e+00,1.738196487152500636e+00,2.076005759289433428e+00,3.162365868696498383e-01,-8.690134871883503642e-02,-1.559356140782112599e+00,2.126438301337652437e+00,1.216722459096131637e+00,4.988672641942784480e+00,6.752282839977264972e-01,-2.772847895693317355e+00,-6.799923723555458821e-01,-8.338438137696126962e-01,-2.598579713477600528e+00,-4.500142855207587278e-01,-2.422301300516533029e+00,3.287352338421792197e+00,1.755437835482582809e+00,-4.873401434153429301e-02,6.260920622132648550e-01,4.800719612511678003e-01,-1.355397226653893394e+00,1.434412404357038318e+00,3.478174600386769733e-01
3.153720281492805366e+00,5.055611173308454109e-01,4.055572599389400956e-02,2.205818441474974856e-01,1.692462523397674445e+00,-1.588558076051819867e+00,9.909503855784587145e-01,-1.281595587611161768e+00,2.084082369950347680e+00,1.617583152351760312e+00,3.215075938100782960e+00,7.809912835038609336e-01,4.478507804264459047e+00,3.748584737688238633e+00,1.642553626511721099e+00,5.571634095042243828e-01,2.920260340055328641e+00,1.625256478402883342e+00,-2.572808152579596275e+00,2.436222712687404979e+00,-3.421148597860286245e+00,2.840066583535044931e+00,3.466354673573008860e-01,1.337568547466299052e-01,-2.482419464551506583e-01,3.789930591174083041e+00,2.247492979740870034e+00,2.754588212617571141e+00,-2.214306269719727549e+00,2.240779016026748671e+00,-4.456785417941198091e+00,-2.385165104512161793e+00,3.059502766905286109e+00,-2.620327290924469033e+00,-2.264333812732730156e+00,2.191667552302663857e+00,1.125771467684174798e+00,1.321194414695748609e+00,-5.699964514158074591e-01,-3.538780353439509696e+00,-1.561715267631220483e+00,-1.059349819480148724e+00,4.105260229159994445e+00,-5.833210802495658598e-01,1.735700938069879129e+00,-2.310477015154816183e+00,1.067081858359670621e+00,1.370022447341175065e+00,5.770002432404059967e+00,1.045175708922941205e+00,-2.590348241777499450e+00,-1.870725854458468174e+00,-3.289635149980703610e-01,5.255719387961752531e-01,-1.644191591549930997e+00,-2.067005960267739528e+00,3.517226172115148319e+00,1.875316695699872582e+00,4.670588772313798431e-01,-1.951107344861781723e+00,-1.154438158038835205e+00,-2.750953962278098519e+00,2.578272652773569540e+00,1.726168709324930495e+00
2.052272754029315749e+00,1.298513783120874399e+00,-7.828614417816556204e-01,2.086685811133530244e+00,1.555100758715370235e+00,-3.742529011285943286e-01,4.472882776627150614e-01,-3.129638454328778518e+00,5.763281935923304289e+00,3.416176641290202376e+00,2.952446301912204252e+00,1.097743329976404558e+00,1.988999656683016592e+00,1.834186347404114681e+00,1.363636013543422676e+00,-2.822976777970310547e+00,-1.944954478308669632e+00,5.111524018031361472e+00,-2.412756499116482711e+00,8.202440938705248819e-01,-2.353916792926962209e+00,3.629190499095988010e+00,2.418121767339633355e+00,3.743310350488526783e-01,-2.702698299792463565e+00,1.572883907897244304e+00,4.004384939375587926e+00,4.546450097205005036e+00,-2.174439190215435858e+00,5.116733343301570258e+00,-3.976112122178660613e+00,-2.911770182707154042e+00,2.120287276974782475e+00,-2.601129999929843173e-01,-2.610276606644784003e+00,5.444903435448070539e+00,1.566747208281133119e+00,1.002215526166717385e+00,-4.826138211563665514e+00,-1.891548516065690855e+00,-4.734485040115719023e+00,2.698376347317444690e+00,4.765646780684996031e+00,1.170413241103380741e+00,-1.122868023361900391e-01,-1.124231033457844253e+00,2.216595093339030598e+00,-6.473100178279507233e-01,5.599479048346935883e+00,1.682664417889152553e+00,-4.791478776222565905e+00,-1.500456254672087431e+00,-1.037644938795997174e+00,-2.549944847824165528e+00,5.328101845515598178e-02,-2.271361738832691657e+00,4.019484535366638411e+00,3.728543123499018286e+00,-1.519115239847636856e+00,-2.388148048040224847e+00,1.108910457660537530e+00,-2.863587299200273328e+00,1.716963771056807087e+00,2.204423910149385435e+00
3.436463464909088827e+00,1.380773612954569463e-01,-1.765459080122059987e+00,-7.198379442808842121e-01,1.357615517749464429e+00,1.261371712778378118e+00,-5.368860240816791807e-01,-2.787792320652359379e+00,3.595681484763999958e+00,4.273380209842036592e+00,5.571713335801518063e+00,3.529555196255950378e+00,3.985180596596217484e+00,1.641860870316879328e+00,3.685779493395105355e+00,-1.686121989353935202e+00,2.408320683280000818e+00,2.539972239056432102e+00,-3.003949139219185049e+00,-7.281152952237865961e-01,-3.911666368138570604e+00,-2.670686299183082646e-01,2.232799151074090993e+00,4.143808491012635820e+00,1.502319114866656147e+00,5.394223694207084918e+00,3.034323274045117813e+00,4.304070775077718736e+00,-1.070537026922631529e+00,1.214773639668308647e+00,-2.869007919999009282e+00,-3.860957846823762640e+00,1.340765273823260051e+00,-1.751035480998586191e-01,-1.420348550005056998e+00,1.657656624772621434e+00,2.021816839763881379e+00,4.357985129431187765e+00,-1.535662631487555441e+00,-3.603434838630842130e+00,-4.425637954520631467e+00,2.394762812039791022e+00,4.597334813817972154e+00,1.915780737418957269e-01,-8.766949157491565892e-01,-2.109216068115785880e+00,3.503460853309609657e+00,6.754168348757445539e-01,1.341251914647575871e+00,7.054182193867832851e-01,-4.197277551778281435e+00,-2.987661844167429415e+00,-1.838471130834243628e+00,-1.907847834070586446e+00,4.869221502083356246e-01,-1.952730655198131604e+00,2.360485434392704640e+00,3.637334346184403877e+00,-5.756335355113291197e-01,-3.198611439492666353e+00,-8.612315526185705394e-01,-2.439445653272876768e+00,-5.550301006353097755e-02,2.005933139218786465e+00
2.240591389779620357e-01,7.564754014579200270e-01,-1.512303890252919114e+00,-2.021236328246749370e-01,8.888027474169917230e-01,-2.695161131630779749e+00,-1.259634508194465541e+00,-1.950358835576895045e+00,3.129353397349767807e+00,4.861012536952157959e+00,3.723088263107011464e+00,2.577905991296964294e-01,2.394631291045905552e+00,7.821233340171531712e-01,2.663576285297546420e+00,-2.849573813731060223e+00,2.277480424183480068e+00,8.400159052386113601e-01,-2.316433214714310296e+00,1.394751969530999780e+00,-3.634170091348679854e+00,3.440182211595573136e+00,4.309424096028577011e+00,-4.862936617243640569e-02,1.303171343112028424e+00,-2.528824648049132762e-02,2.594255055668076793e+00,5.422249895831876998e+00,-1.489895671646341402e+00,4.909040812585235614e+00,-2.948460450866895677e+00,-1.368190968914578587e+00,5.755377470313414179e-01,-4.173358898281941620e+00,-2.176044200174501064e+00,2.753343788203431064e+00,1.422614184315996955e+00,4.840717495327744757e+00,-1.568128174839848343e+00,-7.190327315900941763e-01,-3.006003050802574350e+00,2.638938167035814519e+00,3.051284946096082251e+00,-9.708404977858057228e-01,-2.826918922494325859e-02,-2.601980989668725375e+00,4.944111490422464783e-02,2.046344065281480162e+00,5.145019472065929023e+00,-1.006954623751805222e+00,-8.850157505999152185e-01,-1.466481156764266158e+00,1.772343916880740888e+00,-2.063400741536422167e+00,2.914276772840452834e-01,-3.632437849403329810e+00,1.724879599511019546e+00,1.043620707685747107e+00,-1.936850247834181138e+00,-2.057858180132976056e+00,1.800309664067990312e+00,-3.255856149739146499e+00,2.288517838794784431e+00,1.334886462267655727e+00
3.809137459816991811e+00,1.983525624594174031e-01,-2.511192425258378158e+00,2.015123685620263672e-01,3.289350162218989126e+00,-2.046093727181763633e+00,1.664241141554495762e+00,-5.993144281454868327e+00,5.217745710731740871e+00,3.276537241943734635e+00,3.919749616010658855e+00,5.060264726050657247e-01,1.763731053879901589e+00,9.462435338157140219e-01,2.733512997821008206e+00,-1.084033763419900431e-01,2.436010826030599041e+00,3.640699678678815943e-01,-1.360768541304573365e+00,3.967850880080224130e+00,-2.511254576093700841e+00,1.961740666003491285e+00,1.637392395913760179e+00,9.172420790068036567e-01,1.156768142374228758e-02,1.174992791841578121e+00,1.319529263121909990e+00,2.139641967624923424e+00,-4.364122371772707787e+00,2.562956639257032876e+00,-2.575551418634480783e+00,-3.422689356336530153e-01,6.794630101499778974e-01,-3.685377087719535094e+00,-2.561364073300203437e+00,5.142551681798233076e+00,1.367643600356198696e+00,2.903560551308793869e+00,-1.047439285602925541e+00,-1.990781058938978054e+00,-4.781848845677809656e+00,1.683875175671259550e+00,2.756580324224880307e+00,-2.090392635410008193e+00,1.587419924046271080e-01,-2.696624066939896203e+00,6.736824245878619832e-01,2.144812773171394404e+00,5.014592046436922246e+00,1.029572816614100494e-01,-3.767794410298751284e+00,-2.362172669743879183e+00,-1.234770190808123225e-01,-2.111250835183664520e-02,-3.144087169810949600e-02,-3.485511687838083184e+00,3.286572921903267108e+00,2.410353700077515704e+00,3.192950986269659230e-01,-1.857617856769680831e+00,1.816683291117296095e+00,-1.189132069664102564e+00,1.494855236496538176e+00,2.168115320583358319e+00
3.885691483640972166e+00,-2.404498508381587296e-01,-3.157079766862724846e-01,4.562225211167733607e-01,3.714912081290602242e+00,-8.567035676162336744e-01,1.407821361625409162e+00,-1.489025717774824065e+00,2.353571048484051520e+00,2.021957421818377121e+00,1.756716893665668744e+00,9.872280681314584694e-01,2.055200334868395817e+00,2.424280300945996114e+00,2.983798193918569819e-01,-2.251343807543703335e+00,3.338040360489756608e+00,8.949353830961710443e-01,-5.174498613284709947e+00,4.273402621069708474e+00,-3.246791446479811327e+00,2.553532977798323778e+00,2.732814390020273709e+00,1.681376174731997075e+00,-1.407444829774571415e+00,3.438035202075809149e+00,1.129549588288256690e+00,3.463739447837088647e+00,-3.777017530664385614e+00,2.325793833301152969e+00,-2.761386120373554576e+00,-5.130118648742068022e-01,1.982441954287991637e+00,-3.076152587505984748e+00,-3.546883849179818249e-01,3.863673620104037809e+00,3.613785230829249517e+00,4.711689355537695967e-01,-2.736515535869997073e+00,-2.074283087423440808e+00,-3.298496406920705226e+00,4.271182599304164107e+00,4.849365172470159635e+00,-7.758848829982614714e-02,9.555822686981487735e-01,-9.058684902633235003e-01,9.136827651294865404e-02,1.393315174041835913e+00,1.383622991435587979e+00,1.571363774621576059e+00,-1.639428435725942990e+00,-4.079667541378236173e+00,-1.560136457682280042e+00,-1.394623403566686459e+00,-2.922808682359295251e-01,-4.408723654337993736e+00,2.383107631332510135e+00,1.815741580020898693e+00,-8.766088264653071338e-01,-1.590428410290591454e+00,7.971742060223416804e-01,-2.507394002442516090e+00,1.207292128388731456e+00,3.057414765560243719e+00
2.941592956023431960e+00,2.132143337963279706e+00,-1.012862903664087044e+00,-1.604767648449180850e+00,8.954064530811942646e-01,-3.191983182859190915e+00,8.541192486863924405e-02,-1.086343349352734133e+00,3.637803860127857725e+00,3.928316874921373714e+00,2.732426930658497177e+00,-5.526661394018927975e-01,1.442125642145510644e+00,8.072184073080740374e-01,7.504282130340989010e-01,-1.843386628698118201e-01,2.254590557340799606e+00,2.436478781735186505e+00,-6.075624594518980182e-01,4.307738138385483140e+00,-3.305301282202627533e+00,-5.442233292418854340e-01,-1.125940258981859010e-01,2.348964776507372232e+00,6.882577314079859621e-01,1.851110685733578842e+00,1.749848806759352060e+00,2.419584765776185975e+00,-2.220575264815499494e+00,2.868639199178705912e+00,-3.994230339512642391e+00,-2.709806837616835828e+00,3.639235063603954323e+00,-1.915639400544113524e+00,-9.201957955375501541e-01,3.246253123624369685e+00,3.798201845055988457e+00,3.938361028313491108e+00,3.685657106904804969e-02,-3.347754623894307002e+00,-4.635683523735577793e+00,4.357320357541908606e+00,3.666311283810571364e+00,-1.392800558275599343e+00,1.384067715859467196e-01,-2.184929868789749818e+00,1.107858995934920543e+00,4.272540870360005627e+00,5.312220122049399862e+00,1.566437977073183774e+00,-5.078805964397856698e+00,-4.942998800142460070e+00,-2.072381426556707540e-01,-9.134621015520303366e-01,-1.535392744769894069e+00,-2.978234497430582994e+00,2.415400514002323362e+00,2.694985618535770566e+00,-1.687021228329041778e+00,-8.315930126900055175e-01,1.752344639203458065e+00,-3.681806908041269644e+00,5.593809084815930532e-01,1.746130189015116629e+00
1.591850295385092151e+00,-5.078022008452520719e-01,-1.885895893920554567e+00,1.561865082117639858e+00,1.413671004238522100e+00,2.525733114212067587e-01,4.903752115513282384e-02,-2.451277926149779240e+00,1.673633272627257806e+00,5.725383767768311927e+00,3.469213967330071924e+00,-2.548807840905991107e-01,3.431323146240758959e-01,1.711855161390102742e+00,2.739202011403575554e+00,-2.503432168682689252e+00,2.091427132652574628e+00,3.682616478974238383e+00,-3.706543426976350641e+00,2.464031122475321745e+00,-1.556945603094457287e+00,4.190864360824131385e-01,9.461243718907670353e-01,2.903971209305523882e+00,-1.219353645936223751e+00,9.337197491466349142e-01,8.548490275920008763e-01,3.364450657173344794e+00,-2.207979511641938508e+00,7.201635636583403333e-01,-5.658417211019588500e-01,-5.446390623072439041e-02,3.270069578799035259e+00,-5.432337883808011636e-01,-4.813387048206739571e+00,3.932276795517427814e+00,3.537661025373683543e+00,1.078334580973723922e+00,-1.641884034484666355e+00,-3.921030508965223760e+00,-4.999794599397434425e+00,2.156390868204014488e+00,2.886142461672008608e+00,1.298222723278892765e+00,9.781303663995871700e-01,-7.436047460990002911e-02,4.025350615574905255e+00,3.668353528553258247e+00,3.159839325776144570e+00,-6.810148659311430208e-01,-3.326134628413261574e+00,-2.713464180915527102e+00,-1.432187879842717892e-01,-2.507307401996973439e+00,-5.485010422589774448e-01,-2.705816331118505058e+00,8.934291431978442777e-01,2.166593487661379047e+00,-4.659088106884639591e-01,1.303162639244158871e+00,1.030201964518329127e+00,-2.503523688155891769e+00,2.873729612240389919e+00,1.299304775168098391e+00
2.447817095848446201e+00,-5.726733081796975267e-01,-7.377794751734677581e-01,-9.481385435209501722e-01,9.974380004339308270e-01,-1.259633980900033201e+00,-4.429338802625695237e-01,-3.024056880077966802e+00,3.309996368077992912e+00,3.108275126886427042e+00,3.259980980614697099e+00,7.772134055990423951e-01,1.193870792909754064e+00,1.939933826452767018e+00,1.751843864018459485e+00,-3.379529181322080689e+00,2.055259050310526359e+00,2.963565839068825980e+00,-3.750618769555623011e+00,2.016499602556089954e+00,-1.396951805355936216e+00,2.127858995262597919e+00,3.587795775963658951e+00,1.328637510353007478e+00,5.263534028368334061e-01,-1.279732454188514446e+00,-7.529812035098357725e-01,1.795366454392270716e+00,-2.814228815601107492e+00,2.749116672915649318e+00,-1.562421952893167321e+00,-1.231209658361886783e+00,2.900212983519465659e+00,-2.057089929414577245e+00,-1.357232241610116796e+00,2.627055840480529092e+00,2.607157703265145621e+00,2.208432650160105482e+00,-2.241779765739506214e+00,-3.155510336632165735e+00,-4.265051943535278056e+00,8.202479358791002761e-01,3.071621511610720834e+00,-3.188213706807506154e-01,1.126862043642994915e-01,-2.134817318306239553e+00,4.828540759168196139e-01,1.292830383516899717e+00,2.954515717157196963e+00,5.776930480282339575e-01,-4.194860665290711665e+00,-3.931448907487498090e+00,1.580317805890236738e-01,-2.885017505059044751e+00,-7.864459340619875949e-01,-2.608850970757539134e+00,2.973583314046330806e+00,2.434851474272382799e+00,1.385513558897608632e+00,-4.005707268961119283e+00,1.595169781086589245e+00,-3.433482107862363186e+00,2.440777649999374077e+00,4.498607248616521836e-01
3.359514592529492916e+00,1.833202764638254489e+00,-2.860107345683533975e+00,2.244179006459924963e+00,1.090010262866680790e+00,-3.077188255000984363e+00,2.951164227956473596e+00,-2.172356040793188114e+00,5.965314186130590279e+00,9.953909983224384916e-01,2.567283171366060213e+00,3.062218940151191227e-01,3.246730363601835645e+00,1.842054642744553883e+00,3.477212045407910956e+00,-2.936843999276414596e+00,4.337245837274281257e+00,3.826669651098513647e+00,-2.228208796695536176e+00,7.813827589207313906e-01,-2.923207169794741045e+00,2.954093883977176205e+00,1.169274507148529541e+00,4.292506858381170964e-01,-1.088748168553234780e-01,2.400858853476941945e+00,4.004305818341742373e-01,4.790535138009200722e+00,-3.162395366219206583e+00,3.914553229336463769e+00,-2.951927924333766828e+00,-2.099727490860483492e+00,6.626165329954674110e-01,-8.973184218408276625e-01,2.730413023842197529e-01,4.699586234497417081e+00,1.466306501222348402e+00,3.193624581381082184e+00,-2.280882255237501433e+00,-3.182905424927104487e+00,-2.882424148980927470e+00,2.079478503672466339e+00,4.755240473888464159e+00,-2.715475398307316102e+00,6.187794219442895871e-01,-2.585364207637087297e+00,1.737939530804911703e+00,3.608266636373238967e+00,4.036100018094588293e+00,-5.250241803596367163e-01,-1.359055495954917481e+00,-3.322943284477568149e+00,-9.956896325904438516e-01,-1.203636477714682851e+00,-9.364761270465549181e-01,-2.224350893255520933e+00,4.669426578158441643e+00,4.856458982050346762e-01,9.885957274661825167e-01,-1.643450870937225972e+00,1.024018649842742601e+00,-4.762713727140504893e+00,6.865991388908450066e-01,3.012079566807682074e+00
1.449326570416563653e+00,-8.437765162678032560e-01,9.583312071201470772e-01,1.292228481796659390e+00,1.840160344853349006e+00,-1.687017205488277938e+00,-1.325957002490366854e+00,-3.812831786510359589e+00,4.517799707972189438e+00,6.183492503525092054e+00,4.533196519181069029e+00,2.179510809533099502e-01,4.551935504386303677e+00,1.949374000230695181e+00,2.959111957494623635e+00,-1.004861547429304336e+00,3.414925408473021839e-01,3.177519270942080087e+00,-2.253836137436060039e+00,3.564760653340017349e+00,-3.193426148498118788e+00,-1.654320168654046519e-01,1.326442558209882439e+00,1.829307898248019315e+00,-4.472630338359562252e-01,1.759612393068866965e+00,1.103438097440308852e+00,2.074397830135466414e+00,-4.891373351455148288e+00,4.671218900941632057e+00,-2.967963784197413357e+00,-5.099859114787808068e-01,1.520284891536545890e+00,-1.571433050351865424e+00,-2.619329561346454227e+00,2.869226523503818349e-01,1.550484340775009295e+00,1.973734174835377386e+00,-4.518741090477884637e-01,-2.190230396679753611e+00,-2.539024883233733654e+00,2.317704720261996698e+00,3.305376793936693591e+00,1.395462450540264188e+00,1.127960004583728360e+00,-2.450685364067060501e+00,8.117723221511976561e-01,3.133556299095433761e+00,5.667065548472292491e+00,-6.397220294738170665e-02,-2.394138804754072591e+00,-2.674474829088208327e+00,5.121673866657148189e-01,-1.906169211341123049e+00,-3.090532273908321859e+00,-2.800152411772464767e+00,4.982651484966018174e+00,6.696147926342144174e-02,-9.951479806825282992e-01,-1.859830292353854553e+00,6.920174393935943913e-01,-3.334488410293307226e+00,4.562646619525712044e-01,7.825886889929817292e-01
5.258113810468914906e+00,-1.718752280711191571e-01,-1.935264526414612440e+00,2.702304987601345854e+00,1.326387516487823381e+00,-3.636086753502879354e+00,-1.235953199642204403e+00,-2.672790300381031603e+00,1.265526717400200285e+00,2.538577741420248390e+00,5.541455349184752244e+00,-1.616010519878269935e+00,3.113499034233627949e+00,1.405435625545947920e+00,2.014664148411083655e+00,-2.217494212262451914e+00,2.482879179740208553e+00,2.262581653682333549e+00,-1.980884587351629866e+00,1.814017144149428162e+00,-3.485952165083284982e+00,3.852643069268544274e+00,1.434097799361019554e+00,4.045994822714469308e+00,8.867409614744456992e-01,2.785028043249683449e+00,2.579983034296389643e+00,4.316070981445019328e+00,-4.414118685729068403e+00,3.668476932287298098e+00,-2.947180877583982284e+00,-2.621247531657110663e+00,1.666358357461157347e+00,4.046364887432956081e-01,-2.354180930632526092e+00,5.190076614641924380e+00,1.651530735801468364e+00,1.127737376468970876e+00,-1.273284400458486010e+00,-2.032440207260877152e+00,-4.422603680293690331e+00,1.116081885618994907e+00,-2.299823871594082192e-01,6.455793070151391033e-01,1.782220906654253811e+00,-2.432891041152866141e+00,3.404513108780897745e-01,1.793146507326952577e+00,5.251364943248499451e+00,-1.761393501529721739e+00,-3.144776068152600690e+00,-3.373657554215647281e+00,-1.115236217639903105e+00,-2.337716473456018740e+00,-2.844824289057079625e+00,-2.409791524006050789e+00,2.016784103637101921e+00,4.045303557842164999e+00,-7.988748146557249630e-01,-3.343189098915229973e+00,1.515645442192389947e+00,-2.774000098337453757e+00,2.379413944646065815e+00,-4.658252993705795930e-01
3.962791701592800919e+00,7.824452809471016401e-01,-2.843542953751878599e+00,1.121847397003205238e+00,1.900852257809898305e+00,-1.609990756086564057e+00,2.711440926197262735e-01,-2.940091909181448138e+00,4.268596316077745811e+00,1.615706231027633111e+00,2.951623577139829369e+00,1.905410703299128539e-01,2.029801069871254526e+00,2.277987127670983991e-01,2.612850331727516906e+00,-1.228911311905493076e+00,2.207939179255554940e+00,1.930991787208684141e+00,-4.226515997637966038e+00,2.860388822678745502e+00,-1.526707503477533701e+00,2.996899139804544365e+00,8.386673472108253646e-01,4.258622791649708361e+00,-2.255795375617631215e+00,1.835641764424678302e+00,1.896802118369844026e+00,3.983649746832512051e+00,-3.724625460637664975e+00,3.665793391241983112e+00,-4.077396651056720778e+00,-2.033985962417162785e+00,1.697711510655731004e+00,-1.205478445318384217e-01,-3.779479050356131076e+00,2.456594860940366498e+00,2.827603449604527253e+00,1.116485449184434930e+00,-6.562022185470169910e-01,-1.614922372157896246e+00,-1.462894807692404653e+00,-3.851775743583614187e-01,3.024529402121022947e+00,8.364643397798079416e-01,1.765460766706500761e+00,6.120594570551716185e-01,1.679763866456944310e+00,2.663575433478923671e+00,3.215329958281501810e+00,2.189010356632619558e+00,-3.375239509308608277e+00,-3.476313966003071521e+00,1.077265959617572655e-01,1.244025466571292426e-01,-5.110261714075958750e-01,-8.604463940825204382e-01,3.099014058606200717e+00,-2.441459201073519214e-01,-1.022603874147918201e-01,-8.661886541417329610e-01,-1.769305788078542552e+00,-2.011074438381566409e+00,2.295254040705092535e+00,2.539460907136673828e+00
4.103287712315736080e+00,-1.407729955778665554e+00,-2.989220166651982424e+00,2.067700877397128600e+00,2.221908741484447170e+00,-8.958502325290311763e-01,-5.469596075548429637e-01,-4.247315563224963064e+00,2.771661169014718595e+00,2.114673157435910333e+00,2.889267177840698864e+00,2.567848374853940019e+00,1.892427762809055114e+00,4.150667643908853677e+00,3.008997814942607096e+00,-2.895612824523103868e+00,2.784246502983348748e+00,1.343420649896074570e+00,-1.048316329460795338e+00,2.836050323538815476e+00,-2.393115528214702969e+00,1.731980988796240073e+00,8.469255582006125493e-01,9.262347628286615731e-01,-1.878874808415550657e+00,2.826045103077225562e+00,2.374867178577248161e+00,2.081829518284324720e+00,-3.424221734716045518e+00,3.500041745617311406e+00,-3.568002355682483806e+00,-1.812909374699476661e+00,2.354571595348002422e+00,-3.054864566605973941e+00,-1.540427607548048528e+00,2.455832863200249072e+00,-9.418630404850669713e-02,2.332022531175489632e+00,-1.986213713207127363e+00,-3.863966450967318611e+00,-4.204238021709576500e+00,-5.392219956539703318e-01,3.248946948591768802e+00,-4.983674336227066348e-01,2.107231093956178358e-01,-7.035679623359217816e-01,1.677406271707461149e+00,1.137765187533116507e+00,3.272977052182005409e+00,1.645647132227797238e+00,-3.462078414399423210e+00,-2.557029594773654324e+00,-4.484228544350713719e+00,-1.607448016564613003e+00,-3.220933878823382113e-01,-1.701031726544756539e+00,5.259390362144116260e-01,4.175008745915587127e+00,-9.616232606988710518e-01,-1.503348254848272392e+00,1.261071754722177474e+00,-1.566268628805935981e+00,3.094606661683575677e+00,1.091411550084662174e+00
3.265653027029106426e+00,-9.798260927419069066e-01,1.676551453118682922e+00,-7.817284279801979263e-01,1.398339067094918731e+00,-2.087410154798452488e+00,2.143629488380022208e-01,-4.400113145372156254e+00,2.611161350873045350e+00,2.839568133636801495e+00,4.684288066145176899e+00,1.994311720082293293e+00,4.889515171335309773e+00,2.215174200783944336e+00,3.862361692613764053e+00,9.765405903077581939e-01,3.640887634771657222e+00,5.761056395829617927e-01,-3.361088711686051056e-01,2.014379224454315498e+00,-1.748121442734261732e+00,2.092760427051748806e+00,2.747687162429016894e+00,2.583402178487086420e+00,1.455973825536331923e-01,2.812039532470666181e+00,8.311742283913041707e-01,2.992916813527646269e+00,-5.541625465361361691e+00,3.255790001199505568e-01,-1.908728617182552600e+00,-2.457829299642492416e+00,1.086727928850468317e+00,-6.029994295073008992e-01,-2.367856052806891487e+00,4.205170879864588152e+00,2.974550991167572711e+00,2.448232284967176930e+00,-1.257783279515890973e+00,-1.580081397230187479e+00,-5.673457911617976634e+00,1.518382669514398042e+00,2.639231958011278412e+00,1.110374349967458318e+00,1.253677942066670159e+00,-2.356614121723795918e+00,1.941754864126838731e+00,2.419667484860453577e+00,3.675208170443759581e+00,3.618118672264508673e-01,-7.945597022934391962e-01,-3.247750490284270430e+00,-2.357246990885192073e+00,-2.885267183936616853e+00,2.331950111082740751e+00,-2.289954197045438011e+00,1.484135270070721768e+00,2.643114987608501387e-01,-1.001997134483291862e+00,4.032329494091446698e-02,-5.618850915381012889e-01,-5.250455151412099397e+00,5.687704972798017788e-01,1.957905065493070307e+00
4.356606530665336763e+00,4.706391759833538080e-01,-3.584864798300757549e-02,2.445465491343756348e+00,2.361075347150856096e+00,-1.788686549053468466e+00,-1.443080357379015410e+00,-3.737133641798234596e+00,4.025525541648768524e+00,3.753180163224887789e+00,3.670791421035978885e+00,-1.223837320167663334e-01,3.317267250380505850e+00,1.934053878695663586e+00,2.718411846573737467e+00,-8.881728710529168680e-02,1.869135950495074194e+00,2.093896171571135056e+00,-2.714939205356057261e-01,2.458673603512531614e+00,-1.178724758427917241e+00,3.071599215142471806e+00,3.496873918186158114e+00,2.924631000928118230e+00,-1.533172972338888274e+00,9.648765318963261617e-01,2.794831968440837588e+00,4.594010752082421156e+00,-3.200274337940876901e+00,2.231706468355524997e+00,-9.181063380793519357e-01,-3.127917704500898566e+00,2.398889955127359919e+00,2.872193153956552614e-01,-2.771044915478598103e+00,-4.036542916595431407e-02,5.970447284516238184e-01,-1.795386475338528243e+00,-2.657346479960137398e+00,-2.774414939498806465e+00,-1.640753826917364266e+00,2.907869418841641185e+00,4.739562129686593295e+00,-1.699748499682705860e-01,1.529573212806747851e+00,-1.491099237124010379e+00,1.482383635885704543e+00,1.764583272019221383e+00,5.293437731433573212e+00,9.383451970805112285e-02,-2.659844431327061276e+00,-1.792516846636573291e+00,-1.176553650215626856e+00,-6.109054441809669278e-01,2.651660426212549826e-01,-2.758508126075779110e+00,1.679107690205649872e+00,2.103144747878998189e+00,-1.532511334938730374e-01,-3.259298804862545973e-01,2.992516553638048471e+00,-3.851366147741890344e+00,9.672179949621136918e-01,2.602641569310592651e+00
4.328194126599004932e+00,-1.830326353359657432e+00,-9.932091583244110344e-01,1.698677850602069661e+00,2.959197142341643882e+00,-2.040069276641502949e-01,-2.279010796523849969e+00,-2.032154436585084767e+00,2.865012976403179756e+00,3.806725384558408809e+00,2.976546683068324484e+00,1.236955323079888425e+00,2.749704417045735649e+00,1.424472047063920055e+00,1.118496443810065744e+00,-3.295355028862219982e+00,4.207633010544041596e+00,3.130895644232680297e+00,-1.454336362734278021e+00,2.041706963249982021e+00,-1.808273822947374931e+00,3.307928298046657112e+00,1.956134774557781730e+00,8.941470348178102157e-01,-1.563007081465107140e+00,3.841624598508752264e+00,2.236466289026758592e+00,2.220289271996808367e+00,-6.002832310648840597e+00,1.886868101285041011e+00,-3.062724797104521279e+00,-2.540136204636519235e+00,3.647550853917673752e-01,-1.668863557673768927e+00,-1.137560034766019079e+00,2.447666841374628977e+00,6.378510208427610184e-01,-1.588358283307204744e+00,-2.073783509287832061e+00,-4.980252079776237295e+00,-4.388801425781439391e+00,2.024672572863334796e+00,2.456040046456451797e+00,-1.083200197820201049e+00,-3.216438378936232745e-01,-3.170914067645481893e+00,6.934072182705868226e-01,2.152161524394927916e+00,2.532894224512221903e+00,1.611535660249036717e+00,-3.808309137605525585e+00,-2.201888192269904287e+00,-7.154209114556746574e-01,-2.491623362121905938e+00,7.783731934538824504e-01,-1.631122602858091630e+00,2.352473154121569543e+00,3.236766096939051707e+00,2.554842265905404641e+00,-2.515200343317194331e+00,8.994137892544155077e-01,-3.778690551046504531e+00,1.252257612144143328e+00,1.731345058228044742e+00
2.532773537389966911e+00,1.448486322990992115e+00,-8.473964492290658734e-01,2.151370653621135887e+00,3.976049819041762134e+00,2.233155371634993891e-01,-5.443410071506785686e-01,-3.220500226354473750e+00,2.914361033282814262e+00,2.207926707592712479e+00,2.921215331318141484e+00,1.067483103029921221e+00,2.944671666869629334e+00,3.364115334432580262e-01,1.068663846206272083e+00,-1.553117542663921213e+00,2.400401669219657474e+00,2.067027155869995969e+00,-1.134393958228905319e+00,4.330918106557694713e+00,-3.742288415426711090e+00,3.871745459030815351e-01,2.410774319564474411e+00,1.039580383143310582e+00,2.447021841036957301e+00,1.631236829725557502e-01,1.847521726931899533e+00,1.471436399335392498e+00,-4.083207231601869047e+00,4.700767507750152063e+00,-2.280029156145161995e+00,-3.036500698373446827e+00,1.382723347438510109e+00,-4.055278491028802001e-01,-5.317695418685761677e-01,4.076795403413017382e+00,1.195102371462010371e+00,-7.056644268442275880e-01,-1.629586861549714438e+00,-2.544678311853802111e+00,-3.201733147121697431e+00,3.515781984834017937e+00,1.905777503385610139e+00,-1.710355054296773147e+00,-2.354815175756871160e+00,-3.410175368251035621e+00,3.308641844414597522e+00,-1.317662407316257056e+00,5.025640483536358616e+00,-5.658645436043743260e-01,-2.180644277221784222e+00,-3.616806774968841509e+00,-1.956389941268541710e+00,-1.379348763012580692e+00,-7.325758124534326177e-01,-1.840367594272157348e+00,1.387866750029006946e+00,2.427498745461370788e+00,1.309472369829047800e-01,9.241542214288367418e-01,9.696355417664443976e-01,-3.128608884782313915e+00,6.434010707322997957e-01,2.371241660623052638e+00
3.177754763983316355e+00,-8.519200564039721701e-01,-1.669737509628162808e+00,1.287863942617136548e+00,8.008413700764059895e-01,-4.543840148743476526e-01,-2.034015076079407069e-01,-2.800862055246192917e+00,5.017857107643756365e+00,3.314142247421397958e+00,3.342220733103178354e+00,1.155144038937242712e+00,2.408055890529132270e+00,3.451923326109928247e+00,2.053663837669266190e+00,-3.844867950213526342e-01,1.747103126765892522e+00,5.597297890832470202e+00,-1.935142733474731980e+00,3.471926587895078242e+00,-4.514262376664998300e+00,-1.217166597256230443e+00,1.279560966993644744e+00,4.571016622889441550e+00,7.823977603228535749e-01,1.827648711318532460e+00,3.658580913451009664e+00,3.583839876150553216e+00,-1.796109086901296781e+00,5.995059937298400143e+00,-1.363308899238426575e+00,-1.102463043108807383e+00,3.856192207675219308e+00,-6.252410022951913060e-01,-2.717948579115162744e+00,2.431939882822196086e+00,6.203065870788733172e-01,7.481668306762209175e-01,-1.674992098334608714e+00,-2.377149389148331071e+00,-4.524284766331675200e+00,2.207665486922966824e+00,4.002850984996952022e+00,-3.571742705300352316e+00,-1.620087617402210078e+00,-1.691771287326772288e+00,1.288682913598716784e+00,1.000653638252342992e+00,4.450175448293803626e+00,1.057184600387006679e-01,2.026804762328460185e-02,-2.538912861014503530e+00,-2.900785335420029032e+00,-1.593180808751387012e+00,-4.155303471190369691e-01,-3.076829211718548063e+00,2.581925104470575771e+00,6.861312010092851521e-01,9.761468881804202802e-01,-1.262188265845490598e+00,1.058294540592872979e+00,-3.601785283034731666e+00,1.040070347273237772e+00,3.220308709563435734e+00
1.756299457350488646e+00,-7.643660883525639216e-01,8.367948284372239698e-01,2.515962271124238647e+00,8.523874217845199830e-01,-1.705052730437963682e+00,-6.326021170209822353e-01,-4.660113640861029083e+00,2.216007298520573432e+00,4.093279587528341423e+00,3.410286091025750199e+00,-9.396452123425105274e-01,1.497643997567949414e+00,1.154657672160853910e+00,1.203576237210491673e+00,-3.002139429140842974e+00,2.013242307197916858e+00,2.602789787905084751e+00,-2.433848412996072241e+00,3.753582563638029779e+00,-4.592422981845441399e+00,1.638874978551592809e+00,3.339476603368920493e-01,3.263763112506563147e+00,1.660095534444654963e-01,2.204782080519574361e+00,3.866437831975606088e+00,1.696951664358130163e+00,-3.937940303903407990e+00,5.935817587740795709e+00,-1.239775312382940253e+00,-1.798410073791065322e+00,2.729699768488645262e+00,-9.626295150785084687e-01,-2.132190324471412879e+00,3.373321981621734356e+00,-4.825337583288340504e-01,1.553437391315258598e+00,-1.195073023230950993e+00,-2.704094384320623767e+00,-3.728528080811919665e+00,7.330971957100982372e-01,5.671955389304162765e+00,-1.531205976320919593e-01,-6.325606172749520528e-02,-1.385023495882829581e+00,1.646579810621260354e+00,-1.330974690061555776e+00,1.328773348891294726e+00,3.978435426271513808e-01,-3.127085016383726490e+00,-3.626440452311366247e+00,-1.111824739356963132e+00,-2.062091249021729134e+00,1.048686007262686903e-01,-2.663878680152805156e+00,2.775390591546415653e+00,9.171249559884828706e-01,-1.165900405289980402e+00,-1.162649185651980055e+00,1.230156297455060832e+00,-2.492260352651903155e+00,2.777459989765928228e+00,2.350078501663334762e+00
2.292722561144272753e+00,-1.349944381317506936e+00,-1.709523827655442973e+00,-6.449626048755487950e-01,-5.341301847192647667e-01,-7.852068986911504567e-01,-1.132919181560738231e+00,-3.347897142769528323e+00,5.234084756155382934e+00,4.152394427624081175e+00,2.974944034974387641e+00,1.944103103214189110e+00,2.620142490691349302e+00,1.899246767794771529e+00,1.588565522534153285e-01,-2.706011565228908733e+00,-1.813867773883806045e-01,-5.077547688326298214e-01,-2.167440732232697176e+00,4.244944738364490711e+00,1.464996712373960452e+00,2.102252465032433015e+00,1.662889516017319380e+00,2.647507072910104231e+00,2.418339603906087820e-01,2.812465984938946395e+00,2.161124238464525504e+00,5.773731839779710384e+00,-4.423208482968641775e+00,2.084313617859337775e+00,-4.611865171308206612e+00,-3.552121567695534665e+00,2.357813681797454652e+00,-1.066404920654419053e+00,-2.594619098473213370e+00,3.233685867838582251e+00,4.483761552609434986e+00,2.766169395184647328e+00,-1.723964048114265957e-01,-2.466220460662633673e+00,-3.378580295060503058e+00,1.581152456083863456e+00,2.369436827824090042e+00,-1.746783565773202929e+00,2.433755544466328136e+00,-8.826397821157018209e-01,1.828084449329309580e+00,1.505637363481145519e+00,4.848132092859501974e+00,9.519932599242817428e-01,-2.788816069372446638e+00,-3.474522934757713344e+00,-1.315877625745625501e+00,5.539241969995432058e-01,6.973688384646412608e-01,-3.850749812345902079e+00,6.350736126591392861e+00,1.958194717612534275e+00,-8.269850186356972888e-01,-1.951234637949158746e+00,2.595936621676771416e+00,-3.596004061946223906e+00,2.439781986394504720e+00,2.163789305447059608e+00
4.584360662538386144e+00,-1.215469603081009708e-01,-1.215464226033081019e+00,2.667682314531453436e+00,2.276303064637613005e+00,-6.065494874383803303e-01,-3.884477309055691108e-01,-1.152309018551215480e+00,3.770342051335007660e+00,3.757283990610154056e+00,4.742587346415196414e+00,3.810578829838631720e-01,1.204338098110018462e+00,-5.404114631102958644e-01,2.353190616658290324e+00,-3.612671623819110334e+00,3.044727793601615939e+00,1.606340376546913085e+00,-1.412636490132427758e+00,3.636027178144581207e+00,-2.049183363288963999e+00,2.040535820148257518e+00,2.776433611482243435e+00,1.009517871920120324e-01,7.910892951018837493e-01,1.146191674861728460e+00,1.635554217629630713e+00,6.518662725862878204e-01,-1.833119242161697304e+00,5.688510425763356082e+00,-3.226956300347473494e+00,-1.922937832438035954e+00,1.814998116975941933e+00,-1.910291568289629094e+00,-4.006802417648918535e+00,2.961370803149078856e+00,3.496232432206099361e+00,1.674243043124182595e+00,-1.114648872109731403e+00,-4.179381286677621432e+00,-4.930966133458728251e+00,5.592888861155989044e-01,3.164186715114632786e+00,-1.747062118750775106e+00,1.751589660157128359e+00,-5.298671623197235281e-01,1.669673287869798184e+00,-5.576530720639327754e-01,3.269283247980351970e+00,-1.751266450828179888e+00,-8.217472182618703602e-01,-3.102443444788884452e+00,1.272474050802218759e+00,-1.472311653655890229e+00,-1.570075113965885283e+00,-3.223717711162586763e+00,3.193494336168310355e+00,2.247586532462757081e+00,-1.814947205790406359e+00,-1.411946998832294131e+00,2.013757976735527144e+00,-8.280210235363951732e-01,2.316252583802604903e+00,9.259325898071878447e-01
2.757830090857868122e+00,2.535688847719145489e+00,-5.508836184135934566e-02,-1.489490641601280974e-01,8.222411198093636520e-01,-2.473146657058978626e+00,-6.609708074419059498e-01,-4.659791198194938922e+00,2.687360338140451610e+00,1.294839811160428678e+00,2.253536386506053368e+00,-1.194290472194989849e-01,2.848555303707598796e+00,4.695763508773931338e-01,1.694161320142980820e+00,-3.582139426708245367e+00,2.253966214166826632e+00,2.962712579502384536e+00,-4.028316154872581656e+00,3.477785204378902151e+00,-1.698006553275717589e+00,3.765959580492058922e+00,2.167190064678871764e+00,3.322295749555119748e-01,-8.552507160506188644e-01,2.558165571903038060e+00,-4.762114685182630147e-01,2.776119990062288601e+00,-1.837672803395902887e+00,2.724800107628961410e+00,-3.504952208239684452e+00,-3.736757683726352752e-01,5.447197792528062799e+00,-3.140905956326036641e-01,-2.684711521146524227e+00,2.982166122617675441e+00,1.437737431002328314e+00,3.730384826677376697e+00,-2.991793361045227861e+00,-2.210522970084605632e+00,-2.568186859433618796e+00,-1.038313111987605453e-01,4.848224970621510366e+00,-1.820123208877397536e+00,3.356036090471198330e-01,6.557443596553873544e-01,3.523072901087771491e-01,3.113039139809449907e+00,3.375367740647500892e+00,1.200228717990536431e+00,-4.580494373029591060e+00,-3.662253115493783184e+00,-5.762345196043394679e-01,-3.452151278588374339e+00,2.493457256302224589e+00,-4.211461321931310842e+00,1.612381816434502957e+00,9.323559389222451088e-01,-3.959784561513424617e+00,-1.355265231180925456e+00,9.117810348901944639e-01,-3.645739975093874818e+00,1.122593566167688683e+00,2.278051764580795169e-01
4.444602041776312795e+00,6.678487285705341225e-01,-2.559896578064990713e-01,9.151517811754563692e-01,1.082062554491412421e+00,-1.761706284214373142e+00,-1.381741697189895923e+00,-3.763244598486700010e+00,3.630300851766153691e+00,1.885750688822377841e+00,1.702438357828152560e+00,2.134748459506621288e+00,1.758817142463386496e+00,2.663188078812678494e+00,1.239477610494405635e+00,-3.162358074714453959e+00,1.347563499448011903e+00,1.956789518994869193e+00,-4.107926670044397266e-01,1.135417630240393549e+00,-8.192979129898134705e-01,1.545716984244502434e+00,1.492278759956483958e+00,2.340018742622186565e+00,-2.304077011992134716e-01,-5.932254587731522477e-01,1.798060799205400739e+00,4.348407761103241675e+00,-4.168961244045942038e+00,3.896662952051267226e+00,-5.049093275920095714e-01,-1.160923780723457810e+00,1.485410118225574561e+00,-6.711330629223721811e-01,-4.350886789175439695e+00,3.272281693839345085e+00,2.088497071136540040e+00,2.843276446825069748e+00,-1.224553818695959473e+00,-3.482408757265600840e+00,-3.520209775152302267e+00,7.380936871756160755e-02,2.922956228533020173e+00,1.129192241502938510e+00,1.256389597445840112e+00,-1.799522239489556696e+00,1.732741182442008254e+00,1.621396818672910189e+00,5.751678312695865714e+00,1.608431713417266762e+00,-4.606945741931783189e+00,-3.078102544773156701e+00,-3.688860329002452421e-02,-1.073303784203090139e+00,7.130562365277983705e-01,-2.542005220331121418e+00,4.828061664382443219e+00,2.522465254535786627e+00,-2.301287964007634468e-01,-1.535374951165295654e+00,-2.876757326066901044e-01,-2.676357630142601085e+00,1.037600971161044772e+00,3.352830967370183046e+00
2.998937844157741672e+00,-3.970815997930920993e-02,-9.962241080611249355e-01,2.493909590960449840e+00,5.782339142819781230e-02,-1.513101385320353653e+00,-2.238604117078485167e+00,-4.352449767622653454e+00,1.376023009142793185e+00,3.778031174280068516e+00,3.399013725608325043e+00,4.290974524829457293e-01,1.622453253301775034e+00,1.369406221903793686e+00,2.013717187986476809e+00,-1.968605331450914653e+00,2.888200728750989654e+00,2.239285862966719165e+00,-2.606766703263222684e+00,3.435415973058279171e+00,-3.125720539396445119e+00,1.714918236964535048e+00,5.743318207392134056e-01,4.581305963695951888e+00,-4.212751322387314756e-01,2.229712622893943674e+00,1.928420065811293771e+00,3.540884742981071476e+00,-2.275261676743103312e+00,4.487476114942950289e+00,-2.340822091200630783e+00,-2.599656651249997452e+00,4.802933912140078476e+00,-2.520450514864266189e+00,-3.180671337740910154e+00,4.530467710945456083e-01,3.247917389655657239e+00,1.447097732779210499e+00,-2.959914650937791158e+00,-9.775973234236570164e-01,-2.805896333850403046e+00,3.719841488917380534e+00,4.614023909608322427e+00,-1.998421947622040173e+00,2.550358340600501705e+00,-2.684813815271541504e+00,2.965065825191484095e+00,1.789481319377215218e+00,5.378118025327615292e+00,2.376587144668064866e+00,-2.427812128723721319e+00,-3.632977550835140512e+00,-4.922317569543909199e-01,-8.395628949533517904e-02,1.039267671027243489e+00,-3.807543986529449143e+00,3.827129146341925914e+00,1.923720051662439978e+00,3.094794069193114172e-01,-1.780582714821131729e+00,6.995219548739626259e-01,-2.291184610719280812e+00,8.507206995323701726e-01,1.886665318883359088e+00
4.043892339276315973e+00,8.831751954240698588e-01,-9.721168127529961067e-01,9.616339047618054359e-01,1.432602622240585211e+00,5.214053901085247134e-01,-1.453791879072959814e+00,1.612492045457623036e-01,2.460113165441828009e+00,4.142391158905764925e+00,2.211844570924780484e+00,1.052575205699355587e+00,4.043156839590864138e+00,-3.562701545413724524e-01,3.490813066029661904e+00,-7.449200535420468228e-01,1.489358481296628067e+00,4.277691976073592528e+00,-5.153903445754844270e+00,1.922770644891118152e+00,-2.488998178246267123e+00,2.317357995511859947e+00,1.905493755207551931e+00,3.873736319306220643e+00,1.277385525212325401e+00,2.298183017273840445e+00,2.468382906305524038e+00,2.004072865796920233e+00,-5.687245368615087671e+00,1.955143601670035425e+00,-2.466789000392095588e+00,-3.865892952494396795e+00,1.447528968858460496e+00,1.089881249977018296e-01,-1.427458459406352187e+00,2.347808613779606812e+00,2.631585458065832661e+00,1.192156384617902631e+00,-1.550350488684229200e+00,-3.783492973188086417e+00,-2.048445034243646212e+00,2.856119337098138367e+00,3.163734744996209880e+00,9.512297018286617334e-01,8.939013839778100490e-01,-5.855879950670219714e-01,2.929787481803914240e+00,1.252751645436538608e+00,8.561190609013471509e-01,9.879706016915011935e-01,-4.028498705853950312e+00,-3.900319812055067281e+00,-1.020524097432347066e+00,-6.330440627316507030e-01,-1.959317002784412232e+00,-2.024865538889640604e+00,1.555145708871471522e+00,1.849201878239906449e+00,6.411314232801323953e-01,-1.055796345555579219e+00,-4.630097039247784707e-01,-1.755306535868396134e+00,1.696241317189839171e+00,2.035903174574790420e+00
2.903625324263911178e+00,-7.524996749733309231e-02,3.969583239096412530e-01,4.275820778942274192e-01,1.359654184545708855e-01,-5.920259025268216346e-01,4.742869713748580907e-01,-2.294630354466127287e+00,3.143892189986787322e+00,2.670591682828148627e+00,3.270274099289408820e+00,1.855608312930600690e+00,6.084644075063986079e+00,1.156176124195882560e+00,3.228935513148983638e+00,-5.054617019220936314e+00,1.152816730640086273e+00,4.184964102108320816e+00,-1.390595561065937957e+00,2.121225130627229838e+00,-3.058167148245691802e+00,1.489009807697374566e+00,-4.500565348721341508e-02,2.463806415586455856e+00,-1.403060471848035284e+00,1.890289115976432788e+00,2.888696367442543433e+00,2.154732585928054611e+00,-3.146096140711463374e+00,4.153951800495719660e+00,-2.038095299572663777e+00,-4.486861251369420600e+00,2.159792089600017118e+00,2.474480509529453087e-02,-2.457652264486778648e+00,4.896254031057667433e+00,3.377329587467491123e+00,3.590803847300937157e+00,4.124221673766610419e-01,-1.197719347730853645e+00,-3.745709353533889008e+00,2.672271301416661249e+00,5.144132824276457683e+00,3.986139788452741639e-01,2.479263474897298591e-01,-2.203188913438280494e+00,2.995764817906205302e+00,3.390625807160414951e+00,7.077312699962485354e+00,-2.313879927051232244e-02,-4.077256018074214339e+00,-2.512083116805305050e+00,4.253873612185239406e-01,-5.421916900360075342e-01,-1.526234549771461113e+00,-3.423003476033694703e+00,5.611484059401092850e+00,5.777625401836827823e-01,-2.964266561281460044e-01,-1.941077126520591722e+00,7.642548274821208132e-01,-4.044039231811836999e+00,1.515493554745577898e+00,1.126361429836713723e+00
2.127010018558578963e+00,-1.352720920856393061e+00,-1.627458326548451462e+00,1.541604528308675004e+00,3.730690064086807034e+00,-1.980622703508543747e+00,1.028280257747457682e+00,-2.261015776224179596e+00,2.412305751439290269e+00,1.633542442008944162e+00,1.872108442757495217e+00,7.581914087307775052e-01,3.773384506564551266e+00,1.177767450085266621e+00,1.562974526451547552e+00,-3.429579476217492484e+00,2.661793210324147285e+00,3.048045202461587166e+00,-3.338328181462631328e+00,1.993555608547180835e+00,-1.867517112528896961e+00,1.593913308861248268e+00,2.497347371429489371e+00,1.440098535548044012e+00,3.526163523292396906e+00,1.329763035911199154e+00,4.344310389117913118e+00,5.778863367153270758e-01,-4.490937618530920439e+00,2.377284238800490002e+00,-3.489565738500616021e+00,-2.504438632710739299e+00,2.509756442601873694e-01,-1.764818421780874669e+00,-3.297244775830368901e+00,1.486431338629223831e+00,-5.708696490229749898e-01,3.199206070007905467e+00,-3.757026732243023970e-01,-2.384237762180321241e-01,-3.212858522752617851e+00,3.745260446624573802e+00,6.309831072829432230e+00,-1.368111288543511384e+00,-3.251565016412643061e-01,-1.122000164226226060e+00,6.726912167800039866e-01,4.890436588246657834e+00,3.853836159030862074e+00,3.749585818476699473e+00,-5.293940992561354086e+00,-9.500393455136333376e-01,1.258909022494386631e-01,4.773432957541183796e-01,-1.505104527299051753e+00,-3.257920229306128235e+00,4.034317675119790891e+00,7.778403745991159246e-01,-1.414335337258362468e+00,2.080156707501005009e+00,9.205004585008569329e-01,-4.295092595927065382e+00,1.027809684828896231e+00,7.883877657763956881e-01
1.959756962320149842e+00,4.716620687608234497e-01,6.871141823141899696e-01,-3.447162951894324756e-01,2.376699482904891525e+00,-2.444928448434522394e+00,8.043353201469920499e-01,-2.857692498164680739e+00,2.395028910142307232e+00,3.412621260727245254e+00,3.065656204424734188e+00,-8.971978733298713315e-02,2.583542356432659393e+00,1.174967726813668456e+00,8.737122741474849796e-01,-4.998603934486347544e-01,3.290589528492116500e+00,9.412420739474280929e-01,-3.357260383615915611e+00,4.969461797276796489e+00,-1.861420185097863556e+00,1.510603459558202522e+00,2.817125709725910809e+00,1.096161631275258896e+00,-3.430703916574563972e-01,1.545838774137302307e+00,2.612509010970238688e+00,2.414350253875137575e+00,-3.614625270320525718e+00,3.660379979731899436e+00,-3.345592415470572512e+00,-1.123722214361588367e+00,1.746072000390013645e+00,-1.538543290005750519e+00,-2.401943382735611809e-01,3.835346958533870421e+00,-4.972119019399023898e-02,-3.011587113947467031e-01,-1.772356473523863940e-01,-3.464216622869888074e+00,-3.722724074806559535e+00,1.025473477977811854e+00,1.330054448804588230e+00,-2.231825278443605454e-02,-6.227294169098995802e-01,-1.254419530834494756e+00,1.379359859022725177e+00,2.360767642592090265e+00,2.534541898074941901e+00,2.740612337931854103e+00,-4.728633605669468665e+00,-1.076334837582314741e+00,-2.106496669559398405e-01,-2.025788901510092277e+00,-8.658440393684716518e-01,-1.059669954081640109e+00,2.012275637168859710e+00,3.722052224065867332e+00,-2.350740330057898397e+00,-1.028077419647634549e+00,9.467407318883964695e-01,-2.036101297425606749e+00,2.660759630924852015e+00,3.296145532232510611e+00
1.659589079516321286e+00,1.292838095232254458e+00,-4.914804951398977773e-01,6.206704126063147253e-01,1.542415875130427327e+00,-4.106683401883754136e+00,-1.157946909285965775e+00,-3.093660192629025474e+00,1.653181878955179318e+00,2.550634903030381206e+00,3.763304504064582723e+00,9.825215200388057735e-01,1.109400313675258598e+00,1.579757827640032586e+00,-9.046407412425891970e-01,-2.094011536923483519e+00,3.626616828892990974e+00,3.600500180304960551e+00,-1.476642543865892332e+00,1.877299272549890485e+00,-1.489705223512498788e+00,8.500972193108469188e-01,3.203603786263564679e-01,2.183419542773305633e+00,4.544472635385848891e-03,-4.053222204309174792e-01,2.702236113307266319e+00,3.266442335651129181e+00,-2.135941874797468554e+00,3.733805410067923880e+00,-9.758462328978982914e-01,-2.634166714684305077e-01,3.515396290026752801e+00,-1.370262749235101385e+00,-2.784350970746875653e+00,2.753451288640311745e+00,3.242833414386010027e+00,2.600970550552279104e+00,-2.670734139355761538e-01,-2.630187920626099185e+00,-3.664645005606294692e+00,2.510399950390049817e+00,1.744575966115140098e+00,-4.402277947220817333e-01,2.248656476376319713e+00,-1.482164376332555378e-01,3.829148136750632148e+00,8.529447411529000878e-01,4.337813958377942924e+00,7.831781550969283412e-01,1.486984899430507934e+00,-4.677622838855119092e+00,-8.372808303156619170e-01,-7.827295663962394734e-01,2.007020920745998360e+00,-3.077302593065668113e+00,3.607767537842681893e+00,1.523403049719623592e+00,1.185672355753007334e+00,-1.866248929380519117e+00,-1.359713445249544517e+00,-4.184136596269620867e+00,2.549898022543375831e+00,2.662837217141497348e+00
1.244984783447388832e+00,-8.819784541739703609e-01,-6.876013781149428183e-01,2.541506350456995689e-01,9.919346020403179143e-01,-1.382358334038306324e+00,9.612748033505102985e-01,-3.745226650040112126e+00,2.867866013711925621e+00,2.179944441958761914e+00,3.515493700259947563e+00,-1.260153407964403893e-02,3.348973931205886601e+00,2.442182896027351724e-01,4.464379631725816644e-01,-2.049171902189879990e+00,3.968668106556271447e+00,2.443996003671175199e+00,-2.815921373493050162e+00,3.486996687437114772e+00,-1.121285595090555365e+00,3.159860962668117779e+00,1.448276982273108748e+00,5.218543613674192727e+00,-6.533888750679590629e-01,2.736421202460348479e-01,3.466782615611137430e+00,3.923447086789436877e+00,-4.119803395961194603e+00,2.595496790438838630e+00,-2.970388706473916063e+00,-4.233408727662015814e-01,1.345237457462208130e+00,-2.986128858372649297e+00,3.609142329967451879e-02,4.529936032338492957e-01,1.699235706795954481e+00,2.503716896712885109e+00,-8.343953185130769112e-01,-2.794105507929365739e+00,-2.806953886321708502e+00,1.913468597599414789e+00,4.797457874617435003e+00,-8.245805359883018326e-01,-1.078244378944990034e+00,-5.167774901825652467e-01,2.693625496571937283e+00,1.473075092108608874e+00,2.469638697050440257e+00,-1.471062506952170335e+00,-2.930814421426951810e+00,-2.961068742450602809e+00,-1.193150470600989888e+00,-3.111466233260069991e+00,-1.338358511637930626e+00,-4.005528689130290587e+00,3.312961144482472253e+00,3.667373885679723333e+00,-4.103813735963300902e-01,1.279428189788958115e+00,8.616808738064813955e-01,-1.724151640751234726e+00,-9.389962184552365088e-01,4.419692689786882678e-01
2.115354976397274989e+00,1.960097551633021851e-01,6.216393770122397022e-02,4.925121973029684685e-01,2.053896238151344367e+00,-2.565226858433469204e+00,1.012301999089306181e-01,-3.249800606044770390e+00,3.257865165402551000e+00,1.774083465359801437e+00,4.533294087410883577e+00,-3.003910163573630943e-02,2.627646368810066857e+00,2.283038833654174038e+00,5.978121585589653009e-01,-2.051966823625500869e+00,3.292139463392353083e+00,4.718229162524784748e+00,-2.180475942308056858e+00,2.692997242428383231e+00,-1.990496584691101578e+00,2.670482011327452998e+00,2.155799159978582846e+00,2.815182964960749601e+00,6.495173362823397634e-02,1.256245454342918677e+00,4.423714320737956562e+00,1.556596970808572289e+00,-4.197647171145733935e+00,4.576799211866192429e+00,-3.583856835697393439e+00,-3.756467677598292809e+00,1.904700632185022613e+00,-1.521922648393376321e+00,-1.187690701857956777e+00,1.838351839615200101e+00,1.762048420811974658e+00,-2.485845228604555146e-01,-2.492683065832391520e+00,-3.038184160529914024e+00,-1.076562019081960031e+00,3.530391606655409742e+00,3.037544740638150387e+00,1.198591217719650270e+00,2.285898081699302864e+00,-2.404581597830237616e-01,1.073603448137622873e+00,4.448372575037227605e+00,3.670260489484796551e+00,-8.796020772666341969e-01,-4.765878411479054222e+00,-2.421743042739715968e+00,-7.663712935363431455e-01,-2.124634994265264254e-01,3.314894417360543244e-01,-2.634772687956838944e+00,2.386577626656871232e+00,1.136570053339800435e-01,-1.247745683843792808e+00,-1.183303065205233651e+00,5.829201592638674212e-01,-3.087120239995567061e+00,1.597933695074000182e+00,3.525206839761664490e+00
3.237245656259403415e+00,6.587630720568100617e-01,-7.396901930411264869e-01,1.303017902421060858e-01,-2.229926775063639788e+00,3.359400995400818601e-02,-3.290719192170772356e+00,-2.918722995322084124e+00,3.710476096778497102e+00,1.789023724505463431e+00,5.080494528454273961e+00,-1.476327244110722248e+00,3.064437487009922023e+00,-2.070194365762058286e+00,4.722666862354556905e+00,-3.708655909210333057e+00,1.617968951299884717e+00,2.914843975778186991e+00,-3.186304622014280774e+00,2.911202795852217751e+00,-3.057209710806624514e+00,8.454920319348646629e-01,2.758293879042399421e+00,2.196796301466996226e+00,-3.962152101743723343e-01,4.056876499667151137e+00,9.310229669847756018e-01,2.490156755689993062e+00,-3.412668213244523407e+00,2.498080547820229924e+00,-3.120731273467360900e-01,-2.201087584156962151e+00,1.365154206075244403e+00,-2.804762576575468458e+00,-2.206917743530660836e+00,3.512118330816759393e+00,2.150501021558054227e+00,3.153082170777518289e+00,-2.482180253475776421e+00,-4.644521708296389662e-01,-6.375660727564502750e-01,1.660208236627430667e+00,3.134433672963051531e+00,-1.758197226836611504e+00,-8.597226050711799239e-01,-1.321672234637079280e+00,1.402023508880031244e+00,1.647654855779637550e+00,3.134193631734257579e+00,1.773335336451383082e+00,-2.982428608377549750e+00,-3.740718549634112211e+00,-8.696363654065147886e-01,-3.444596858128462280e+00,-6.577581809602068841e-01,-1.453852681214098830e+00,2.153071874387650908e+00,2.286788911856305617e+00,-1.737565625476389375e+00,-3.101042510241392769e+00,1.145758951640380774e+00,-4.124266332960154102e+00,6.699396991719754890e-01,7.973433134753886709e-01
4.419860229338528512e+00,6.222589168381635893e-01,-1.308479421047948454e+00,2.031525519282395109e+00,-3.104672696005104093e-01,-4.745105753374225799e-01,1.112320931792319390e-01,-4.762763636670794831e+00,1.698723211072088679e+00,3.634069975711840428e+00,3.697681344084276844e+00,-3.536958659545483830e-01,3.730935176417177424e+00,1.700966359677660300e+00,3.915866920306650734e+00,-3.731345729707560732e+00,1.417473524763811277e+00,2.828633029328006643e+00,-3.164754523787757901e+00,2.889038252163175002e+00,-1.711353910290794200e+00,1.883032373025649964e+00,3.738467409875710246e+00,8.469953192869088543e-01,2.023947176762829425e+00,3.993481797570783254e+00,4.282586508872785469e-01,2.640627064610364449e+00,-3.966273814587430557e+00,3.869633892113197859e+00,-2.359803627675281401e+00,-4.901559378611301199e+00,4.664337901302908485e+00,-2.076375905039563374e+00,-2.137079089917055530e+00,3.187386704446093511e+00,2.648301621683806673e+00,3.114993589418805442e+00,-1.518168835666749539e+00,-2.976741438852276822e+00,-5.137101308496980323e+00,6.373094406328183581e-02,2.567975301905462082e+00,-2.545747289630347909e-01,2.400594886483162327e+00,-1.474910077894789007e+00,1.425880733781080600e+00,-3.514052091592514415e-01,2.665828190134676312e+00,1.177696861449389232e+00,-1.416158956824356885e+00,-2.738565533832860943e+00,-1.782878949070649366e+00,-8.802649860368779722e-01,1.331017191304550984e-01,-3.311269098087934015e+00,2.080569841227716488e+00,-6.175930949955321658e-02,7.271483033468846280e-01,1.087459210680417510e+00,1.019968810081682609e+00,-2.470271406117819701e+00,5.061050359192451609e-01,-3.038545544310320423e-01
2.325943560270636645e+00,2.370442629330865358e+00,2.402117769819351878e-01,2.694800380507466286e+00,3.114041177918846159e+00,-7.454564838363531010e-01,5.180097563420399398e-02,1.000093225439218969e+00,5.205510105600410498e+00,1.990035002612414505e+00,2.024404332328663791e+00,8.559533910245364918e-02,3.370317773852847587e+00,1.314103677431086803e+00,3.867333623747533977e+00,-1.530964132391717580e+00,1.749263927203733360e+00,9.286887564709986886e-01,-2.182350769611851593e-01,3.810190061742756207e+00,-3.190946141447199125e+00,-3.856340064848242655e-01,1.752596169964570461e+00,1.920867704444820578e+00,3.011011837459768525e+00,1.112097465506160177e+00,4.840569467193848396e+00,1.603689204032249904e+00,-3.539940856764506094e+00,5.668295247981632201e+00,-4.731903896099481699e+00,-9.014156194955269541e-01,1.990582110086284384e+00,-3.222529950592511128e+00,-1.197031247149990207e+00,3.961427799937506933e+00,3.666762605899867022e-01,6.772005619009048294e-01,-1.878495686775528473e+00,-1.521568725253898746e+00,-2.057789765826802508e+00,2.088945047729389604e+00,5.876739716429759675e-01,8.961230772168462533e-01,1.179751843325603566e+00,-5.848527644037021522e-01,3.630515695845925261e+00,2.656906651037047595e+00,9.757166343356593607e-01,2.724232096558659166e-01,-1.477114300187557738e+00,-1.937091220045643158e+00,-1.395945236029572101e+00,-3.429770340021359942e+00,2.081595679415176869e-01,-1.105370087463277917e+00,1.872681665076996405e+00,-7.848187564957767037e-01,-1.967561931878150094e+00,4.049951540392653371e-01,1.828761776002398864e-01,-2.204582195323099292e+00,3.491422273165751378e+00,2.359221147516857631e+00
4.593675816710467430e+00,-1.489655434724802996e+00,-1.397692331184482217e+00,2.015256334740960220e-01,1.561867995052069302e+00,-1.474765261175907449e+00,-9.256588245487292754e-01,-3.069859775981726546e+00,4.180481250912590596e+00,3.628605408171915681e+00,4.671002331368642402e+00,-1.111233819613907547e+00,7.754372133568829817e-01,1.355598496464432312e+00,2.850913529849143924e-01,-3.740534348433470768e+00,3.258200174815297778e+00,1.844065050094318980e+00,-3.180821412530149050e+00,4.287366395823163145e+00,-2.998813932981639674e+00,2.623406288009194398e+00,1.343763921592585620e+00,-9.530126007671890775e-02,1.019891293218736061e+00,3.369997044993168878e+00,-1.518526214918385797e+00,3.338372725645038397e+00,-3.202635182816067960e+00,4.778217585289633362e+00,-2.236393499903331250e+00,-6.422291976647112932e+00,2.187122202522285619e+00,-1.415074702030363785e+00,-2.516977708035250227e+00,2.425343062705398456e+00,1.586817857525732789e+00,2.582625665314125296e+00,-2.280790332584505364e+00,-5.178615076117156768e-01,-4.434231075582795611e+00,2.256113274367169907e+00,5.536723670790938634e+00,5.604636206623048178e-01,4.085849052468264464e-01,-5.595263402644932160e-01,-9.139579774410004909e-01,1.932360700286856137e+00,1.460674796262368957e+00,2.032999247110626406e+00,-1.220145479142499489e+00,-4.719058352366374720e+00,7.448702995878748734e-01,-1.292751579784257920e+00,2.990840378132436639e-01,-1.617339499593803298e+00,1.981968044447878885e+00,1.864236617959396991e+00,-2.107668724436170038e+00,-1.686971854235550072e+00,3.385670663564193994e+00,-1.526558798464714872e+00,2.893896579032162464e+00,2.064913385071905694e+00
4.502297452569567149e+00,-1.098074079844599149e+00,-1.132546148960078103e+00,1.903064886801296485e+00,1.104571874132344256e+00,-2.953272854837548644e-01,4.179078241280256290e-01,-4.163670989561114588e+00,2.379259029248585122e+00,4.661374781623672803e+00,4.225026964114929839e+00,2.368408786111883213e+00,2.415009338627516211e+00,1.181545476500805769e+00,2.251148384170668759e+00,-2.808642802228641600e+00,1.394178770956774338e+00,1.990882269229982793e+00,-1.824994435539821547e+00,3.234865558736596647e+00,-2.742313590865916417e+00,2.796333028275260535e+00,-7.026158713229162522e-01,5.433095073650282991e+00,-6.724698168400418119e-01,3.279705641032913732e+00,3.256134637537148713e+00,5.133690605091340231e+00,-1.941618250492637365e+00,4.947598752061887595e+00,-1.260204900847798903e+00,-2.724237543993720756e+00,3.849799567680793455e+00,-6.259582548777098410e-02,-2.388303905034638852e+00,3.455464507451300626e+00,3.229001472859078792e-01,1.185754993856373396e+00,2.182622765053733538e+00,-5.633937096855017757e+00,-4.194589662349140546e+00,2.747783492544900064e+00,3.773360720263859935e+00,-1.578646466049513641e-01,2.710032326209598885e+00,5.887194023212918292e-01,1.297006471630096858e+00,1.607092339411802628e+00,4.133225653624548634e+00,8.419350341653092373e-01,-3.218770147787011648e+00,-4.156998041229451601e+00,-2.254751042500624969e+00,-2.305217949810244971e+00,4.787071126297037793e-02,-1.270493644233407160e+00,4.576719348643527141e+00,2.170454195403650921e+00,-8.157988741369726071e-01,-1.725166082336117901e+00,2.604083373688420799e+00,-4.313791531370712917e+00,3.120703829022537956e+00,2.293835376239194535e+00
2.853197101369105759e+00,2.955862284743175028e+00,-2.261391875177882760e+00,1.277580016245918326e+00,1.836488036427780468e+00,-3.171510975509999497e+00,-1.649397509826945996e+00,-2.881175050426450390e+00,2.765056346517748231e+00,2.253365203024669583e+00,2.489898622064621314e+00,1.875055102611855151e+00,3.840731663442635835e+00,1.598084157899168245e+00,2.563227072060521472e+00,-2.647315403976016945e+00,2.438287317478470939e+00,3.447395913909294674e+00,-2.072897821415021991e+00,5.832586594364885357e+00,-1.408772774143171924e+00,7.429196131476061282e-01,3.367387223352749537e+00,1.047528322479140517e+00,-2.417950664827059448e+00,3.416243659859000026e+00,3.893402213135392032e+00,2.850516228159597709e+00,-3.998052496259385968e+00,2.096229710021216164e+00,-5.866077012895665632e+00,-3.147322525477919797e+00,3.055508108418258040e+00,3.697955350094939142e-02,-1.688368020616271004e+00,2.560977707685915039e+00,-1.943597513542330013e-01,4.164175848144333614e+00,-2.352712036777526716e+00,-4.431495562075036254e+00,-1.676011603296768460e+00,7.536534698102549390e-01,3.901382737772058906e+00,-4.084240468940858904e+00,1.366814681068095449e+00,8.109947819070195685e-02,3.402233878699817637e+00,3.144855702459085300e+00,2.263680776366828518e+00,1.718849986943890462e+00,-2.230801370895516555e+00,-3.567444573660607965e+00,-1.300358647121662159e+00,-3.774829348306314891e+00,-1.781568019084142307e+00,-3.363306917944334895e+00,2.148699522222206504e+00,1.866771319890248249e+00,6.548896220836013526e-01,-8.414746591494272066e-01,9.105606462010342739e-01,-4.218704298737950609e+00,1.190877630190918079e+00,1.363826525499781894e+00
2.812139442292688418e+00,-9.165042323632259791e-01,-1.837670505187593673e+00,8.935515751047122812e-01,2.671824049003673984e+00,-1.640036691775305089e+00,5.601274435077487901e-01,-4.652945528195542302e+00,3.088767534648833024e+00,4.327693529619983437e+00,3.811004563323294736e+00,1.859473590326462311e+00,-5.404502722435657880e-01,2.927347828933091645e+00,-9.684578863316239961e-02,-1.840843075981186683e+00,2.345680145599450928e+00,3.563293591252914450e+00,-1.276808585408372831e+00,3.780578639468695989e+00,-2.098234597205796970e+00,3.292664066076813612e-01,1.949755734866468915e+00,1.742462457061747516e+00,1.902218201698730127e+00,2.497632665531063445e+00,1.971491713854961692e+00,3.349997740309616834e+00,-1.410919646075260880e+00,2.008484438945506767e+00,-2.488266037089399418e+00,-2.530637591343829484e+00,2.908869909033902079e+00,-2.236828301007646402e+00,-3.100089867059014903e-01,1.091335752598354913e+00,2.725029440374571177e+00,1.480795119609831678e+00,-1.807102503332985499e+00,-2.240441487497389694e+00,-2.093495771983270970e+00,2.163880255020085297e+00,3.817480037087408906e+00,2.331816935121511669e+00,-2.466021681798558074e-01,3.337475178684839783e+00,8.507904417263039143e-01,9.076572639131206266e-01,1.282914654778433361e+00,1.965035422904853668e+00,-2.780129821609514718e+00,-3.264337187341213031e+00,-9.922182205091112372e-03,-3.802235558384200687e+00,-1.297418237329752033e+00,-3.669105295038627368e+00,3.008332457285644690e+00,1.700683971195091848e+00,-8.258776626727736270e-01,-1.047398190895429959e+00,2.986529142281738602e-01,-3.364382127859033123e+00,2.613381759345410948e+00,-5.023533088585283579e-01
2.193358145150817506e+00,3.590356933047749721e-01,-1.558640117904303013e+00,-5.269038152757292703e-01,1.700268551633075775e+00,2.326425577622202034e-01,-3.067459634629430831e-01,-4.458739746255661274e+00,4.645029965253383075e+00,3.703989670395505751e+00,2.658222411219441028e+00,-5.001452688539764768e-01,1.876415377440212362e+00,3.381303951153331155e+00,1.217920497101403932e+00,-1.768377772939346393e+00,3.551731994988203134e-01,2.312247705863768488e+00,-2.701326175501670868e+00,3.296992045721521603e+00,-3.127723846419113052e+00,1.156801725042069906e+00,8.935063533269680391e-01,2.044078379783324184e+00,-6.720195239843014257e-01,4.439026453620435575e+00,1.726938481309723494e+00,2.598944072754794998e+00,-4.805280175769232720e+00,4.185225258789316172e+00,-5.848934262932058203e+00,5.926191478174369642e-01,3.460879862717893829e-01,-3.655177620997015708e+00,-7.147480012629634505e-01,3.362514940313888090e+00,1.318547319565226417e+00,1.315691541055127978e+00,-2.367273116502471186e+00,-3.054917356272540019e+00,-3.592744822415239625e+00,2.729456102176152754e+00,2.730797456632597431e+00,-9.175717403940992778e-01,1.532432066444531227e+00,-4.796052324931632249e-01,1.811024079676489151e+00,1.673405328243767531e+00,3.499509730247351680e+00,-9.371871346185178808e-02,-3.875490760164054471e+00,-5.359702649283584641e+00,-1.083789024340688911e+00,-3.529730485840014698e+00,-1.206172337223264890e+00,-2.404768587214377362e+00,3.835065077826870006e+00,1.799529261790055346e+00,2.354629989422315495e-01,-3.126088995924686031e+00,1.944562401867378387e+00,-3.934202150378758311e+00,9.025485604878433765e-01,2.560958264537472218e+00
5.485677877010564529e+00,4.797321331520002508e-01,-2.162620816585221650e+00,-9.958107279636552178e-02,2.352213572982094103e+00,-1.248303938650311862e+00,-1.201669896105484359e+00,-4.097106125333883853e+00,3.992028948852850423e+00,3.769850923603930593e+00,3.093830470071459615e+00,-5.368360520822090809e-01,1.643288872190972860e+00,3.826564170295896794e+00,2.077871551976580466e+00,-3.154686374558486328e+00,5.197911544337079359e-01,5.088743565808472979e+00,-2.388857342327266764e+00,1.977809021088150265e+00,-4.184612628234913867e-01,6.149678136127807448e-01,-1.980542798786898651e+00,1.319834991700249871e+00,2.307222977690194021e+00,1.192044771283027771e+00,1.382516594179028946e+00,9.691744245972344629e-01,-3.842847767177011153e+00,3.059255961903127652e+00,-7.588608242795924497e-02,-1.638091669476800849e+00,2.229695495330877186e+00,-1.902040172003884866e+00,-1.388800000761128972e+00,3.643242322746765183e+00,2.549569654255721574e+00,1.068491877370333132e+00,-1.271427116306076410e+00,-3.068666030451524751e+00,-4.682013527686573973e+00,1.872926257811940109e+00,3.009437809164985822e+00,1.071179141700522974e+00,1.008604571248020276e+00,-2.446600890805131101e+00,1.731263070565529860e+00,2.053560510720491727e+00,4.657039961803379313e+00,5.160729203054326142e-03,-2.811256681609714647e+00,-2.427474568251113851e+00,2.486634953479107679e-01,-2.606590180148192104e+00,-7.562254929113374491e-01,-2.924481637077486873e+00,3.341184781121946390e+00,1.125355546052612121e+00,-1.920555257221042145e-01,-1.110947883249032486e+00,-8.517490019683520153e-01,-1.278164810444514021e+00,-2.839656582637650750e-01,1.852296435931866991e+00
2.401136906337135279e+00,-1.761693831765598128e+00,-1.401054349057532677e+00,1.562642477730780577e+00,2.007891144911113201e+00,-3.265184167986178165e-01,-4.051685859237014742e-01,-3.487472318520819847e+00,4.924803457409424823e+00,2.423656119422180844e+00,2.150623763744171413e+00,-7.832728792376351112e-01,4.680828108595256332e+00,2.953992109587995518e+00,2.026331257411504438e+00,-1.869028587073286563e+00,1.499816299633109917e+00,5.465545671487114454e+00,-1.145614471388724631e+00,3.456929836297240044e-02,-7.161673026468000636e-01,2.766456391834580142e+00,2.506881557460433285e+00,2.200215633725739472e+00,1.282295792460020900e-01,2.671235075200801390e+00,3.130545279723091490e+00,3.310534184151904036e+00,-3.847891445842249514e+00,2.479071422727173513e+00,-2.328381677756394375e+00,-2.600740221742311675e+00,2.172037928619651392e+00,-2.540448503715453388e+00,-3.775031972435867633e+00,3.265716287000925533e+00,2.135428405264751195e+00,1.401527905749512692e+00,-2.148431775712367209e-01,-1.475761201606211603e+00,-5.168090497746571366e+00,2.793709358142960397e+00,1.440714721419349864e+00,-2.038386130396150797e+00,9.858242018970153620e-01,-1.895561440817765675e-01,8.539593793069607530e-01,3.094137009303685737e+00,9.310438613313039014e-01,1.385729292364908050e+00,-3.422658297982316356e+00,-2.687757635419996571e+00,1.233319226498897248e+00,-1.711252976071592213e+00,-3.721403912365059408e-01,-3.581094971467524424e-01,1.919302552606027668e+00,2.214598453989442994e+00,1.747479494236920949e-01,-4.386389138219677353e-01,3.284464809099974403e+00,-1.220283597799656672e+00,1.448655873749098655e+00,2.846544461004254067e+00
4.284829364818532049e+00,-8.242606816076536447e-01,-2.529755411083181027e-01,4.198167833868989840e-01,1.603623556378475978e+00,-1.012567389860292710e-01,7.063246658367758890e-01,-3.012386073862027391e+00,1.545907316530722664e+00,2.513143972768949297e+00,3.778326864537076002e+00,1.649989757498625753e+00,2.528777717275246140e+00,-1.480014607136936444e+00,4.562527670680477598e+00,-1.735916801882925853e+00,1.908029445836650018e+00,3.340208191917159120e+00,-1.599100276142452204e+00,2.607662118754171310e+00,-2.787975059841634184e+00,3.402998812531885964e+00,1.650463174892689899e+00,2.511092879866739569e+00,-5.163588815320445669e-01,2.141019897066060551e+00,5.581873849618832484e-01,3.491743060377124230e+00,-3.274131122351513490e+00,4.662922820687847469e+00,-4.316265112442627228e+00,-2.996019807919228839e+00,3.305983149356093165e-01,-1.457255021489207714e+00,1.594840239501780221e-01,1.746201072834845158e+00,2.041425734376251189e+00,4.902722648051449639e-01,5.111286721322261251e-02,-1.566499686130021995e+00,-3.169241964812362866e+00,3.765891324749039981e+00,4.961879480157910471e+00,2.004724270852007439e+00,-2.481339281941088437e-01,-6.635822367795631838e-01,3.337587104182957454e+00,3.994596736011987836e+00,6.366696533110062006e+00,-1.013687107214425120e+00,-5.899838732237384420e+00,-1.127349266066616895e+00,-2.003091854422133444e+00,-2.535322807740102657e+00,-1.982329756918340680e+00,-2.871419906795971144e+00,1.742432768897098416e+00,3.296277382102494879e-01,-1.656759338372693957e+00,-2.201059993247815871e-01,-9.012779125002805536e-01,-1.601150434054638749e+00,2.657344524202184477e+00,3.516285821009670354e-01
7.237832873921725252e+00,-5.699352650422014888e-01,-9.030886803982915989e-01,-1.764752773238404959e-01,4.389340108838198917e-01,-2.103165018833999866e+00,4.830801440572743966e-01,-4.169740403697327125e+00,4.065398014828290663e+00,3.683599077023731905e+00,1.359028967057202664e+00,-8.711125722108827851e-01,3.956693653217314477e+00,3.226135135127354836e+00,4.692822827539130159e+00,-1.505300162896714200e+00,1.415341875735209864e+00,1.877955039155960293e+00,-5.674833359937296873e-01,2.898395640558790731e+00,-1.956364446497610654e+00,1.485555305408162940e+00,1.819075857545474184e+00,3.119232067159549260e+00,5.120462570371886457e-01,1.923970004848642557e+00,7.222839364948074881e-01,4.554230026325754466e+00,-4.352414582138916188e+00,3.757517723390663811e+00,-8.553808583964701562e-01,-3.881331983504217931e+00,3.397714603827369562e+00,-2.164961657147633556e+00,-2.960456762735993674e+00,2.094584260349695803e+00,4.507994303157093263e+00,3.798483465031885054e+00,-3.490549998874780124e-01,-1.794522195920301932e+00,-2.399212962283481687e+00,9.749910909040396811e-01,4.911965620184646220e+00,-9.580247424056690386e-01,2.392138454140199655e-01,-6.787619342779022125e-01,1.383257612210351928e+00,2.603145528179875434e+00,3.148655076285279186e+00,-1.112598986143914503e+00,-7.144551333812625415e-01,-5.392974442179423455e+00,2.488804933327012359e-01,-2.087953293593861392e+00,-1.620244297257265265e+00,1.470448506951744783e-01,4.865952393019789213e+00,1.996207265830194366e+00,3.502916484988264356e-01,-3.902254468587817993e-01,-6.593643248525042910e-01,-3.653810342944708189e+00,3.205468343868019154e+00,5.074493088242109096e-01
2.626764004784157169e+00,-2.531203525574771129e-02,-1.155668174820925653e+00,2.147292607208734161e+00,9.835797715584322365e-01,-1.210566999239230501e+00,-1.081340023797728866e+00,-5.267032718329944352e+00,3.396766432692828630e+00,3.894241224534756629e+00,3.742625002990113803e+00,3.008733299799176475e+00,2.930836091310286662e+00,1.709080196150209563e+00,1.932316470807447395e+00,-2.429837543884052042e+00,2.085735190788260862e+00,1.328427557243418100e+00,-1.368963053747068948e+00,4.303379464929088627e+00,-3.964303569703485408e+00,1.803756179005425064e+00,2.424789703486011749e+00,1.224233632641975378e+00,2.866630365619311060e+00,2.872007198385639892e+00,2.504681108274186663e+00,1.696556346174378893e+00,-3.951100066992946580e+00,3.686119525173524369e+00,-3.452427076399271044e+00,-2.600195939094644970e+00,4.699647873879309046e-02,-2.602846227398264656e+00,-1.414092845690020361e+00,3.816332170160164239e+00,2.153167337537947201e+00,1.673546068347329552e+00,-1.502044049136350923e+00,-1.403830717724928290e+00,-3.211499788033848279e+00,7.705510854772893437e-01,4.278706717231545831e+00,5.177677563734457422e-01,2.314748312252007612e+00,-3.117595196514327149e+00,1.416889500706196348e+00,-1.852140106983737766e+00,2.518870132550907748e+00,2.489049637338463405e+00,-1.340957476135289150e+00,-1.947078069688986002e+00,-1.225606847746757433e+00,-3.425003302644564762e+00,-1.133692443873054678e+00,-2.724249172324928914e+00,3.309069600097872765e+00,1.244170139221303817e+00,-6.301910528951969459e-01,-2.675023592278217954e+00,-1.111651045402274107e+00,-4.118802252666295516e+00,2.159264645228376356e+00,1.821335583351320953e+00
4.921262483902144602e+00,5.028607305648569170e-02,-4.057182112116964889e-01,-8.577351907799768416e-01,5.434642165378223977e-01,3.670616280727467817e-02,-1.067252080295841565e-01,-3.087020458487873764e+00,4.621245632321215879e+00,5.915132752284566919e+00,3.589180011744305787e+00,1.019796922953175367e+00,1.456656709066369126e+00,-2.763703371467760572e-01,1.233268253209086618e+00,-3.215201638199891576e+00,1.441224187487499808e+00,5.053460764288982610e+00,-3.594766870559871208e+00,2.595462622854846746e+00,-6.451931560766597240e-01,9.544815968936698480e-01,1.373874264507446874e+00,2.117724446229464874e+00,1.705644475956082040e+00,1.761776557362533469e+00,6.271691794454365976e-01,4.247028450528783416e+00,-2.608277255732507349e+00,3.577978512984126169e+00,1.243075744627916812e+00,-1.508858346272345718e+00,2.927073841088268846e+00,-1.705365462167702351e+00,-1.224659732974027193e+00,2.988284392122854793e+00,4.149427569379836811e+00,3.595132796758174543e+00,-8.572174687926237269e-01,-2.124280539282535241e+00,-1.149004185674131318e+00,2.432465723266656887e+00,2.984726952302391378e+00,-3.403199965867773624e+00,-5.511763536305702704e-01,-1.857925950804572235e+00,1.320092913400798373e+00,3.243215153090393432e+00,4.864320396100755950e+00,-1.180798233906555916e-01,-2.437145356513199079e+00,-3.803544658000542533e+00,6.409946893825695380e-01,-2.634453286998964305e+00,-3.242538251101401148e-02,-2.578677032592015639e+00,4.143587092526298754e+00,1.374855292956207453e-01,-8.003034859845132853e-01,-2.065337405079442856e+00,6.759051589884924605e-01,-9.414335150888379911e-01,-2.461410224899784893e-02,1.689140775045122833e+00
4.836111733828326820e+00,4.223437374809815292e-01,-1.339663230612145206e+00,-1.489486279708091221e+00,3.429759026629182195e-01,6.444394897193757021e-01,-9.183465201819159818e-01,-4.243354562892503345e+00,4.742126405930826571e+00,3.382251795148498719e+00,3.822661064655503260e+00,-1.303496308480919907e+00,5.650086019258022674e-01,-1.695081802497468981e-01,1.519126976631544057e-01,-7.313742114782666448e-01,3.901665996985752116e+00,6.372391191764612550e+00,-1.687220124569950741e+00,3.682660960976992470e+00,-5.430345759953176810e-01,1.036572124619490332e+00,2.421704675892729419e+00,3.603471222983081201e+00,-1.241313213264923498e-01,1.592407278502237400e+00,7.541916418827321333e-01,1.807926213843127794e+00,-2.859610243749691971e+00,1.904630928141392454e+00,-1.937282851104343617e+00,-2.059335487850312951e+00,1.642912196172237271e+00,-1.785256395283675079e+00,-3.247193615640702191e-01,2.753699974813221818e+00,2.080643996407828489e+00,2.187315515157099988e-01,-6.803276421913079242e-01,-1.539203570649813058e+00,-4.906700024618544376e+00,6.316301518673079762e-01,3.698353555893374889e+00,5.993109228987131276e-02,2.499782016588927291e-01,-1.774506697091611240e+00,5.324735664816088843e+00,3.887402956354518491e+00,4.626023676473966617e+00,9.624669906596361457e-01,-3.030593115372089308e+00,-2.999135023768388031e+00,-9.033551413283062992e-01,-3.852791863355987445e+00,-2.065341189000113320e-01,-4.818521965324295664e+00,2.318978665186156807e+00,1.869646597693558121e+00,-8.319641950959870691e-01,3.542268457513400026e-01,2.613772189980295479e+00,-2.011964689913192661e+00,1.884396018048206889e+00,2.672099858191292032e+00
1.364976031110262333e+00,-9.842376549333720082e-01,3.693421224643556044e-02,1.822922001676298809e+00,5.345201031163083982e+00,-1.099077094908875507e+00,6.606223457744520022e-01,-2.547559376471036696e+00,3.483144454118116240e+00,3.907198197702529185e+00,4.960595697802610893e+00,1.933009648405573877e+00,5.203881183771922991e+00,2.352847163068415348e+00,-5.534165517220039909e-01,-1.902362423278596948e+00,3.223608762617303558e+00,2.402808138444612052e+00,-2.944595451765947836e+00,3.967754244928733520e+00,-2.944006153476258270e+00,-2.239345514395920667e-01,2.586268538064985911e+00,2.946530807778241279e+00,-2.823503142567862056e+00,2.223321567537923649e+00,1.964036918207191285e+00,2.891691370965169039e+00,-9.106547767460653198e-01,2.758394901023798695e+00,-3.449636057670129485e+00,-8.632143684496218494e-01,1.372172153247672277e+00,-1.742294999317923532e+00,-1.315751578289229728e+00,3.897920270373990359e+00,2.857329753166448771e-01,1.753636543738238185e+00,-1.956344996251846879e+00,-4.316661886983972352e+00,-2.024912429781423828e+00,1.219411396100143374e+00,5.755594855525602682e+00,6.823032586864357096e-01,1.046674115896055302e+00,-6.425080736411472593e-01,1.628974557868175577e+00,1.692781362620423780e+00,4.398569250643589612e+00,4.261489221126533167e-01,-2.400705725238921673e+00,-2.122303543970373685e+00,-2.367736705316406454e+00,-5.481501995081528023e-02,8.012735692124768327e-01,-4.130908662986302105e+00,6.045209466325789371e-01,2.558528026911062625e+00,-8.730712713438488759e-01,-8.394938396476980813e-02,3.641583175663566374e-01,-4.005574773143653289e+00,2.787670612172010287e+00,1.127483280574942182e+00
1.128899192875334023e+00,-1.095492614748165616e+00,1.928603443106930548e+00,-1.825604988354466052e+00,2.465042614211597538e+00,-4.556927966516038930e-01,5.796763856890213562e-01,-5.586451159833959679e+00,4.344744215358982586e+00,2.204569894562064647e+00,2.151162288841682368e+00,3.083109794551981975e-01,2.662383408431685083e+00,1.769017846970094343e+00,3.239452777991569832e+00,-1.089607280046618332e+00,1.289504746955345560e+00,3.903684408345834633e+00,-2.741570705221307414e+00,1.432023584276778783e+00,-2.987232025635098154e-01,-3.108189317325882328e-02,2.047780075798464772e+00,1.153777911477676721e+00,-4.831905050329003970e-01,1.225098003621942322e+00,5.800498766994930389e-01,4.921666831952995480e+00,-4.676787553064062131e+00,2.800262119519268289e+00,-2.962478443695675701e+00,-4.362616417957000614e+00,2.085822517105368590e+00,-7.010386570500419801e-01,-2.021524602274006988e+00,2.007726551674724469e+00,2.974785394683062467e+00,1.050077483512487087e+00,-1.459642911126034504e+00,-2.845504275254794102e+00,-4.414536262425841961e+00,3.965734903614217544e+00,4.209854268817890599e+00,8.372159483518797352e-01,1.706755740993837422e+00,-1.057710002067806965e+00,-2.793291583901567066e-01,2.642997855022386045e+00,3.253427124512966895e+00,-6.313270027296014053e-01,1.837405520638504264e-01,-3.923549831381603070e+00,-2.340143845772586495e+00,-2.206705478322980696e+00,1.539127790223619563e+00,-3.790347269684735121e+00,2.062319369394332469e+00,1.698726863020078248e+00,4.930155903717653443e-01,-1.107478793036956954e+00,2.173664812176849814e-01,-3.548053757507878547e+00,2.180204594939860741e+00,2.412184879290574013e+00
3.481287949468018894e+00,1.801470374349353476e-01,3.108309991926061500e-02,6.952118026633385961e-01,2.105268089667968301e+00,-1.284163863090887592e+00,-1.892852397844748458e+00,-2.220060171046531750e+00,3.078494876925219614e+00,2.188649281334536401e+00,3.647480682695528831e+00,2.560501429233601911e+00,1.724695226701094430e+00,2.547538200048209411e+00,2.019173209854568274e+00,-2.291979816229349876e+00,2.424782350572328049e+00,1.560650901640633359e+00,-4.219496185645922104e+00,2.456255152262276642e+00,-2.256992196584861610e+00,1.279486163021805289e+00,5.210556855954877165e+00,3.310409013168463144e+00,-4.599105082622511609e-01,-1.008844274005360031e+00,4.693670371055851387e-01,3.497157718861979347e+00,-3.714941845960276101e+00,2.454601967941477447e+00,-3.640499216426918760e+00,-3.522904787632810120e+00,3.837113813588437949e+00,8.806928470292789690e-01,-1.697691171837683477e+00,3.218496274842437721e+00,3.109196436457432267e+00,9.928383752139093854e-01,-7.836466281746274909e-01,-5.499009505295905598e+00,-1.699678526760802111e+00,9.657798433331191701e-01,4.678123914450600829e+00,-1.373586491988487701e+00,6.368151004797657500e-01,-1.554113441595684320e+00,1.635937082298601908e+00,2.533225494762557428e+00,3.924732814823571392e+00,-1.177674231913265812e+00,-9.446708744364151755e-02,-2.683069797328963002e+00,1.657784218364255491e+00,-1.353062319322073881e+00,4.982900024918393012e-01,-2.443248189936813475e+00,5.148677507806889153e-01,1.805215075646602774e+00,-9.073712487051521780e-01,-5.054751614688093753e+00,2.821580786505673899e+00,-1.386150373700227645e+00,3.188331661715398724e+00,8.319380943964427289e-02
3.124713638119531733e+00,8.338863676691975479e-01,-1.948821217919427085e+00,-1.075284508356097568e+00,1.740506985470323453e+00,-1.602475760323760712e+00,-1.316463791554653984e+00,-1.697689739751991223e+00,3.277256077167518100e+00,2.158488737194768969e+00,3.100692164633150671e+00,9.262751511864697473e-02,3.964229333861215121e+00,1.935062147091556994e+00,1.448266298167386612e+00,2.316197941010515571e+00,1.469642458939100393e+00,3.299209474619987148e+00,-1.924652200598844010e+00,2.301884163288933749e+00,-2.116833642136938920e+00,1.920479630724135411e+00,1.559058721029904504e-01,3.210212224203538689e+00,-7.942539048993607631e-01,-7.867946658865418996e-01,3.718305451789345906e+00,2.233791779513652376e+00,-3.444183996689227367e+00,1.951865093967364961e+00,-3.334307864057433513e+00,-6.404118177471953555e-01,1.767432023294611909e+00,-6.269514927146739858e-01,1.241878978447734649e-01,1.877861693807164167e+00,3.435598833176107814e-01,1.733656334992149217e+00,-1.639349071752893794e+00,-4.414105063827898690e+00,-2.558402894358108526e+00,2.149481115662310149e+00,3.759036689933859421e+00,-2.618201892155455623e-01,1.209408334510065686e+00,-2.348972470469368190e-02,1.953207896666826926e+00,-1.835380571371903358e+00,4.675464268794771172e+00,1.308609058861854857e-01,-2.938168939343882791e+00,-1.297825998347978960e+00,1.073457367201836155e+00,8.797888416418682134e-01,-1.153076157183383188e+00,-4.519081249268432465e+00,4.280939584715264701e+00,3.554597106399797646e+00,-7.648208986736391157e-01,-6.141227643667491742e-01,1.273386797152704641e+00,-1.159417765472969153e+00,1.162894121701970374e+00,7.004270490934662030e-01
1.672992077010966749e+00,-2.835031965464901438e-01,1.672857724384478217e+00,-3.812322402778243191e-01,5.056926294946677558e-01,-1.847548020236687183e+00,4.614296316179592461e-01,-2.196552605524415558e+00,4.080082366286593043e+00,1.608512407829273183e+00,3.688268955429574003e+00,4.467651465843427872e+00,1.997508290646142548e+00,-1.296637714205464142e-01,2.709777769470881115e+00,-2.400720597799656630e+00,3.211962250228785454e+00,3.727398066368419638e+00,-2.744209360689999766e+00,3.271615352727916815e+00,-2.057645612118377265e+00,2.633768094358573286e+00,3.369780022899635519e+00,4.630537558293864819e+00,-1.269496714779513757e+00,3.259921280591721704e+00,3.443829723579660218e+00,3.289527233672506323e+00,-2.666444652762523848e+00,2.413185550495650311e+00,-4.417736373076179390e+00,-2.521226301739857067e+00,1.090097525946750245e+00,-3.231699422788903764e+00,-7.347592174735819714e-01,2.841332103527868469e+00,9.456343791227984630e-01,2.149926936306949532e+00,-2.154091893133665891e+00,-2.941642282244360196e+00,-2.434862362406711167e+00,1.545674701339062596e+00,4.462993928561996171e+00,-2.125938574214961463e+00,1.502201989206778943e-01,-1.542020297789556960e+00,2.471863795861763080e+00,2.567284928243662279e+00,1.903834573724323853e+00,-5.231749978811699453e-01,-1.426569812671519166e+00,-3.421424196736321477e+00,-2.168207049024374555e+00,-1.197322812369813860e+00,-6.848886418820321342e-01,-3.033427926949817000e+00,3.858909009514664756e+00,-4.312436972547146752e-01,-6.245230087596991275e-01,-1.567186258438101998e+00,4.532490519444120070e-01,-4.789859106745154804e+00,1.689454318656239185e+00,2.042390340830917417e+00
3.723340784125276137e+00,4.542463212471403167e-01,-1.200838331509829215e+00,2.919044555830635268e+00,1.417292701463563009e+00,-1.094424115981089685e+00,-6.566122486225844934e-01,-4.790083864650626744e+00,2.382587960463100618e+00,2.862573794652233161e+00,2.316843799208413657e+00,8.195293827103270479e-01,9.269141305615193893e-01,1.667011427698994241e+00,2.940392931282338917e+00,-8.097613145147675162e-01,3.518463229042806617e+00,3.399514344404825916e+00,-1.105995108849899822e+00,2.230803827237359371e+00,-1.548397180098938453e+00,3.511322414592803476e+00,5.256164551596729240e-01,1.124177853789182890e+00,6.360124347279754176e-01,1.253286201338363659e+00,1.155468468839446317e+00,2.515272828136516647e+00,-3.297234716842835756e+00,2.834231280023312927e+00,-1.482545198623187455e+00,-3.336170833022545246e+00,2.912638849969630961e-01,-6.877909103115500411e-01,-3.542467503874962897e+00,2.382302502214538542e+00,2.501826217759899329e+00,3.475164652395479337e-01,-2.334634341120191525e+00,-5.332937477603248766e+00,-6.281121563118907680e-01,2.123153052044752354e+00,2.221381548737372924e+00,-1.108840139265260039e+00,-4.695023293873719084e-01,-3.323945899373217827e+00,1.239691813854528091e+00,1.346868330517537515e+00,1.353393524851203011e-01,2.387407662364823047e+00,-3.328158325911010795e+00,-2.816433610924550024e+00,3.453730519662239207e-01,-1.766145200211384436e+00,7.795893610173600941e-01,-3.077712758830745798e+00,2.395851823401703218e+00,2.394148192004688092e+00,8.995966640346317877e-01,-9.765978493711208186e-01,8.982153994862747126e-01,-3.629872743722668105e+00,3.226821544750925419e+00,2.181199041959573037e+00
1.964392865001005628e+00,6.577637143983602330e-01,-6.363737867505577794e-01,2.648149041342523713e+00,1.532906536804136799e+00,-1.534697275050591170e+00,1.683294078388930526e+00,-1.801266784537567833e+00,3.415658206629621496e+00,3.335593254806532126e+00,4.008876810562782111e+00,1.401316525691918002e+00,3.083674373621469567e+00,2.553304411084861059e+00,-7.014519852384948351e-02,-3.355704281403297351e+00,3.665765231546569858e+00,1.106923247363738705e+00,-3.089656236821543445e+00,1.854119688680508027e+00,-2.539292021482417727e+00,1.884265214193653115e+00,1.012145763344520333e+00,5.529569136044747424e-01,1.168066299284341580e-01,3.222349552486241997e+00,1.967105332561862818e+00,1.961989416434003264e+00,-2.479000177737948007e+00,2.890669781325325260e+00,-2.589286687122259956e+00,-3.842088754356823621e+00,1.655988392280608235e+00,-2.796157436777979122e+00,-4.159720347010111396e+00,3.605015974691244907e+00,3.116204539817770680e-01,1.917820025751648227e+00,-5.591574305317870142e-02,-3.346158646543703430e+00,-2.629717672918086890e+00,9.740480546659038286e-01,3.533271356124304763e+00,-8.540320843641405757e-01,1.619356442399513485e+00,-2.469555009447285787e+00,1.495125685145817673e+00,2.292885741479628869e+00,5.071315088598113974e+00,7.334957138750379801e-01,-3.248836203537821543e+00,-2.343501521800038123e+00,-1.397293307473830293e+00,-1.856258069174353098e+00,7.575872191721151339e-01,-1.773958572054940896e+00,1.382355840769201594e+00,1.541712404363237532e+00,-1.500405314014273239e+00,3.904175146691806209e-01,-5.119251201750589786e-01,-5.141476325414124915e+00,2.654790626926043728e+00,3.704955807726987516e+00
2.477739890901347497e+00,1.053238383101615883e+00,-7.179264816813198946e-01,3.389122234447982329e+00,2.321670357676548502e-01,-1.741870270978704838e-01,1.653689147914255697e+00,-5.222209833221358899e+00,1.980723026578651291e+00,5.213524054884496550e+00,2.116805328480424464e+00,1.929952636176223812e+00,2.493072189461360111e+00,4.997754897516198946e-01,1.467988901204453356e+00,-1.790629023482175786e+00,2.315483632557508109e+00,3.458567114900994000e+00,-2.224437000513469265e+00,4.075882495843611508e+00,-1.272106746197287919e-02,2.585872269494244868e-01,4.267133977464809824e-01,8.352479950655862240e-01,-1.264134955431416296e-01,3.158840806557932979e+00,2.512786642349689625e+00,2.402961274797504210e+00,-4.984961849546266421e+00,2.668877477887442673e+00,-4.784202467865104502e+00,-7.164422695290297849e-01,1.182874788917183562e+00,-2.293389629252054362e+00,-2.194009340505415739e+00,3.530860679225340526e+00,2.460762128241150037e+00,2.487863486916965350e+00,-2.746841469567446126e+00,-2.024345018044314326e+00,-2.731699245049582281e+00,1.925847657681030611e+00,3.288889829834590994e+00,-1.780528083133927408e+00,6.732926651617294755e-01,-9.058891772905667272e-01,-2.148038520497841386e-01,-3.581558557825967881e-01,2.797026043090677483e+00,2.411393824101810690e+00,-2.057322972630907465e+00,-5.271606063324526303e+00,-4.244326748300667473e-01,-3.353734734027360442e+00,1.542077540285779591e+00,-3.145496125196757475e+00,1.484032661454067314e+00,-4.781475835869306579e-01,-7.537671570576389701e-01,-3.175317400950935509e-01,-1.455802801644170419e-01,-4.497220043437947901e+00,-3.873601693667350077e-01,1.562369837674473239e+00
2.496714227045890855e+00,1.266567693077062406e+00,-2.856419581339065594e+00,1.108012626030726366e+00,1.740385773163322325e+00,-1.553290486152035799e+00,-3.572216565376800546e+00,-4.125090624447143917e+00,3.576829829101179303e+00,2.964577809201177416e+00,2.521154544672889575e+00,2.797170207094201277e+00,1.738059023968343997e+00,4.420340741753138403e+00,8.244201817551304323e-01,-1.407564892179609561e+00,3.934757626823593313e+00,1.208256826303727882e+00,-5.361248794862145672e-01,4.080718617365281631e+00,-2.837563363062050481e+00,2.222020403397690025e+00,2.872850659133939111e+00,1.363856374263822335e+00,1.431677192675656407e+00,2.128165903613469023e+00,2.552190917617513932e+00,2.784502331589796320e+00,-3.628091733219211523e+00,4.048463426139104371e+00,-2.296838414091487479e+00,-1.987020897738307923e+00,2.903474665676392341e+00,-3.221491845711588198e+00,-2.177927408748994154e-01,4.667510263152085059e+00,4.716834374481113201e+00,1.512408830234999391e+00,-1.352660417737250764e+00,-3.963106970550319907e+00,-4.979389177017228718e+00,2.706469049899216106e-01,2.179412218804688273e+00,-1.591869161660313114e-01,2.154840225082023775e+00,-1.605774587992496505e+00,4.112088916337706124e-01,-4.304823569169768938e-02,3.958843779950678154e+00,2.098898068639230452e+00,-1.697749989131868364e+00,-3.483629534759909774e+00,1.703928463323956422e+00,-6.214340851574764457e-01,-1.910305504139802268e+00,-3.209435819319366612e+00,3.872869303922874984e+00,-3.975920834939472570e-01,4.172370625656105503e-01,-7.485413784754234579e-01,3.136181258957742024e-01,-2.595472821777144556e+00,1.801906770520093515e+00,2.581868696999081614e+00
1.563237272102054654e+00,-1.494178522690458255e+00,2.961285912893898420e-01,1.540983228375045755e+00,1.343162416211548971e+00,6.215649554107052221e-01,-2.100648991965762491e+00,-3.775626477392791891e+00,5.718294398131549272e+00,4.804859605576887738e-01,2.584351424472811409e+00,1.457136274145415911e+00,1.630115745272168626e+00,1.725318990815867037e+00,3.900161695403010942e+00,-1.071787698711536674e+00,2.400975182239244443e+00,3.321284021027818945e+00,-2.413540189646552481e+00,1.350233572999577802e+00,-1.852372955021156509e+00,1.892850791307553404e+00,9.492949032447334234e-01,-5.537940098712463843e-01,-1.057198721847399714e+00,1.350320042774621143e+00,2.115137351800412180e+00,4.073942529234091836e+00,-3.257669298138840208e+00,5.591289136338033927e+00,-1.769788394191645686e+00,-2.984618633510061958e+00,2.983997917385082133e+00,-2.075215950418138444e+00,-2.020988813256621608e+00,4.178054214225022100e-01,1.782943846738860305e+00,1.239424448021716030e+00,-4.318567603256706633e-02,-4.910538836495329740e+00,-2.761457544708210587e+00,-1.220946470767651171e+00,2.723135050814208036e+00,-8.128391375058577339e-02,2.630246160862813820e+00,-2.432594533313497731e+00,2.057968426126874029e+00,2.019794393148899747e+00,4.583547320363257960e+00,2.297187025693423479e-01,-2.839754918139763440e+00,-3.272226846970808012e+00,-1.066472861525646909e-02,-2.214313811501827267e+00,3.612312204959682305e-01,-2.930283733785030709e+00,2.786026425033808707e+00,1.450066306428896556e-01,-2.035091019598889162e+00,-2.690898983687643575e+00,1.050778572091759955e+00,-2.932809660525694362e+00,1.792828066740783655e+00,1.189376397891521053e+00
2.049033410673374522e+00,-1.303508202993458820e+00,-1.473460153272157180e+00,1.616878373598150009e+00,2.967380438708938417e+00,-1.904293840236531921e+00,-1.011535185548833926e+00,-3.373224307423728252e+00,3.652942960991052423e+00,3.457771906777990178e+00,1.916595802024730899e+00,1.113561052358656545e+00,2.942317324718646265e+00,1.377844206230284474e+00,3.185709130452623938e+00,-2.765478595673808382e+00,3.842468462084346115e+00,3.680060615693142800e+00,-3.329886834443448684e+00,4.426096100637356479e+00,-1.235185962075267874e+00,4.013627608440840433e+00,1.336215765683568701e+00,3.663159462127053345e+00,2.221954663299274824e-03,6.506116738833067625e-01,3.205227184057509948e+00,5.949602846945523993e+00,-2.804272724328359168e+00,5.378326826724010523e+00,-4.175657757053299335e+00,-1.859748772453681864e+00,1.440169059015499187e+00,-5.226105538151104568e-02,-8.394397924512151388e-01,3.284439391585361356e+00,-1.343367683363899001e+00,1.756067254262024813e+00,-1.935982886224867583e+00,-4.876589788105389900e-02,-2.512116821405120159e+00,1.930591326828147825e+00,4.192616137181693681e+00,-6.793055358021394818e-01,2.821570341164936657e+00,-1.375386832189842146e+00,2.827159756562016124e+00,1.094570695225963508e+00,4.566690324301409198e+00,2.609628886130026526e+00,-3.058462951894317605e+00,-4.767779812938027106e+00,2.700731060829963948e-01,-2.180466852412371370e+00,-1.444352570869827934e+00,-1.005196356226547127e+00,3.213866579205132190e+00,9.941876389284307614e-01,-5.841446576200013396e-01,-1.845031662709613274e+00,-9.065709651417463988e-02,-2.387405232280266798e+00,4.326263199078715260e+00,2.687764556130827653e+00
1.599996413610842438e-01,1.121278470979568898e+00,-1.621595670647338006e+00,1.038507724791877251e+00,1.507302256013225206e+00,-2.593638296308042879e-01,8.553438727540572106e-01,-4.173291353273294924e+00,3.124305127324354725e+00,3.848101779208443762e+00,9.271454831885659331e-01,5.398286633116750055e-01,3.386817697175349196e+00,2.996470686518494464e+00,3.082810389168353815e+00,-1.560427557642705576e+00,2.774056867714890018e+00,3.848605387716558468e+00,-1.295213915965431895e+00,4.369410956693212000e+00,-2.997204728165120180e+00,4.554847718238605125e+00,2.112326308722939583e+00,3.169712208944908127e-02,5.886862193940490817e-01,2.367906037786771556e+00,1.048601167759444452e+00,4.351306728245791788e-01,-4.861382807956786678e-01,2.481310867788987906e+00,-2.501407018768215806e+00,-2.508334929270404245e+00,3.059852044756631972e+00,-1.927017846115311350e+00,-3.420768617419170710e+00,3.816868222410253253e+00,-4.038006929544804002e-01,2.895274683303315832e+00,-2.723115425822490998e+00,-2.680362031672973711e+00,-4.148065176730518999e+00,1.021295066933372464e+00,3.637691341078712615e+00,-7.161021017408102374e-01,2.095312906353949067e+00,-1.331126887626251198e+00,2.056414649839342967e+00,1.155331824514978400e+00,3.248479356683630304e+00,6.814942407214039655e-01,-9.645418114848252067e-01,-1.415161488104438758e+00,1.660257131002313091e+00,-5.655290597971693867e-01,-5.536626017899477503e-01,-1.487028430966651493e+00,4.336328073186915155e+00,1.887169285768163229e+00,-6.122249459915296566e-01,-7.502950837488363556e-01,1.276459940013083383e+00,-1.638976413397645882e+00,3.658016849071705767e+00,2.156016035726006752e+00
2.694997202341598008e+00,9.132479842879280829e-01,-5.860096530929810310e-01,1.617025950162194636e+00,7.414548100720327328e-01,-2.673651434978678409e+00,1.040534037338111117e+00,-4.359594251519530062e+00,3.845155885403448437e+00,2.376493501527222385e+00,3.051796928372098705e+00,1.544867982039773935e+00,3.358119998250332472e+00,2.859426337231044890e+00,-5.143123584092510470e-01,-4.656230657195024047e-01,1.779321070435764263e+00,2.025491041678095350e+00,-1.408030044934452940e+00,1.827049632561395853e+00,-8.656620251989406434e-01,1.052224222227501560e+00,1.089095163928400334e+00,1.976768424414457881e+00,1.059028050471369387e+00,6.697213956006187185e-01,3.597604227572473334e+00,2.854832673789029496e+00,-4.556915146394587168e+00,5.092695789694139386e+00,-3.525072253400711730e+00,-2.779973695520347565e+00,3.919092210072893323e+00,-2.491104565950921668e+00,-4.208246288070574437e+00,2.187632674785539688e+00,-3.841703689536966060e-01,2.983755933480295219e+00,-3.164155846012057793e+00,-3.184755258242448761e+00,-6.574141026969706481e-01,-8.227482931961018764e-01,3.010596539096787705e+00,-3.582530048433296699e-01,8.038477073919291227e-01,-1.365755718039174615e+00,1.280527548686386963e+00,3.496114044888603001e-01,3.719650954688012323e+00,1.948609735521045883e+00,-3.457190825300270554e+00,-1.018264258465509497e+00,5.637834340891090257e-02,-3.540024984133123276e+00,2.967601265228747565e-01,-2.176399204118141917e+00,1.694811903955010024e+00,3.512370170374035538e+00,-2.470407935124740106e+00,8.977852285342833305e-01,3.104557100415393567e+00,-4.657280433390280194e+00,3.722581584622189244e+00,1.576710277669824745e+00
5.029705792728103475e+00,-9.032652407237806713e-02,7.770052309060901941e-01,1.088935010340394749e+00,1.091413153015752258e-02,3.996813844147073524e-03,1.081714050106545311e-01,-2.058287043163979479e+00,2.163292161623200371e+00,7.684434397776289671e-01,3.416562341075573883e+00,2.262782412999718495e+00,1.079235802340467343e+00,8.765694864921067531e-01,3.717450705827451962e+00,-2.999559872606071931e+00,4.920656505419835902e-01,2.887504520408339381e+00,-1.500206559262817319e+00,2.370720733439817263e+00,-6.357807479098903869e+00,2.144020068614603147e+00,5.962764085738103681e-02,2.503351967512068565e+00,-1.887033725081308733e+00,2.608436937604112327e+00,1.750004094776273167e+00,4.490446459510620159e+00,-5.008843004158375578e+00,2.948508996179662667e+00,-2.116169827890483024e+00,-2.057617369890995196e+00,-8.306138216847291922e-01,-3.064278263494027321e+00,-1.538719706722326830e+00,5.428792410930491030e+00,7.312928708290900026e-02,9.745609322434649613e-01,-1.202774466821669552e+00,-3.966575923617543520e+00,-2.994721406083979076e+00,1.720117767822527233e+00,4.239619032552474742e+00,-1.267919803233901632e+00,1.517570369026071120e+00,-2.402201520969097892e+00,2.292656902474157210e+00,2.845476149733127791e+00,5.662784284494362552e+00,1.194818618073135719e+00,-2.907060309290721456e+00,-4.751433568513627748e+00,-2.501082567335542350e+00,-3.626591881107578796e+00,6.151672231153046955e-01,-3.332652998826105772e+00,2.085472813115684332e+00,1.436938454066596149e+00,-1.385603337336702934e+00,-1.736475841813978960e+00,1.905542603040881300e+00,-3.255705400790438908e+00,1.256321706106908742e-01,2.895307006204788092e-01
3.591937620256087094e+00,3.251121292242373229e-01,-1.393493776596551159e+00,2.843875363795898892e+00,2.133620895381340254e+00,5.124536196218492101e-01,1.130031248493659657e+00,-4.952241523771494514e+00,3.481773164903059214e+00,2.410986869816544864e+00,3.796176701098898043e+00,5.306942869393647122e-01,1.712404435157145688e+00,-1.254922216295106807e-01,3.959823007851300591e+00,-3.508432405675246279e+00,2.662074605791808324e+00,2.947974954384623203e+00,-1.505922082084946378e+00,1.621982143288301037e+00,-1.360781753346988365e+00,1.206948240209309908e+00,2.803919830779842748e+00,3.011673599678733382e+00,2.324155862190172783e+00,1.434706319137004638e+00,5.016775548746386093e+00,2.871275363547621584e+00,-2.899586732120642107e+00,4.820121518881861356e-01,-2.145363171143878311e+00,-2.861838471764963643e+00,2.393194088175240264e+00,-1.083296244576358536e+00,-1.071820062321151124e+00,2.988509340981526208e+00,1.633618953139173824e+00,-9.664547866835571099e-01,-3.746976017643771639e-01,-2.736359079752508805e+00,-2.291579069208556696e+00,1.169084526192134099e+00,3.745640939443192430e+00,-4.624202342239415175e-01,4.377057473440805202e-01,-3.472132521183163956e+00,3.055847282057422287e+00,4.891133121969664099e-01,1.415598005933949244e+00,9.252019098302834976e-01,-6.952627780679458969e-01,-1.449865106392179026e+00,-8.221079497715009232e-01,-1.432455043062761391e+00,-1.386471705007460198e+00,-2.481633367358357045e+00,2.269400642255873901e+00,1.399515217216696028e+00,-4.067397657552326073e+00,-1.392017088979091488e+00,-3.485317688747935350e-01,-2.714923731953726271e+00,1.793838147746829037e-01,8.953842614275819844e-01
3.697163473201753536e+00,-7.542601758046104665e-01,-1.611763348329181778e+00,1.066288319079431224e+00,1.593061888099537082e+00,-4.003758175745044667e-01,-1.176639754411210603e+00,-4.512229863125870821e+00,5.083294968016482507e+00,1.774858977379427660e+00,4.024455338296204943e+00,2.974418794625759865e+00,2.813750857034981401e+00,6.806414786673762318e-01,3.361620939841237110e+00,-2.343545046156628509e+00,3.924018752521969411e-01,1.711103896086782372e+00,-7.842164689689126167e-01,1.754045345499129160e+00,-2.087651042785458877e-01,7.407715759488946450e-01,6.457277825682752326e-01,2.864980626676831399e+00,9.743198803990160695e-01,2.649443802950933513e+00,3.664800728594459045e+00,2.521759831200591329e+00,-3.269993142574318057e+00,3.916437434422240571e+00,-2.166521499984642940e+00,-2.112994075562917740e+00,2.688695558661799101e+00,-5.961770895752038335e+00,-1.495009783538592929e+00,3.966428773235051608e+00,1.063750434379781673e+00,1.511773073813134083e-01,-3.491361949860472436e+00,-1.979719139326492794e+00,-4.285384574693828164e+00,2.075712055302608050e+00,3.691734749655069869e+00,-2.418146692113936513e+00,1.038059917722254033e+00,-1.427718699840354155e+00,2.688026997886747260e+00,3.670940454348513793e+00,2.878778486348786192e+00,9.244871869360147265e-01,-2.005657021599754231e+00,-4.165485680680482083e+00,1.266751174055870788e+00,-2.762868396522702774e+00,-1.300027800197742778e+00,-1.195747110075640052e-01,3.753909039509620182e+00,2.193674968824835592e+00,-2.527850787350480743e+00,7.029843776305444436e-02,2.344723229604715797e+00,-4.592165806040976683e+00,1.147532169906390287e+00,8.352014226517846529e-01
2.717627249884962293e+00,9.557709434565190287e-01,-5.547858117260684452e-01,9.806476993809982723e-01,3.106748381455783026e+00,-1.515868136961756152e+00,-2.793423672722605278e-01,-3.127015766234489735e+00,1.880305596462674256e+00,4.498357901936289593e+00,1.297470643077376806e+00,2.305026893434250823e+00,4.181972755774126860e+00,-8.200388412793051529e-01,3.257920811306138642e+00,-1.588168808012175193e+00,2.572045431211675393e+00,4.039248084402264460e+00,-2.600438273840336656e+00,2.023082335516858343e+00,-4.334141548144171630e+00,8.540429497673669434e-01,3.402786556122958661e+00,8.617096975391849156e-01,-2.757340090046775938e-01,1.536992896224341987e+00,4.522833428357420082e+00,4.726504594706357310e+00,-4.291179942174070838e+00,4.788856629476619275e+00,-1.957441939155649457e+00,1.005437935381704229e+00,2.619004888030257661e+00,-1.437127306681344807e+00,-1.932283438317990765e+00,3.894773319261626288e+00,2.481682026623817094e-01,1.552670617350349058e+00,-4.013347591006622750e+00,1.332899413912578268e-01,-3.203015787389237978e+00,3.752351525545585709e+00,3.670779594920889455e+00,-1.176478177877021913e+00,1.104630542695939077e-01,-1.641662916392881533e+00,2.989462820866576998e+00,4.080533031661714105e+00,6.019781629636613118e+00,3.166735153943489589e-02,-1.696441601949913336e+00,-2.710878358573691749e+00,-1.370339502719053915e+00,-4.898929682955974751e-01,-1.186995209869825763e+00,-4.393961372821228117e+00,2.229571817471193818e+00,1.725504805929672258e+00,2.431188685235959879e-01,-7.324573117076285111e-01,1.727279683037054703e+00,-2.323447632108164740e+00,1.857366186248995188e+00,3.091410786692044166e+00
4.145066438618133731e+00,-6.639158087704011280e-02,-2.227243593354260920e+00,-1.365847442307754456e+00,1.158176279241173168e+00,-1.794877961051089210e+00,1.025181656087725823e-03,-4.453184211828526529e+00,4.740633877436632559e+00,3.716994329195040692e+00,4.195546406765130243e+00,-1.011083970108633823e-01,1.572652489951877230e+00,3.075398686607408116e+00,8.695057741012344188e-01,-1.420350499533295174e+00,2.328434486259988834e+00,3.487088595548467840e+00,-1.896584733265542999e+00,4.948977082786855775e+00,-1.928647317016350060e+00,1.217461772166812395e-01,6.205098612724468943e-01,3.940671613949710661e+00,-2.096056621343209969e-01,1.100533477800201165e+00,1.684718652276295803e+00,1.579794836325439489e+00,-1.449991549813747893e+00,1.170677236850782066e+00,-4.182533140388036585e+00,-1.214612994332696649e+00,2.227790314944865901e+00,-1.679487085809632907e+00,-2.512426891973824628e+00,1.791518299995577879e+00,1.862584065282815393e+00,1.336451936722064859e+00,-1.541285784994239183e+00,-2.534756212257695207e+00,-1.863521506520415372e+00,1.469140658255322585e+00,3.713424261384473013e+00,-4.171674796730265200e+00,1.169542248175656773e+00,-2.183948042142620061e+00,1.541761372033768396e+00,1.237743094981205161e+00,8.677257539084397564e-01,2.683587173495895151e+00,-3.696561438731657656e+00,-2.298820489757285035e+00,-5.798015452700009398e-01,-1.549966188035506676e+00,-1.039412528622177589e+00,-2.532485181820784081e+00,3.003614870677739468e+00,-6.690987675562261039e-01,-1.334126598602725089e+00,2.524532875263676424e-01,3.028016862223772421e+00,-9.240577115226120686e-01,1.246957497665269754e+00,3.707962253075445247e-01
3.841797000452468414e+00,6.405757434332817191e-01,-1.832237891213757575e+00,2.873738919665669300e-01,1.249049356523208809e+00,-4.731154821003782374e-01,-1.165097856929015130e+00,-2.196371533632420103e+00,1.834202971195911802e+00,4.664988833750324915e+00,3.773959494884351340e+00,2.353159976303207834e+00,3.552145506576342981e+00,-6.420406373693743340e-02,2.755405231056629489e+00,-5.196686725941750851e+00,2.685170581336189688e+00,3.599563624482567281e+00,-3.960642897604605306e+00,1.942997192198827383e+00,-3.657972470653865216e+00,-3.225891234380036110e-01,1.747514248339560705e+00,2.759273219024934498e+00,-2.675367789293329190e-01,1.166894749054602887e+00,3.078743541165722242e+00,4.189571643279847990e-01,-4.565468356991976506e+00,5.903540326420370299e+00,-4.106637779953798528e+00,-1.510772749623602085e+00,1.796670570246545751e+00,-4.570767710210279500e-01,-2.513776505803112293e+00,2.949371298278696152e+00,2.029570952409685880e+00,8.910119662463819035e-01,-2.457350794772620084e+00,-2.562381947933895621e+00,-4.051500597125146541e+00,8.021346866630251204e-01,3.656862397642940632e+00,-6.465348807843056544e-01,1.455101923673211228e+00,-2.573575649115471542e+00,2.220651643740339409e+00,2.149877220098174391e+00,1.780209346071594645e+00,-5.297820651479892007e-01,-2.130284636826231370e+00,-2.996969805943515031e+00,-1.561438641013789042e+00,-1.002398273370307180e+00,-7.250602065278508590e-01,-3.006684767752083154e+00,3.800439235602835364e+00,2.524881159428633115e+00,1.302512485240753026e+00,-4.417031447996080828e+00,2.570368321577725101e-01,-1.658788191131113754e+00,4.321138595581850428e-01,1.586832396835381243e+00
1.856484606210153432e+00,1.472579317203515092e+00,6.733517432184672469e-01,-1.066195669538084534e+00,1.128637952745712436e+00,8.813968824366336108e-02,-8.108113755742925033e-01,-2.832255465278195938e+00,3.365384987484494328e+00,4.183177458731822895e+00,3.578122821286657818e+00,2.812291293476897991e+00,4.447527312841751623e+00,2.487887413560041949e+00,3.036983132287500275e+00,-3.095962532458454319e+00,2.663120237868231488e+00,3.413915163241226569e+00,-2.904979376091717747e+00,5.286371127985564300e+00,-7.276469799685614248e-02,1.924014281671297733e+00,2.183118259824022189e+00,3.259825394016051092e+00,2.160624250510356337e+00,1.442994858969601779e-01,3.436740159123516491e+00,4.299311058036476396e+00,-3.191335141216709026e+00,3.596255310620967371e+00,-1.191866436708632238e+00,-6.285203292375534101e-01,3.850960100061066704e+00,-1.478237329265800648e+00,7.687945257758517226e-01,4.561727387992025484e+00,1.473477340813326597e+00,2.145564830037563819e+00,-1.776565656537632876e+00,-8.782422761126016386e-01,-4.345581672590025590e+00,4.979270525733134889e-01,3.729076572683173385e+00,9.192735602781563209e-01,1.833001739560550014e+00,-2.687980449673036620e+00,2.771679453650574665e+00,1.118851754825138656e+00,1.401055215644206875e+00,6.724505219436917036e-01,-8.690167138367481670e-01,-4.048973711678170773e+00,-2.774059400570612510e+00,-2.341055253631344257e+00,-1.243921319236069412e+00,-2.859486429470657232e+00,2.314516303389058116e+00,-5.880499098014730919e-01,-1.437568785461540433e+00,-1.215910281353481670e+00,2.748447787641337570e+00,-4.696606759714106794e+00,6.536137806376629555e-02,2.874803047726848693e+00
3.376327953875478016e+00,-1.284130097216910738e+00,-1.551296142758757268e+00,-8.512056845395399307e-01,1.463663003928666440e+00,1.209381794829460510e-01,-6.754682380799090780e-01,-1.486356361401029558e+00,2.855742858916313409e+00,2.154697751985033438e+00,6.485986589480132736e+00,-2.506541446637996495e-01,1.651541970593648934e+00,9.483414230809115164e-01,1.605420481234193453e+00,-2.383848149499007363e+00,3.338369325961681788e+00,3.093685559952615627e+00,9.688239657474468913e-01,4.322970355635762374e+00,-1.130127307315457186e+00,2.743954688355183968e+00,1.532048840320186844e+00,2.365411521381883375e+00,-5.180377617569351112e-02,1.099797278083445295e-01,2.430493715180706005e+00,4.014845228443488345e+00,-4.517836005923872023e+00,1.670981176702328375e+00,-1.953469626146141946e+00,-5.332442144995399591e-01,5.035670192882119700e+00,-3.042175442139672725e+00,-1.429502643365542447e+00,3.226342820128755839e+00,1.559399296488388043e+00,-3.721037308017227652e-01,-1.276551120883822499e+00,-1.717370526579900636e+00,-2.807062177673286030e+00,-2.181066165267324664e+00,2.458975481063333746e+00,-1.460818861488940579e+00,7.840959204412241146e-01,-2.066608495998664363e+00,1.513714487251283991e+00,1.969847441445334413e+00,5.530826366941670180e+00,-3.366288969359321204e-01,-3.079880128601903522e+00,-1.776852256166732591e+00,-6.127265375738858433e-01,-1.284301715288083567e+00,-4.002396617727193018e-01,-4.108193187420892123e+00,3.957380703184257165e+00,9.131635475270029056e-01,-2.516251852366444552e+00,-1.239058584350346548e-01,1.881151839410394988e+00,-6.902533515285602661e-02,2.506891267746865104e+00,1.624867842628516579e+00
3.635207616745796955e+00,1.690818497303803181e-01,-1.537613805566295788e+00,2.854630714732218522e+00,2.583123731290284830e+00,5.839515987186738588e-01,-1.435018785600088664e+00,-5.235637792295809945e+00,4.451020595706628669e+00,2.546211318588296635e+00,3.213323960067595575e+00,1.022489085246625962e+00,2.650872667159065887e+00,2.013384030715122730e+00,8.903879773633460726e-01,-4.435431306602106716e+00,2.711434340136262389e+00,3.266096931538652104e+00,-1.572713173990917035e+00,1.985644618358428426e+00,-1.103463060996742628e+00,8.212909083590025361e-01,-4.077217058464568389e-01,3.373811412383743047e+00,-1.133225399301843295e+00,2.103390625046535067e-01,2.106188778971936681e+00,2.510109730416353990e+00,-3.583796423834377354e+00,2.256192355543478634e+00,-2.424625295735545638e+00,-2.532391362182734529e+00,3.138345560542228352e+00,-1.659503505324765094e+00,-1.416152298066124970e+00,1.775087667320389251e+00,1.692490942877091342e+00,2.766213830406883289e+00,-3.618292082120931230e+00,-2.564541280177980553e+00,-6.512566987133365792e-01,2.814820748583913623e+00,2.518560938116612746e+00,1.460489282225043484e+00,7.134754527361276688e-01,-1.701140659638493036e+00,2.352876450819660015e+00,8.341902050673970503e-01,2.881478987552905213e+00,4.711412791217149731e+00,-2.168998901275668967e+00,-4.272479090931931012e+00,-2.147096378865007704e+00,-1.441683686702436518e+00,-8.929963803792728694e-01,-7.229194343437379544e-01,2.805756517467054678e+00,1.844684157617772824e+00,-4.011650336763700198e-01,-2.825554027458320405e+00,1.444525452309278313e+00,-2.239709230269698370e+00,-1.035626135364838607e+00,3.069760009867497086e+00
2.696812476436266870e+00,8.586204742049835525e-01,-1.162511089035627165e+00,3.304034108556599847e+00,1.384776817784629355e+00,-1.731312549959724612e+00,-1.348533375580240667e+00,-2.632315958360498698e+00,5.885776623090681170e+00,2.577072947522617952e+00,2.019203587570712610e+00,4.751579614113987660e-03,2.254331207186386798e+00,3.918407495188681811e+00,2.666560012296590010e+00,-3.479089304069491018e+00,4.082045277536195726e+00,1.991612792955358646e+00,-3.908472014650096860e+00,1.180839921295800954e+00,-1.499900655969807151e+00,1.812021134986513626e+00,1.298951086280002221e+00,-4.520464035535987080e-02,4.619351747132042219e-01,2.938359891943143509e+00,2.497447643645550386e+00,5.739923233124347490e+00,-3.059120480553196408e+00,2.523273711975207334e+00,-1.460597455364452069e+00,-2.398601244706648927e+00,1.137341409476687382e+00,-1.755582837121069772e+00,-5.361408000708112187e-01,3.223579930490734213e+00,5.618802106261344687e-01,2.579301318556711742e+00,8.021535392740224424e-01,-3.921649183523626903e+00,-3.644060001223844214e+00,3.003772077639985216e+00,3.310397055554319401e+00,-1.763806452129267066e-01,-6.753442524084403153e-01,-3.124776370510521595e+00,1.180698507886072779e+00,1.412637281110060705e-01,3.319453697308360152e+00,1.126919016126679551e+00,-4.169576464701804319e+00,-1.510808918206621110e+00,-7.291816055635074179e-01,-8.305228034107619006e-01,5.001427965808320497e-01,-1.552935163789893380e+00,2.699207274984129601e+00,3.530846759181075711e+00,-1.842126416851865178e+00,-5.793886501210278039e-01,-9.048484376263514761e-01,-3.858827235552290347e+00,-1.049062730261517196e+00,1.467180484993938494e+00
2.024787239233257985e+00,9.000154488315961210e-01,1.050920049985264448e-01,-2.000417073184247663e+00,3.943774283933485503e+00,-1.256646798214305694e+00,-6.469997331846775168e-01,-3.384131960358434110e+00,4.704250318952855281e+00,2.623597102058222053e+00,6.186691842232525218e+00,1.091171663176039974e+00,2.716565220123596802e+00,2.752679538283167915e+00,1.258805546435810552e-01,-2.954870056679369306e+00,2.807318529855319600e+00,4.514637477111878461e+00,-3.047476465872663187e+00,4.952321025432735446e+00,-1.772734479479556313e+00,1.534211531532460926e+00,1.919582058702414606e+00,1.107328771846650683e+00,-1.395303737987698023e+00,2.335397264115487648e+00,2.216159089576306584e+00,2.439863792235579254e-01,-4.488039660967759303e+00,3.728806104366399587e+00,-3.988084751477976031e+00,-2.429973760428051133e+00,3.413896514989627207e+00,-2.599773825683926454e+00,-3.446110041328484641e+00,1.452220360185041637e+00,2.545006925731475356e+00,-4.127091396734705597e-01,-1.181345001626906033e+00,-4.031540757380404294e+00,-3.526546533536216277e+00,2.044339234998330923e+00,4.670435531664177020e+00,2.010130198583499617e-01,3.273176405667829747e-01,-4.745666243385296745e+00,2.820266067303541568e+00,1.608076207583984285e+00,3.796908015731900399e+00,8.586643733625549668e-01,-1.065645108889021531e+00,-2.486369829680641796e+00,6.897801643031682417e-01,-6.406979488661086464e-01,-1.465322346463430847e+00,-3.678758866335888555e+00,3.686733485752968775e+00,7.060439409754952766e-01,-9.154931623619921854e-01,-3.930650041536746242e-01,2.399986379248488344e+00,-2.244371684165809011e+00,5.938080044636915300e-01,-4.765866449453879383e-01
2.658135475216962362e+00,-6.488138298166096218e-01,-1.548608823401060874e+00,1.554015705607189712e+00,2.427959316782634325e+00,4.971183496536286661e-01,1.477342440828899317e-01,-2.575538053043725295e+00,2.271123638954652080e+00,4.572629971442804475e+00,4.831138826510315454e+00,1.947126507899429315e+00,1.543617872283425729e+00,7.540535928429664692e-01,3.819656304654795331e+00,-1.991780849649760432e+00,3.159552694729632627e+00,2.853185472824095736e+00,-2.533944641211099302e+00,2.553156393981474537e+00,-1.807481518152334932e+00,1.992405731267328894e+00,1.849900597003831582e+00,1.248784351918319491e+00,-2.925036717763717098e-01,3.638791473782423402e-01,1.772080886883190765e+00,2.473793046695736741e+00,-1.990406338370882766e+00,5.538432229453291278e+00,-2.561193594305725796e+00,-1.491904239283722511e+00,4.595375717123965309e+00,-1.064618316146761279e+00,8.412590735233920203e-01,5.227998900746543498e+00,2.354136595740285554e+00,-3.728856428371551957e-02,-2.788018436656803267e+00,-3.665754729188842820e+00,-3.883842493917298633e+00,3.913034173352514244e+00,3.884432666304119763e+00,1.171760984427786090e+00,3.647801799788118471e-01,-1.938115218240551885e+00,4.028220771613520768e+00,2.181061859249631141e+00,4.370764385000708074e+00,1.353147394312875229e-01,-2.261982016872030599e+00,-1.713722664634916182e+00,-1.830903235682919572e+00,-2.045781933094190208e+00,-1.727981201897712316e+00,-3.908634271299469276e+00,5.110057484516612902e+00,3.908244507124163380e+00,-2.442096009608345775e-01,-2.344634651807699477e+00,9.754873236452025198e-01,-1.010275007427195781e+00,7.052143627730440567e-01,1.415848158128976575e+00
2.432015930352554367e+00,-3.311511546717948562e+00,-1.833069523850774152e+00,2.100518579588451118e+00,6.603756355475676187e-02,1.733535349528418923e+00,-2.890868820155333974e-01,-2.581667608561197369e+00,3.786306993749895433e+00,2.789766056625974322e+00,5.620806390478008119e+00,4.955530087587957100e-01,3.087488769395675181e+00,-1.361110690941738532e+00,2.694373901724568476e+00,-2.815159513604910124e+00,4.477967227917525328e+00,3.998297241894475551e+00,-2.069017388901988053e+00,2.323760270316759247e+00,-3.104119325372831195e+00,3.407521034798113302e+00,2.496266225513475767e+00,6.400514977614784051e-01,-8.197188224802222090e-01,3.325763843898815075e+00,5.196024169665658832e+00,2.106779969440454980e+00,-3.741680827958987265e+00,6.881865377999282885e+00,-2.788123264425801384e+00,-2.015463986227890913e+00,2.125026159908423473e+00,-1.772716995975777143e+00,-1.706328922970450135e+00,3.926663094774158758e+00,1.838556333071810212e-01,2.492710510331851648e+00,-3.756306240501409377e+00,-4.360481176238632628e+00,-2.109598354700450873e+00,1.839972440310892132e+00,5.238693640352780179e+00,-2.567996689479043471e-01,-3.167301809818815483e-01,-7.576044373527325293e-01,1.626424135192739096e+00,2.122374969526998889e-01,1.391404149571928039e+00,1.294994905561598131e+00,-3.419208945475891603e+00,-4.241986779147743469e+00,3.927488186254819436e-01,-1.650021430277010870e+00,-9.515088853514990230e-01,-5.279573310658308039e+00,2.574595080889143350e+00,2.958583532626292367e+00,-1.449060361461641300e+00,-8.637940235398211541e-02,9.913929311207737571e-01,-1.072105104910777484e+00,9.028367683606355332e-01,1.163160256813355442e+00
3.580887576252199445e+00,1.394745438451687747e+00,6.191830297362550528e-01,9.615113522194804752e-01,7.723416210842937168e-01,-7.720656423001324153e-01,-7.572930629660961088e-01,-2.415687794775116526e+00,6.325185631370264794e-01,4.218547366571877788e+00,1.223844519441944279e+00,3.584781796988713576e-01,2.229614533673841770e+00,9.994292535270594691e-01,2.689345086629972847e+00,-1.785620170212788516e+00,2.959007949640763524e+00,2.137934964619315092e+00,-3.024533992475656241e+00,1.304714137576176380e+00,-2.461278730293662509e+00,8.647459781127535550e-01,1.841882965265857264e+00,1.245040693401629373e+00,-2.735393298546659135e+00,3.174319347590520035e+00,-5.414669565917860083e-01,4.249284142482884441e+00,-5.355210302183908588e+00,5.738985385777301218e+00,-4.589809425148817290e+00,-3.192735111575233820e+00,2.885571293692713812e+00,-2.749216579172395925e+00,-1.987861051068734453e+00,5.010765271560456924e+00,-3.776726568632238212e-02,1.939328380242989036e+00,-1.669475296589212565e+00,-3.404142245931763178e+00,-3.555483340186230024e+00,1.980307193851132741e+00,5.389325478797502456e+00,1.048403533713495595e+00,5.433345953305659393e-01,-2.547718336020315277e+00,8.798614209677798614e-01,2.663263879625840769e+00,2.839851491009685702e+00,-1.386146121387424879e-01,-2.386782684375817976e+00,-2.024837522525544831e+00,-1.575967308545279666e+00,-2.369055817430192779e+00,-7.304745303470910889e-01,-2.850827170760183105e+00,3.159690306157043160e+00,2.402443309204917110e+00,-8.982503992150479011e-01,-1.573930559191642597e+00,9.873498130000720741e-01,-2.035577524859960352e+00,6.098595351474837001e-01,1.724543333335335493e+00
3.298540753984849250e+00,-6.399699076153704258e-01,1.603401868728084878e-01,1.231921122863110174e+00,1.520798749113263959e+00,-3.699870114036675206e-01,8.003099808329197096e-01,-3.867022641724792820e+00,2.167194635383650425e+00,2.765794583430877918e+00,5.109726769569297389e+00,1.228739148592166597e+00,1.571914189249543847e+00,2.152094089004229716e+00,-2.223846135493015019e-01,-1.893836417625523127e+00,1.780242927159171762e+00,1.009230274857046528e+00,-3.738057408775917079e+00,4.311325084182786149e+00,-1.983127230699220478e+00,1.825783459735620839e+00,2.744958467771980271e+00,2.036104811178291119e+00,-5.496215145057896656e-01,8.776353857133896152e-01,2.558253663062940664e+00,4.231026455215646465e+00,-3.427176093309058480e+00,3.601694522809125498e+00,-4.118912217680941623e+00,-2.039630511275563496e+00,3.836377411459268139e+00,-1.640611794231568332e+00,-1.668937099148668057e+00,4.243571696688158923e+00,8.835219475357138919e-01,4.444095563656260239e+00,-9.594433604961398743e-01,-2.687377959514242853e+00,-4.575010616561802301e+00,8.858454243702147402e-01,2.996199549114226812e+00,8.598940873787461747e-01,1.215050773521796135e+00,-2.486987441973040447e+00,1.300879849429889656e+00,3.977505570067870977e+00,1.023874545651575652e+00,1.617048215691293089e+00,-4.164582424532847327e+00,-3.828697978494213672e+00,1.625135621799385088e+00,-7.414709679952349308e-01,-1.366531211474407037e+00,-4.112080597814937732e+00,3.160491513736114921e+00,1.495558291280830954e+00,4.173293188170620338e-01,-7.511951110544210497e-01,2.785549630552034195e+00,-1.890073572985285999e+00,2.700497744215516249e+00,3.887214898017756326e+00
2.005666066798066804e+00,3.225243547531272958e-02,1.955518304979482647e+00,-8.496581554345647991e-01,2.410086808841605865e+00,6.304732445256022721e-02,1.515940470199603096e+00,-5.363580259248992732e+00,2.650771750083497302e+00,1.013351254761822640e+00,2.362192420827869732e+00,-1.191767778612331741e+00,2.592158087657577159e+00,1.107061364693644911e+00,2.835111126644493051e+00,-2.579743381663853086e+00,8.634741567564823139e-01,1.521972694862684827e+00,-1.366371165972042778e+00,2.500833787390747798e+00,-3.055220273659777774e+00,1.206561521546499538e+00,4.810412722398365037e-01,4.089701311940548756e+00,1.299426730707682776e+00,1.890516060175567281e+00,2.208320546584173094e+00,5.154326825554498726e+00,-2.569793242213227469e+00,2.518050894074613577e+00,-1.783380939421126410e+00,-1.351051156754809579e+00,2.275497928132745429e+00,-3.769443348115415482e+00,-8.622553343380354729e-01,2.445305116447759719e+00,1.374023443381748200e+00,1.726794231473070873e+00,-2.264499459770703549e+00,-2.788051210482467290e-01,-4.024863546744016141e+00,1.697788425495955655e+00,3.508866433518978756e+00,-3.650226867364656069e+00,4.294354988076890534e-01,8.967756536028970160e-02,1.698053374312527897e+00,2.171050494510764928e+00,3.358078382580684806e+00,1.610177672471051480e-01,-3.086083527953083383e+00,-2.437770777876029360e+00,2.800892183958381132e-02,-2.701854777871200763e+00,-1.730836898964024151e+00,-8.188562360813056440e-01,3.387678758014750713e+00,3.208043858879388921e+00,-1.186013683726200973e+00,1.503789518075343778e+00,1.260840536356879538e+00,-1.959863177194366202e+00,2.515131887032040936e+00,1.958742739744140371e+00
1.774925544671842159e+00,-1.234527762311368737e-01,-2.388615209269701722e+00,-7.383435004748697406e-01,-4.472833816036561050e-01,-1.767807543343418164e+00,1.572793880548287726e+00,-3.171470569350953284e+00,3.137521574058630414e+00,2.268286564735543021e+00,3.406770096162512473e+00,-3.458568941109867456e-01,3.450624233365647608e+00,-1.377962728005460491e+00,2.758658408055813638e+00,-1.094649724447885442e+00,2.263227472302659304e+00,2.368273519500364799e+00,-3.773680824351063112e+00,2.679312740401735837e+00,-1.405853500060406880e+00,2.050609386914937105e+00,3.532832162056583236e+00,2.574725714607457139e+00,2.104245733773400406e+00,2.068224209071139796e+00,1.214474747046994096e+00,4.289821077998613674e+00,-4.898487969787376883e+00,1.922848909056855238e+00,-3.246020837683790017e+00,-1.298773743967908789e+00,1.169509413630438699e+00,-5.415490243045166796e-01,-2.106467622492064873e+00,1.985860524963143803e+00,2.853696931062011721e+00,2.768686654915018863e+00,-4.381260173635536326e+00,-3.670968030466255971e+00,-3.770274616480242980e+00,1.510454666588127992e+00,3.662377795334157415e+00,-1.234594686122026719e+00,-1.637071559969729417e+00,8.129860794030323579e-01,3.118274052659789852e+00,1.291093307993542050e+00,4.902350748975356609e+00,1.750190777073515891e+00,-1.035088476341157193e+00,-1.890985132083914166e+00,5.388778687914179688e-01,-2.189596140247391354e+00,-9.512815794273631331e-01,-2.789308876589135178e+00,3.313972292118617879e+00,6.825089163786426383e-01,1.644232328079914041e+00,7.299783080587398665e-01,1.640529080369827808e+00,-4.796486961217387268e+00,1.314462219036278245e+00,1.129713011925684185e+00
3.251517322546380040e+00,-1.926361452115341155e+00,-3.649245480686886811e+00,-4.174194230476258038e-01,3.704333017785955029e+00,-2.401648007539167740e+00,4.346261440147058952e-02,-3.649724911876342404e+00,2.570962885589699987e+00,2.282176448191134632e+00,2.917123740568817070e+00,5.611132911031083692e-01,2.975373207091775996e+00,9.469341058707948511e-01,4.508542294724377619e+00,-3.239569201476746763e+00,3.393163644309580285e+00,6.350328748568800918e-01,-3.745514702003669427e+00,2.524318231770174670e+00,-1.598285768027665199e+00,2.816916923824755337e+00,2.241473398604179046e-01,-6.036981662245599622e-02,-7.183099267506125596e-01,3.516225894977774047e+00,1.560884393414561533e+00,2.183323266851975752e+00,-2.167433794354862719e+00,2.934401550114127399e+00,-2.840159967675682129e+00,-9.202963679289390964e-01,4.004108347782525001e+00,-4.160678568965501256e-01,-1.202769453681161060e+00,2.973458397202180858e+00,9.904294807039087933e-01,1.159071076779241594e+00,6.005266398630593194e-02,-1.765272839843151864e+00,-3.235146815628799910e+00,8.128397548890828883e-01,2.106549779247537835e+00,-5.601653789432265995e-01,1.650072712854062873e+00,-2.559699617487003476e-01,2.459401795782456546e+00,2.750919477922060707e+00,4.206435283668390923e+00,8.892911497708974045e-01,-2.547564078225179607e+00,-2.204273323879399449e+00,-2.353689950715826207e+00,-2.523967108661461456e+00,-5.853820469821828798e-01,-3.189104228611210345e+00,2.713700461352690940e+00,2.555419847057821325e+00,-1.206601637962815943e+00,-1.606755891008032622e+00,4.075942199164378499e-01,4.650777624390287635e-01,-2.350707067960011720e-01,1.168423880896620526e+00
1.592199890584640176e+00,1.625338674108017245e-01,-3.717274960473218037e-01,5.018146959718053912e-01,7.424346603735522132e-01,-1.869183657466489290e+00,7.608035883144990130e-01,-3.633304217547315140e+00,3.623981304043997209e+00,4.064324582909236483e+00,8.923895521817373222e-01,1.925678652223155929e+00,2.160450013013504478e+00,9.712292075203143860e-01,2.066177983965244991e-02,-3.815968605990248896e+00,2.117257858149066418e+00,5.593465990306389912e+00,-1.937941719631963711e-01,3.355703552824492064e+00,-3.518413688182201682e+00,4.307320344294074843e+00,1.586288439262207417e+00,6.072868040220513741e-01,-1.203322357703309420e+00,1.814443365472468317e+00,2.862058071178513075e+00,3.233212087117656175e+00,-1.835272487055288781e+00,1.196277792088350278e+00,-1.696598538490620811e+00,-1.314691753557593268e+00,2.456116821934261729e+00,-3.774813499247094306e+00,-5.790339194007543266e-01,2.561066654578882940e+00,2.521093845587688342e+00,1.868548362736058177e+00,-8.087634890984319869e-01,-4.387189777296573112e+00,-1.935013423989130343e+00,-3.160974689051223585e-01,4.797523516889162565e+00,-2.546566922722912629e-01,2.392129466683575956e+00,-1.859017697330137553e+00,-1.222129840464303285e-01,1.396587657944087457e+00,1.818194621447269066e+00,1.779340735970324605e+00,-1.616279780500764929e+00,-4.596523568905788615e+00,-7.869442791209014798e-01,-3.261367504089642377e+00,6.879000770634990936e-02,-2.677299972781164161e+00,2.991724602193523985e+00,2.264235216337826095e+00,3.761309193263673301e-01,-1.967620431387428592e+00,3.248005082322933390e+00,-3.754306196760511138e+00,4.274426781060747693e+00,8.875323564786044006e-01
3.680087261798183018e+00,1.031190023505370590e+00,-2.680535776173441409e+00,6.646552471959296104e-01,2.512864682893947155e+00,-1.004467613502341594e+00,-5.887808900859433647e-01,-4.900515253441744434e+00,3.312159848451370792e+00,2.852265646200721427e+00,1.874220059025343055e+00,2.405615500996090006e-01,3.286246192699320723e+00,2.370435135678206073e-01,2.219364794418213105e+00,-3.365020589368798110e+00,2.452568268036585675e+00,3.964825181665491360e+00,-1.595107340330309098e+00,4.199794016081103365e+00,-4.984017856074133945e+00,9.743212929152809121e-01,3.232865567690124564e+00,1.600394228070686209e+00,-1.614661085390575845e+00,2.229483141394168477e+00,7.242837584808521356e-01,2.061749991891250744e+00,-4.146288776735667092e+00,2.324972648886615367e+00,-3.662940113606019565e+00,-2.300513595717772919e+00,2.077735815842423062e+00,-7.397441838707217165e-01,-3.673025453545822216e+00,5.146997020380208454e+00,2.694128460937620151e+00,5.945907099577658617e-01,-1.502246816274435792e+00,-2.847543499128930122e+00,-3.567057019596837630e+00,1.584050423059401247e+00,3.310086715022938719e+00,-5.143762991422061726e-01,4.879270261719315105e-02,-1.806716490395503971e+00,3.347404088654692966e+00,2.642666434844215928e+00,7.588817950030406934e+00,-1.184288824085715008e+00,-2.863189028409071302e+00,-1.377225932904416306e+00,6.025765126289492901e-01,-2.096175612309806979e+00,-1.911487801254327934e-01,-2.857297313426514496e+00,4.766514188548658382e+00,2.779030851036683902e+00,-6.568614955725700089e-01,-2.718218007206770537e+00,1.783028229279422172e+00,-3.460382094519336427e-01,1.077786258366712824e+00,8.430462034013294081e-01
2.200066532442924050e+00,9.457842087905027340e-01,-1.251545086696135289e+00,2.638385121313976622e+00,2.411300579178745629e+00,-9.785521537746516563e-01,-1.337527190301823321e+00,-3.102998063800522566e+00,4.551095588275909876e+00,2.634658755948064979e+00,3.898277850524882737e+00,8.097263678418464838e-01,2.786653688290006592e+00,-1.178461385297294939e+00,3.157652092460041970e+00,-1.607576290239403738e+00,1.174059313271508920e+00,5.283054406636072287e+00,-5.237936313458149140e-01,2.583719312263374146e+00,-1.286242309943917528e+00,1.724594814147635269e+00,2.782272066522558873e+00,6.576513679016553482e-01,2.938072200021341063e-01,2.299696414807353761e+00,3.048214018602628084e+00,2.470328562383369952e+00,-3.103698890071314942e+00,5.545981763276033760e+00,-1.989751739609137093e+00,-1.861333741912662543e+00,3.928723852562085561e+00,-1.184406274529833603e+00,-1.130511618464013157e+00,2.511923649967250594e+00,4.484987735086733096e+00,4.427035105968826212e-01,-9.435456444929047892e-01,-2.300899193272655019e+00,-3.296260289362440865e+00,1.857357113737889698e-01,3.824445762965979601e+00,-5.066137978456879409e-01,-1.526598306501800728e-01,1.112270749643349488e+00,-1.580177030873680444e+00,2.514433143139313653e+00,3.289698868140511046e+00,9.751219077957015147e-01,-3.997738870553739332e+00,-4.040380600009285672e+00,1.193577873985161686e+00,-2.163992173791742690e+00,3.669691160560530907e-01,-1.697129937888488538e+00,2.856598052652446817e+00,2.648466338593161495e+00,-3.427502428182726213e+00,-9.688129267463306826e-01,1.077151104512227731e+00,-2.725199143902966803e+00,1.930885171062457051e+00,4.063386879043786593e+00
3.334593889165212932e+00,8.771601116100176121e-01,-2.092558216325070219e+00,1.083250062957960447e+00,-2.140090838969891163e+00,1.071837098515739495e+00,-6.377070617007545295e-01,-2.358746149783805812e+00,3.834981630652096740e+00,3.912271708120713232e+00,1.722668125255800486e+00,-1.231731805566403271e+00,2.462410904506047604e+00,7.154241551264856058e-01,3.314657161274033204e+00,-2.166825090316793823e+00,3.851871952146042055e+00,3.447333084295281402e+00,-1.818011720551114818e+00,3.586067948198818911e+00,-2.825791593033005977e+00,1.120791470774219256e+00,-1.248946811133976986e+00,1.654888589159468681e+00,-5.271941118826317663e-01,1.257602172475253965e-01,2.930358350842515058e+00,2.767007207042888162e+00,-4.694174976434513091e+00,2.672685984334802534e+00,-2.938576496674162986e+00,-2.929183470662445110e+00,1.716628523997383970e+00,-1.331390851537027409e+00,-4.885477854519566510e-01,2.365469877596980020e+00,2.657116133694623183e+00,1.780926601415408372e+00,-2.266614131290427991e+00,-1.112301167833158910e+00,-4.671500467636260367e+00,1.711452251131696745e+00,1.328875400581117638e+00,-1.571021854104277748e+00,1.898651525996846168e-01,-6.647744286166650252e-01,1.493176360189343521e+00,1.384396420555547014e+00,1.205832163832391668e+00,1.327026642398253964e+00,-2.817667639141517189e+00,-2.323076283949930598e+00,-1.356073884409281227e-02,-2.159345563575326921e+00,1.612548401870671499e-01,-1.961100921217387327e+00,1.498881147228160016e+00,4.163479409581977819e+00,1.293807823988070593e+00,-9.113121480621045878e-01,3.481724133548959044e-01,-1.887398805875801333e+00,6.056425788125049392e-01,3.133863912714407007e+00
2.813298987905748394e+00,2.773174833775525761e-01,3.919552739602414348e-01,3.315824980898558483e-01,5.521652471418805330e-01,-1.000836016585764376e+00,3.699530885538276914e-01,-4.108020865746870420e+00,3.400896741086718578e+00,2.274632310370876986e+00,3.503761453064871301e+00,5.042088062256455672e-02,2.295898232928379468e+00,7.351119465318235457e-01,1.786894204140142550e+00,-2.233152883630991070e+00,1.283512187734301202e+00,1.881644544961665222e+00,-2.389846792748227866e+00,4.676151157130371772e+00,-2.234991207806258373e+00,1.726000073968053883e+00,1.358101404114014255e+00,1.537328119268489779e+00,-1.946057627429087722e+00,3.726085552524050826e+00,1.191817847777355333e+00,7.215832962323305289e-01,-1.593655559303493341e+00,4.933994972668736878e+00,-2.143171499107687783e+00,6.805434637448750657e-01,1.426277602515034548e+00,-3.155186284659948104e+00,-1.397936343871351905e+00,3.847101386332422379e+00,9.826581787819613778e-01,1.921085781636312495e+00,-1.581914987436148223e+00,-1.798858078639398839e+00,-2.130907649069413878e+00,2.797656290966192838e+00,3.628108796796079005e+00,-9.513993878233363288e-01,-8.790105071902030165e-01,-3.149580329507210230e+00,6.913633960467695516e-01,2.846140428047490012e+00,3.121486552458025532e+00,3.445464643747757627e-01,-4.099487481599202177e+00,-1.072188344527252424e+00,3.295377455831756119e-01,-2.539857026079784141e+00,-6.439152959915778185e-01,-3.193344296443693331e+00,3.782736691019710218e+00,3.923412795036146594e+00,-1.907747526848275310e+00,-1.946336733212674419e+00,1.050681516984661723e+00,-2.124249237797878109e+00,3.405226299253719446e+00,4.548682282579498803e+00
3.176207504390633041e+00,8.357246796600776850e-01,-3.387752874065272479e+00,2.267069703385263590e+00,-6.859646562648391566e-01,-2.629429995961571453e+00,-1.578897112065971997e-01,-4.149611542260605468e+00,4.884084218019848933e+00,2.939699558411350999e+00,2.232161512403426862e+00,-1.152849299277044048e+00,3.113226441608034634e+00,9.547326086931582356e-01,1.743597745571219271e+00,-3.575602319205940738e+00,8.140015767225086130e-01,1.525836778204564315e+00,-7.010845641931588990e-01,2.239858265694663508e+00,1.618938470831071008e+00,8.896119284286032602e-01,2.923445399087798435e+00,1.304948801528270197e+00,2.381918355523348740e+00,1.210124330878468157e+00,2.883612821802376214e+00,3.840993549332827772e+00,-5.159786072143985436e+00,4.899743783300372968e+00,-2.329849460250586812e+00,-1.350889554863394570e+00,2.149407322477018489e+00,-1.310604870442086511e+00,-1.748626410981936052e+00,4.606701830321342506e+00,4.048655192732828922e+00,2.675618546018969646e+00,1.450590742410920342e+00,-1.454565287870824397e+00,-3.377368588726586740e+00,2.250220350085863963e+00,4.391272286093688137e+00,-3.218879319270920636e+00,-1.310808858259816523e+00,-2.208032127930634303e+00,7.310404574739660655e-01,1.002225469547955328e+00,2.086055762228382182e+00,-4.683269315727378590e-02,-4.846477690950481421e-01,-3.652761721213851231e+00,-1.649508112483579758e+00,-3.844723722585049686e+00,-1.039326814709138347e-01,-1.384307618240264270e+00,1.305401491498753508e+00,1.991466675903144523e+00,-2.017738830294223185e+00,-2.096549461526334923e+00,2.070517404248333193e-01,1.035463279108443935e+00,9.687193652071648398e-01,2.295421830541931829e+00
4.428617167793301945e+00,-7.373098291035051766e-01,1.045995613541705449e+00,2.068442979299716100e+00,2.361309039842139690e+00,-1.428494402044853118e+00,1.261527464435870272e+00,-2.506152301008748307e+00,1.395800362172405329e+00,2.907353392700935402e+00,3.725598607448147526e+00,-4.298374280299377403e-01,1.417828971585080255e+00,1.617853872645318880e+00,3.051726071372068194e+00,-3.160332067636741016e+00,3.926261236589240422e+00,4.015839807757094704e+00,-1.727254843296343489e+00,4.593178833879346001e+00,-3.531538018135595980e+00,5.614934109398117545e-01,2.748816893333260403e+00,7.456476842729606869e-01,-8.364154867495119383e-01,1.968324531153877732e+00,1.928992675474304752e+00,3.658891622846721425e+00,-1.424936346702602830e+00,1.950275845993344026e+00,-3.376875696426794971e+00,-2.526994157521054607e+00,3.317672662625514857e+00,-6.844878881984257646e-01,-1.653294063636525868e+00,3.246928445843809019e+00,3.846506238724649585e+00,2.711223506945707129e+00,6.676860083859308403e-01,-2.971567722609489870e+00,-1.905098323428846552e+00,1.769872215991814324e+00,4.837113947588711937e+00,-8.293622470761943255e-01,1.744488433131707206e+00,-2.154968059205165432e+00,1.068534391841218234e+00,2.517294301691126890e+00,2.578971843043408985e+00,7.731979251556374555e-01,4.250217723981122298e-01,-2.709993951750675034e+00,-6.387854208051475524e-01,-1.275675216069673601e+00,1.290500103621338823e+00,-3.681845598343522319e+00,3.426022646665892513e+00,-6.182231304639507208e-02,-8.204423280297938881e-01,-6.277508937120082066e-01,1.673978912791008078e+00,-3.550475606012294172e+00,2.764022921707787184e-02,-5.966000464373304446e-01
2.059785129417739391e+00,2.285487710908559844e+00,7.952919578115502652e-02,1.058951583354358572e+00,8.253058413131982851e-01,-2.054943368123307579e+00,-6.943799864289013080e-02,-3.723969932841034947e+00,2.212298336716647551e+00,2.819574989785777586e+00,2.002330509836887984e+00,2.454795199013693363e+00,1.280709473215916328e+00,1.047014086604260763e+00,3.446682660430728795e+00,-5.052141302271080825e+00,3.213608369027262768e+00,2.539672685027642540e+00,-1.261193871839521918e+00,3.725587201425922590e+00,-4.196089631374043449e+00,5.748232670730850646e-01,8.365614953294348011e-01,4.411968021368828374e+00,-3.114684610788714947e-02,1.505056231337116968e+00,9.641467659172127114e-01,3.702575025014671617e+00,-1.513135093915543239e+00,3.614284797947775907e+00,-1.179937012511267147e+00,-1.908537864008833962e+00,3.070993808827390925e+00,-3.058687125858122524e+00,-8.167167786749007785e-01,2.863793336975570369e+00,-2.369246748254236756e-01,2.630156565547395964e+00,-3.516372235661738177e+00,-2.720554570937305794e+00,-4.396453318138440203e+00,1.597457252362307623e+00,7.075352816324009808e+00,8.316163501381075296e-01,8.269207747994595792e-01,-7.863544359957685970e-02,3.512790584710141495e+00,8.792993067025535181e-01,3.316481255766756231e+00,2.002701669158246656e+00,-2.948406977312893584e+00,-2.951234193314609566e+00,-2.089704760180207677e-01,-1.854398602284506481e+00,-1.061801474637793730e+00,-1.287197787280495609e+00,2.172120607037690387e+00,1.653394895098814654e+00,-9.577371651584298817e-01,-3.153644645243641520e+00,1.758292609971020326e+00,-1.502229368315252112e+00,2.732646075831326904e+00,2.390233703599036197e+00
2.394056563368902157e+00,-1.291627531564940812e+00,-2.217848929246717837e+00,8.739712127071656012e-01,4.425635160567237492e+00,-2.762389720868585474e+00,-1.884749403963513759e+00,-3.791802009625839354e+00,1.221532270042684054e+00,3.456745104857853690e+00,5.344701691684620393e+00,1.213603108281924525e+00,1.796374862205586620e+00,1.377928834568344696e+00,2.528323388652731207e+00,-1.228227689400940292e-02,2.649484812251391652e+00,2.814215165457449430e+00,-3.207476629391861955e+00,3.004759091500099011e+00,-1.753853205521914482e+00,2.525900876495138725e+00,5.741068745307711385e-01,7.605637413848973516e-01,-3.309866616119481741e-01,8.510323874155607538e-01,1.097342679129649667e+00,3.329261449116140081e+00,-2.454001012672482496e+00,2.549432408054936872e+00,-2.615212020628600254e+00,-3.404974028823243959e+00,3.147042354437975753e+00,-1.779014097988230070e+00,-3.130171899997447937e+00,3.042994158818101536e+00,3.212651319047105325e+00,2.630861250039143062e+00,-5.865612884467816812e-01,-1.368339264455274762e+00,-1.811948378097754109e+00,-7.168908134394658127e-01,2.637736685608142118e+00,-4.296773182201525376e-01,2.012278210760205077e+00,-5.920333566495368238e+00,2.706504201290234501e+00,1.477545701929781075e-01,5.099087004598430894e+00,1.634744515510340612e+00,-2.711830539780416771e+00,-2.614153000382043235e+00,-1.123847903655301961e+00,-2.132581042431449081e+00,2.881173019901459131e+00,-3.512232252003560262e+00,3.519145432116177474e-01,4.717852950281283597e+00,1.094320911253920947e+00,-3.984074552981884398e-01,2.436530510687925588e+00,-2.935197234746458772e+00,-2.290422111692635987e-02,2.236127709664271546e+00
3.726624215427868148e+00,-2.341082997933903731e-01,-6.081121867043193241e-02,1.946237843420059788e+00,2.744848652297769753e+00,6.739514907841792635e-02,2.482385647106518656e-01,-4.122465375990861602e+00,3.079082515769623107e+00,1.077419368797885024e+00,3.875384237416815925e+00,3.058244504453098700e-01,3.164966598249991936e+00,-1.539644068965033696e+00,7.691865403727051742e-01,-1.134868185567052823e+00,3.126085483277300625e+00,4.399281769524143293e+00,-2.436773572722432668e+00,2.175819080772414704e+00,-2.495312964620086227e+00,2.361376859172974463e+00,1.042852404412436762e+00,1.589904436857535686e+00,1.421007758889617500e+00,3.178734241991413967e+00,2.955008656189517247e+00,3.343744527711275616e+00,-2.436249978796884097e+00,3.275590411696609472e+00,-1.632169707998172070e+00,-3.396707934234654225e+00,3.470151537366091610e+00,-3.981083267813717796e+00,-4.694520249341103124e+00,5.101702287505611721e+00,1.538746718446887041e+00,6.402846090233423881e-01,-2.354225028852088286e+00,-4.316788315398026654e+00,-4.659231005781988344e+00,3.716669853485210950e+00,3.167135990116238808e+00,-6.784370715627793258e-01,1.109256272995581272e-01,-1.352170350496345819e+00,2.747255470865224591e+00,1.561612229895422921e+00,2.285062703323896827e+00,4.240390139797995950e-01,-5.959977622738493075e+00,-2.136517781278858052e+00,-1.096173890610228074e+00,-3.045461905440613570e+00,3.522260717189501511e-01,-2.906231365574816650e+00,2.091730994173789160e+00,3.821434648271108347e+00,-1.623243575689570006e+00,-5.552279354772896580e-01,-4.684275018894235032e-03,-2.418599259800197299e+00,3.499558769100520106e+00,2.050158765492435808e+00
4.041256303753422152e+00,3.539682516511649890e+00,-2.577333117489238212e+00,4.655075405944175682e-01,2.533363688359955290e+00,-7.642940222340562917e-01,-8.604087679742133954e-03,-3.096388604639461306e+00,3.171858582927396419e+00,5.268674424960450686e+00,3.883942142943976439e+00,7.711975668660920880e-01,4.184248474792737760e+00,2.184044617485519701e+00,6.984999871168051655e-02,-3.059146110063126756e+00,1.576681199328037408e+00,1.820103398100275660e+00,-3.967670510724853550e+00,4.569786764345137087e+00,-9.766252869741949283e-01,-1.418960404862161795e-01,3.097930311694663263e+00,5.670255242248223304e-01,-1.872941388209727887e+00,2.978965912271006378e+00,1.885059635629644514e+00,4.198087057758325358e+00,-3.559481513185054791e+00,3.063108559502300210e+00,-1.415501554969285536e+00,-2.458052826231843735e+00,3.561202837936150445e+00,-4.018521997897548381e-01,-2.897268788180146437e+00,3.054595947043216686e+00,1.632869684418220668e+00,3.030978263321776112e+00,-1.319215632643920166e+00,-1.973735491831555500e+00,-3.605370173268531708e+00,1.867658283382258144e+00,2.424290709001758692e+00,-1.619728869859916154e+00,6.512796836259153732e-01,-1.631411002021547096e+00,1.320548712538699654e+00,2.727662825240320110e+00,2.933167320780386778e+00,6.478482918044247141e-01,-4.886857182260092358e+00,-2.681710245289706140e+00,4.921032343580578061e-02,-1.149212410845623200e+00,1.204118085636516566e+00,-4.384468598945865381e-01,3.873620792573207794e+00,9.123449961295512223e-01,6.616329802309468544e-01,1.151455012938157552e+00,1.064434063211783021e+00,-3.064608807798502532e+00,2.983607729539199394e-01,2.719125428085127805e+00
5.102024046997598816e+00,-1.191084505134945459e+00,-1.071518733455437022e+00,2.800742629397163785e-01,2.972567097138845149e-02,-1.113644765756377053e+00,3.227212751798164136e-01,-3.106106985538349630e+00,3.279200765432273901e+00,3.405353513358712725e+00,2.411054681014195289e+00,1.989393875267198020e-03,5.052058172440993644e+00,2.501202119069889207e+00,3.618353148631531013e+00,-3.796072266685574625e+00,9.892454625185598260e-02,4.375694967891653242e+00,-3.490804388204617581e+00,5.995091752228738358e+00,-3.379231515274801367e+00,7.896672631200036818e-01,3.104739090104085442e+00,2.741305971922086027e+00,-9.756624962276170265e-01,4.010512862629420638e+00,8.425032174722815181e-01,3.652037954182937085e+00,-2.001515771599020610e+00,2.420980828324195588e+00,-1.594149955709374122e+00,-2.858391545185089644e+00,3.572941451271886670e+00,-1.774997076779819549e+00,-1.829313742807336496e+00,4.521091372769551420e+00,1.665980513635192617e+00,1.435556139281036314e+00,-1.310720042990420664e+00,-1.989810300113584063e+00,-1.240331347080059654e+00,-6.541384905039331343e-01,4.334482176322476121e+00,6.763242020763582385e-01,-9.626173930820525193e-01,1.621898976076681098e-01,2.027986691796544338e+00,2.609003096681093314e+00,2.168882229103934911e+00,-9.144266334649686634e-01,-2.329651114674017531e+00,-2.644155119408251320e+00,-1.055418399146963893e+00,-2.799541421526077212e+00,-5.455202117924411453e-01,-2.833151297869903829e+00,1.736649563305495025e+00,8.226256700651175535e-01,-9.245704409721524630e-01,-1.376689493447760038e+00,-4.268374699420509621e-01,-4.255624902054032432e+00,8.753967103165287700e-01,-1.270538536090163539e+00
3.703219340934281067e+00,-3.283613745681440710e-01,-1.062819050320504166e+00,6.126922025131052996e-01,2.032501783712100440e+00,-2.030481850258838428e+00,-2.152251805341776958e+00,-2.863483316306499660e+00,4.666189384804609652e+00,1.615996780276893530e+00,4.240008432056652232e+00,7.195241654048258884e-01,2.705938049544304835e+00,5.585516694961225603e-01,1.719165136365727209e+00,-2.730611246170342010e+00,3.298082275132038443e+00,2.904144512166682013e+00,-2.733222010478832953e-01,9.762027289553856235e-01,-1.090816303997631742e+00,2.002744702791069642e+00,9.664877450636271128e-01,1.675695893126853964e+00,2.376385600332870940e-01,3.036041724691839416e+00,3.934030845622846329e+00,4.567153051618501713e+00,-1.841472244015420534e+00,3.716893801484204118e+00,-5.685086731917294856e-01,-2.225713711450482801e+00,3.964118228174194236e+00,-1.260318170950291528e+00,-2.380159494755675453e+00,2.692854892634986452e+00,2.025571727649068343e+00,1.561342695265969027e+00,-3.361187871957488138e+00,-3.598596686141604550e+00,-3.122980853591279082e+00,1.516251140759494742e+00,2.302868425918215500e+00,5.748090933013392245e-01,-2.007724293658755599e+00,-2.742989997111839884e+00,5.753188814201901646e-01,-1.785593705700927458e-01,2.103659454226910253e+00,-7.675503241106493846e-01,5.396926129505454917e-01,-3.607578047922057607e+00,-4.406134165452962881e-01,-9.882842513373216731e-01,-1.280422898193542269e-01,-1.915642229910774486e+00,3.241214083104057231e+00,3.576656588084759836e+00,-3.495229776687836520e-01,1.813096496188672635e+00,2.556947364018227198e+00,-1.227595663129122716e+00,2.510109411312968497e+00,1.934504615242038872e+00
2.055291629323891200e+00,-7.441316155645295582e-01,-2.942122806715998795e-01,2.393972765488298293e+00,3.884089897658728585e+00,-7.297741644540011174e-01,-1.946162565183454873e+00,-3.117246127270377531e+00,3.150206146726610257e+00,2.616684210494595764e+00,3.133934041144387894e+00,3.252236393609114540e+00,2.739579190718052448e+00,-9.259314388625470293e-01,2.851265951917160812e+00,-3.092565852074517174e+00,3.318219320622399771e+00,3.171826443401104978e+00,-2.416446947337426376e+00,2.507673157961899157e+00,-2.845443115895012198e-01,2.551893225428223388e+00,3.978576404945521006e+00,3.694270298715792045e+00,-9.101231322782289412e-01,2.794416688650481984e+00,3.303062534984592347e+00,3.099397614736379314e+00,-2.646658796138868563e+00,2.488129563301266778e+00,-2.965043467804305610e+00,-2.461804642633510287e+00,3.620496391957758853e+00,-4.657861907461416706e+00,-1.892883963881327736e+00,3.766499396626458829e+00,-7.783122027100630724e-01,4.251356239739755516e+00,-4.672787911133149397e-01,-8.266626651936841430e-01,-2.780886138017678810e+00,3.546257906140779959e+00,3.355820603706410221e+00,-2.318074049125101954e+00,2.829297020254812889e-01,-9.704344430161359059e-01,9.226869093234728592e-01,1.715439827685573571e+00,5.100935922340446460e+00,8.179933364884162117e-01,-1.580952574020890733e+00,-1.570882379880468083e+00,-2.578909206370429530e+00,-1.887090220712931199e+00,-1.962041830851110946e+00,-2.695424668371519505e+00,3.065674008810675755e+00,2.023317304739276956e+00,-1.654912043187357851e+00,-1.016312608212782465e+00,2.114576689889863914e+00,-2.255608613801969309e+00,1.797944208632644036e+00,4.670679609254742015e-01
4.141114505624426734e+00,-1.339861593625277569e+00,-1.776779131135360013e+00,6.825370272131081606e-01,2.476894277956827928e+00,-1.469373209314536188e+00,-1.355088977776234938e+00,-2.267422281550732777e+00,3.765655617584872328e+00,2.987622511592468832e+00,3.862857670889124240e+00,1.537473231039198307e+00,1.882115852094227382e+00,9.126042719091242983e-01,8.529280601636859416e-01,-4.120631590312214598e+00,3.640703149561579810e+00,3.333329322416417995e+00,-5.354126406230861335e+00,3.836748826181691108e+00,-2.310484791366076429e+00,3.936338785256854766e+00,2.233296564086981295e+00,2.695245412966307264e+00,5.943382828772399984e-01,1.112113526626475890e+00,2.847989405032637755e+00,3.707427419131134272e+00,-3.308313857142760828e+00,3.968707881085547839e+00,-1.555445419916015481e+00,-2.430938803626318645e+00,2.498546466050753700e+00,-9.886034157695019475e-01,-2.645792909289898631e+00,4.524126676687035165e+00,7.311013956825462845e-01,2.586359417987095011e+00,-2.327076083612504398e+00,-3.425659566578705739e+00,-1.412942664333327603e+00,2.593509680962133856e-01,3.299741619445826224e+00,-2.048479626834975420e+00,4.158034301506071673e-01,-1.347520251589593876e+00,8.972354508825921560e-01,1.620031855684415323e+00,1.980049565706995196e+00,1.285705393166963084e+00,-3.833065617011134574e+00,-3.918304757015071971e+00,-3.913396191013347902e+00,-3.053077836242157339e-02,-7.946855458430499564e-01,-1.052716833885921410e+00,4.610597129701218932e+00,7.763020340004125330e-01,2.275899224965179268e+00,-1.225041083682165910e+00,2.268480992438526300e-02,-3.906117915103902938e+00,6.969653684382715042e-02,2.943955547768145387e+00
1.808328428825523693e+00,1.613633423844062165e+00,-1.948183860879527440e+00,1.558640239898280822e+00,2.295598343556215948e+00,-1.874483708587653119e+00,-3.297707834962007478e+00,-2.826545709952574814e+00,3.239415662413023256e+00,3.060806221701791063e+00,3.489793685989293959e+00,2.587496212345765656e+00,3.410756502352159103e+00,2.016531968421175769e+00,2.225468623422683923e-01,-1.738431585525046730e+00,4.172346986536684454e+00,3.067915340602543672e+00,-3.331702060207693883e+00,4.793879035452674131e+00,-2.139563012875217218e+00,3.038063929669165830e-01,2.200741124034498508e+00,2.715782273498442922e+00,7.801365841041130178e-03,2.134082685634097754e+00,1.090111981448773637e+00,4.199847938324063890e+00,-3.165371957722282303e+00,5.100401759403148993e+00,-5.932246822350856874e+00,-2.586339415253373186e+00,2.036535024546106687e+00,-1.307261897020446373e+00,-2.891700735321773852e-01,3.970189243101381216e+00,2.222734638703796506e+00,1.691712643117949000e+00,-3.918944134244987110e-01,-3.884804366620066673e+00,-7.812253745318136211e-01,2.210022606509563836e+00,5.101705951082625035e+00,-1.963291528436677424e+00,1.879393028503475671e+00,-9.754143798119622177e-01,1.519587889276314385e+00,2.510819125782755457e+00,3.233281433331902210e+00,1.773299724259096433e+00,-2.538976442845197301e+00,-2.867624667718198239e-01,4.796418650762048763e-01,2.926078928055355632e-01,-2.587345517860166755e-01,-3.233106931444593268e+00,3.761079895788180583e+00,1.536128803659225328e+00,3.779050629607189071e-01,-4.659428383557234099e+00,2.468740094618785186e+00,-2.395128307489693853e+00,1.837812730949399453e+00,-3.867345691249934880e-01
2.429429283200296386e+00,-2.241113587444068411e+00,-2.452379428617911472e+00,1.893888693423029679e+00,-5.265486427411962822e-01,-3.165713005338188779e-02,1.643135921704270697e+00,-1.779572085768041934e+00,1.267142222672779983e+00,1.698910333492272606e+00,2.385753572114237553e+00,-1.465077972685152385e+00,4.143209133484730522e+00,-6.289545947109429491e-01,2.556515074147797772e+00,1.458397149418754424e+00,3.800234444439528403e+00,1.021929796202257767e+00,-4.371662954985357175e+00,2.971481312714804535e+00,-1.933001022897875565e+00,1.279490028956774328e+00,9.176941573723947920e-01,7.663846545623169693e-01,7.206716680051961088e-03,2.227615741732098087e+00,2.260834567063752853e+00,5.479596021100682890e+00,-3.554451253566064395e+00,2.441650101321669375e+00,-3.175556872384100338e+00,-1.152251093470784582e+00,2.791212033548382543e+00,-1.833352387594121113e+00,-3.815762983822995835e+00,3.059034795811653051e+00,2.073706728004330646e+00,1.965056564724742660e+00,-8.700052464250085382e-01,-2.466812583921896174e+00,-2.948093584114625632e+00,-1.132541933104945109e+00,1.930189326873474220e+00,1.076990036245072613e+00,8.747289383022149867e-02,-1.415032278720341985e+00,2.160619612975297255e+00,1.632033565051327351e-01,1.844401840360589073e+00,1.889341316001629467e+00,-2.037793216499492299e+00,-3.020512001580920813e+00,-1.606200633446821291e+00,-1.682850987721631997e+00,-7.563132914192274292e-01,-2.384170218166346444e+00,1.676109734720832911e+00,2.408570572053581937e+00,-1.999931599121812509e+00,-1.298073496048042452e+00,3.042238131023920822e+00,6.355955398774901788e-01,1.073855509274361131e+00,-3.454682324055438070e-01
3.017161899454699370e+00,-1.332590854434443584e+00,-2.184804699518911875e+00,7.965825116022968722e-01,3.913174105498762323e-02,-1.492432839773574660e+00,4.477048126724414434e-01,-4.359034279497753239e+00,2.013899591788473664e+00,3.417864698684990099e+00,4.493664343186699384e+00,1.795765283709271465e+00,2.482192685267580412e+00,3.193276486177902385e+00,3.528898701417154449e+00,-1.455677524892508234e+00,1.304441873289974518e+00,3.162206960042265536e+00,-3.898396477659813009e+00,2.780491080141517468e+00,-2.756983160484890227e+00,2.229645354024494708e+00,-1.158572957751231591e-01,9.318329922540808941e-01,6.034489015642986454e-01,2.877117518792235540e+00,3.335995686989487119e+00,3.544106548632178111e+00,-1.347044440926404185e+00,4.057149908712871067e+00,-4.419911248877887999e+00,-3.279996721195366227e+00,4.069559748189020887e+00,-6.029937898570336685e-01,-3.155351031299248543e+00,3.683602972397476361e+00,3.065580353320290108e+00,1.746839890247371407e-01,-1.592917976564552696e+00,-8.504744814106999229e-01,-5.392163121258048974e+00,2.286042956707630136e-01,2.556070915230040264e+00,2.414898267917757302e+00,1.486794210270633299e+00,-1.263933896449412009e+00,9.694591528637799271e-01,8.388071673690741248e-01,4.960107994765049710e+00,-1.495386364447266914e+00,-2.453141758892150026e+00,-1.484156948495958028e+00,8.381616274659111632e-01,7.821429130790198414e-01,-3.223524467297156360e+00,-7.859527073757748283e-01,1.429118349326761406e+00,8.531452072328471470e-01,-4.773737957412383381e-01,-1.066436438342345250e+00,9.223062254729552656e-02,-4.132506083021154630e+00,1.225114603661714430e+00,1.064665384141530780e+00
2.031785857196299894e+00,-6.841780855158143826e-01,1.705910297024078037e-01,5.001851682892011208e-01,2.154305483020692691e+00,-1.934310571905011322e+00,1.799694106044741115e+00,-4.070520495011142437e+00,3.068454820603254696e+00,7.345967784162925618e-01,3.224070790134563769e+00,-1.561185180498002811e+00,2.874015935231886587e+00,-5.686807224211838374e-01,1.730391250277975024e+00,-4.075425280229618252e+00,3.006760992360743234e+00,2.470778636534848527e+00,-2.096911515081870458e+00,1.583206620110547469e+00,-4.019472556932450757e+00,-3.934853569169551868e-01,-4.471322468939264994e-01,-3.546653703104052369e-01,9.814489748243915290e-01,1.617522351170036732e+00,1.916904294427959732e+00,3.490096497895276872e+00,-2.805459341901476389e+00,2.285866144931588462e+00,-1.797763468269276022e+00,-1.858364553930845764e+00,2.213570645320219299e+00,4.735601120801322672e-01,-2.162082248978051791e+00,4.925071141003960484e+00,3.368080183770816305e-01,7.587052978415936844e-01,1.541032326289224486e-01,-1.488676845336872168e+00,-1.926173371854710714e+00,-2.727712603597090002e-01,5.698590995114962254e+00,-4.849396820312881218e-01,5.914663526664897253e-01,-1.273937991645426981e+00,2.044350931601152332e+00,6.659014171803716575e-01,4.188911174522319314e+00,8.503925235610561018e-01,-2.541055581149879838e+00,-3.998900882778119836e+00,-1.185080802707559666e+00,-1.183060396846667306e+00,6.842993070696690161e-03,-2.932279871850728803e+00,4.024237639016551071e+00,3.286421814837391153e+00,-2.033695603067219526e+00,-7.496628790338295545e-01,6.195899864991495365e-01,-2.755484475428835456e+00,1.536837412165215744e+00,2.264715404195889903e+00
2.952384960189215590e+00,6.227998258596731951e-01,-7.252325062774943598e-01,1.860362875473266620e+00,1.517930057405398658e+00,-1.241115825445173959e+00,5.176527229898634230e-01,-3.783197716849596492e+00,2.207370043423753092e+00,4.090659999161727178e+00,1.588334240214550164e+00,8.708508794107026052e-01,1.211870746922965258e+00,2.815963192024109052e+00,3.747777305436649442e+00,-1.534577209461132963e+00,1.933003102181594324e+00,4.224767779847161009e+00,-4.563843090871188224e+00,2.963040359751569763e+00,-4.372578234835335032e+00,3.938573630219076360e+00,1.794397669794649097e+00,3.540942261327998608e+00,5.127544587972772128e-01,-1.482423063965896404e+00,1.243351441547097647e+00,1.253298054345905577e+00,-3.339494574906702873e+00,6.251407590824641147e+00,-1.221928749053475372e+00,-2.814828813349190106e+00,2.194362066816888390e+00,-1.935666928835102496e+00,-2.640057409105068587e+00,3.393542904980431540e+00,3.186793087205699759e+00,1.848486153609536053e+00,-1.153969048060251135e+00,-2.598888617388956490e+00,-1.487549226900161559e+00,1.736071945509102266e+00,2.273189426474852226e+00,2.515736522665565467e+00,1.087005899322137203e+00,-2.858985960743845922e+00,1.657810682590370011e+00,9.507113553093284875e-01,4.731757761082043601e+00,6.790934678265845292e-01,-3.013967130239025849e+00,-2.420169644087593053e+00,-1.496878398070012661e+00,-3.033435787513065307e+00,-2.562164732821238800e-01,-3.922010998007299687e+00,2.375553944799175365e+00,4.971560930193956729e-01,1.262056232198874195e+00,-3.231994881331564429e+00,5.171373548983152491e-01,-3.286686311602572630e+00,1.226275047171282662e+00,1.865023674611846705e+00
4.169865018075262775e+00,-2.371055587361928119e+00,-5.220844677104579112e-01,4.674933159519577552e-01,1.249309119150159963e+00,-5.289875007091104919e-02,-8.043293202733845515e-01,-4.236687458523305416e+00,3.573377153922835170e+00,3.267242244693851827e+00,3.770229442062236203e+00,4.790427317070359292e-01,2.059665268436310370e+00,1.515663164679085906e+00,2.722482860452501985e-01,-7.082203616595041940e-01,4.475542813860831082e+00,2.686798901720598653e+00,-4.303075996135829584e+00,4.238101454726933781e+00,-3.143487044202230685e+00,1.843016893581003846e+00,3.653685744856979056e+00,3.171439240789733827e+00,-2.009770625592273596e+00,4.655618718792535304e+00,3.023393006321573484e+00,2.863788543530533914e+00,-4.884725358431449393e+00,2.915811934692995155e+00,-2.298288199106026219e+00,-1.350994467378206831e+00,2.267929035799193915e+00,-7.284987451251485613e-01,-3.803075521009358972e+00,5.800178476173778463e-01,1.142621853346601490e+00,-1.155055124801658728e+00,-1.494344178482154284e-02,-2.555356983489102340e+00,-2.074614095048175066e+00,7.823497129387568805e-01,1.709535620205303363e+00,-1.159730579241013748e+00,2.275560626619411719e-01,-2.474270828410388923e+00,1.710303855509378579e-01,2.531131173408788015e+00,1.141952408365412897e+00,1.219861719127807720e-01,-1.636769379527393653e+00,-4.549182702373189890e+00,-1.780875875842288458e+00,-1.566305334642489999e+00,-5.825953863641929464e-01,-2.072125037651207702e+00,1.614273925297927903e+00,2.320040280782271758e+00,-5.330429143434238792e-01,-1.559960166920663083e-01,1.225604876372540897e+00,-1.401697900819840248e+00,2.551724125262517795e+00,2.652242251234965931e+00
3.227001339307349781e+00,-6.041719841195398732e-01,4.864129926895572886e-01,-6.447868600168016329e-02,1.669891103629000950e+00,-2.310940271949518454e+00,-3.308014640244405502e-01,-3.518315678511397593e+00,2.648275124930099089e+00,2.165070845021536794e+00,4.294620173181039391e+00,2.160191802961055174e+00,1.840865155940055065e+00,2.540402460944489960e+00,1.400779352486160922e+00,-1.697408903846858497e+00,1.700341569676382836e+00,1.238875703493005798e+00,-4.114732237266522041e+00,1.894853361559497573e+00,-1.072637201515832750e+00,4.120548019993619526e-01,1.873206158227957996e+00,1.097153093754517528e+00,-6.497548596099528284e-02,2.514144333511756813e+00,1.333371153462769687e+00,2.503546357391892130e+00,-4.221055675303662547e+00,1.554644008688702561e+00,-1.923793951185615470e+00,-2.808565674368534548e+00,3.704696265589800142e+00,-5.394700953099360596e-01,-2.160218653297178992e+00,2.261495467298289874e+00,9.293699289728252211e-01,1.583808568207379475e+00,-9.136880732696551766e-01,-2.716210207784545361e+00,-3.830223759196706546e+00,1.873969425916728326e+00,2.169310832089431873e+00,-7.107227923242147583e-01,8.064273940084810688e-01,-6.399300370843309382e-01,3.314298394274799442e-01,6.200895776845087859e-01,4.112102915330174469e+00,-1.988320225026629640e-02,-1.823413072935307744e+00,-4.157277321627335098e+00,-7.373095427062679175e-01,-1.805053865334083074e+00,-2.518657518660333494e+00,-1.792695717910561370e+00,2.974407527973413679e+00,-4.023258914151894849e-01,8.230281249737241289e-01,-1.866771987117731957e+00,2.485990405968350636e+00,-3.848588885662399761e+00,2.477557436523647461e+00,2.839277353632877254e+00
3.539827638805582488e+00,4.189651818671632499e-01,-2.273538585865700234e+00,2.099570847173540145e+00,-3.225484602817996205e-02,-6.284451625156056709e-01,-3.904679447826272298e+00,-4.373305603449574974e+00,5.507261224047487858e+00,3.907112690942235123e+00,3.552100585645708630e+00,2.078325791556901336e+00,4.306340763468435640e+00,-4.948268988011284009e-02,1.333666265118315986e+00,-2.085059791643972815e+00,3.345374105707803913e+00,3.985071660793435555e+00,-4.158077566555456350e+00,2.188357774358965724e+00,-1.657118533979495378e+00,8.937593862862813765e-02,1.922977306678295362e+00,2.138314774758974135e+00,1.340035467721184537e+00,3.827062778397571030e+00,2.380028609115305116e+00,3.518460892490042458e+00,-3.526256994213957441e+00,4.318140606413173543e+00,-1.066960557300047574e+00,-2.433209898027566265e+00,2.481112945326314989e+00,-2.762341423611440305e+00,-1.375511198816401937e+00,2.456183993170126811e+00,1.563935984131437973e+00,1.136326491786571857e+00,-2.858742588711349342e-02,-1.686514920087314406e+00,-1.774689973474804949e+00,-4.031271377838057113e-01,2.908496717868935821e+00,2.596151941719024858e-01,-3.852100755364624707e-01,-1.324225051702338840e+00,2.237847212650554418e+00,3.937525407755267270e+00,4.697917578687967222e+00,6.934594655668404606e-01,-2.118537543037021909e+00,-1.428519397382650213e+00,-4.814606499323415556e-01,-3.091460298938065954e+00,-6.823978600065314648e-01,-2.624218069937462872e+00,1.184195164947906997e+00,2.198792698235077836e+00,-8.866529498071867854e-02,-1.507772053745161323e+00,1.343938345633830078e+00,-4.070544589681367675e+00,3.209413936280845370e+00,1.926699202812591771e-01
1.811448470884800654e+00,8.731612285952464747e-01,1.519217122807341447e+00,3.551249428908028971e+00,2.356832885028807389e+00,-1.469271859170608430e+00,3.031627044736703303e-01,-3.224884587721488227e+00,5.350825640271693828e+00,3.847380786035299316e+00,3.026585343381673177e+00,2.384137136753760267e+00,2.527475863973103198e+00,-5.599672667465052101e-01,1.871069540791179708e+00,-4.495396468838568360e-01,3.001215511060085994e+00,2.641065436840065672e+00,-1.342489597465520657e+00,4.529660886294574418e+00,-3.098983533636393339e+00,2.093620418537831096e+00,1.860633648720683153e+00,2.520280662212661227e+00,5.234615726466186336e-01,1.967112874634533215e+00,1.704684655718309072e+00,1.842557465042614417e+00,-4.099327850731710576e+00,4.105813383784367332e+00,-1.918244998382853561e+00,-6.559543672580916418e-01,3.133897740519389075e+00,3.801915109370992418e-01,-2.579750755123459527e+00,8.211045991152614576e-01,4.769123867411072304e+00,1.605162227477348047e+00,-3.949596931941697919e-01,-3.167967978051213329e+00,-4.278924497778689329e+00,2.162079606827959743e+00,3.496102430363027924e+00,1.213078420643449062e+00,6.042181376440461937e-01,-1.771382695491924286e+00,1.183625565650815004e+00,1.466145015378021332e+00,2.104656149139893184e+00,1.744820172156961613e+00,-2.007142187594987970e+00,-3.074835429959537514e+00,-2.374703261586733394e+00,-1.204982549701338002e+00,-5.337206305992598931e-01,-4.457174471834214557e+00,5.159381656330297439e-01,3.744967491312923613e+00,-6.652492033081418565e-01,-1.280410714511647008e+00,1.192071483275540578e+00,-5.052688211361695103e+00,-1.732590479315996301e-01,1.013023941575136089e+00
2.664965475978357201e+00,1.728445971999713171e+00,1.011435696201095524e+00,3.527261073334656327e+00,2.965949828815092282e+00,-8.236768869322141917e-01,2.082637932712197326e+00,-2.545316324652201700e+00,3.673191075086277291e+00,1.764058089812872154e+00,2.906288892096521081e+00,5.310324355380870998e-01,4.002494093503392136e+00,4.449594304787386490e-01,1.510163477485841899e+00,-5.135239411694853651e+00,2.008618578635301688e+00,3.943184042164848968e-01,-2.464616994183479903e+00,2.629373624556743394e+00,-2.646458733581966261e+00,-1.866327121835205105e-01,2.500964579267801469e+00,3.466714989778945544e+00,-2.055255786684949015e+00,3.125049765703512783e+00,2.365878624827441712e+00,3.174838449112913352e+00,-4.262968673496139616e+00,2.818245567781928695e+00,-4.209149812918214550e+00,-6.442074993626416557e-01,1.632052230257917902e+00,-7.288264696231567807e-01,-2.225776067280310855e+00,3.770885109283705017e+00,2.342660093975725832e+00,-4.854566978191745541e-01,1.533201665263503877e-01,-1.407893056485595373e+00,-3.194954838248147855e+00,1.496766319600133954e+00,2.752249067852112319e+00,-8.381081470358191510e-01,3.008429061745122590e-01,-1.398609597892211287e+00,2.428338573799526223e+00,1.285978037462417234e+00,1.390485308659896724e-01,2.823475114697447719e+00,-3.643972598507194682e+00,-1.664253374483049219e+00,-1.211643465425618071e+00,-1.256092440527235343e+00,-1.261441216535393650e+00,-2.530480306254780487e+00,2.353115636571298630e+00,3.826732343765146815e-01,-1.562465786498273168e+00,-1.567066894702418001e-01,1.174731198798149245e+00,-3.616725758442210559e+00,2.719953315818214534e+00,1.570039245301232400e+00
1.492486701668275906e+00,1.711178341551636561e-01,-3.315334651696596469e-01,1.092924070834068173e+00,1.773420549537459090e+00,-2.419411142529447112e+00,-4.412860002705602525e-01,-2.304296648115794266e+00,1.886778801648684167e+00,3.019844478281365596e+00,2.970488825672114253e+00,2.702819723247555928e+00,1.661075201670666690e+00,2.371962028998677141e+00,2.242196992975030945e+00,-2.041437834942398943e-01,3.316363863061146944e+00,2.391712302755795161e+00,-3.029675022565749831e+00,4.348295832720736165e+00,-7.442815264736732939e-01,2.911810186771888631e+00,4.128855123952714479e+00,3.202508355205849977e+00,7.597210862971337519e-02,4.256944429326990686e+00,3.200820339136432935e+00,3.043375472477701127e+00,-1.691179934208123292e+00,4.578207726530514776e+00,-3.627760573531716215e+00,-2.736147143147955152e+00,2.957107971386980783e+00,-2.146440838807735396e+00,-2.272599550168099558e+00,3.007436340759830351e+00,3.202417837289069702e+00,4.611237941420216480e-01,-2.733930336952566265e+00,-4.099687467904685967e+00,-3.157436334420469226e+00,3.334029033116116203e+00,2.312487478002980712e+00,-2.635319910140102806e+00,1.821694952993676120e+00,6.121329140369871080e-01,3.312140864768684523e+00,1.514619121911580546e+00,1.980374189743347779e+00,1.169014068120140415e+00,-2.344936994279403386e+00,-1.742257290227296362e+00,9.494074865382196027e-01,-1.474865387517943383e+00,-1.950093981866043436e+00,-2.280451505361726472e+00,1.431189007741585861e+00,2.098033818969957665e+00,-3.132116955901464106e+00,-9.569410793217056899e-01,4.494831650087074415e-01,-3.619151249616350263e+00,2.446226867191378496e+00,2.563611246133733701e+00
3.695509329429069290e+00,-1.327061238684931865e+00,-1.862053644933005625e+00,1.813852567532719284e+00,-2.768525375342687500e-01,-1.984858818174037420e+00,-1.196212022827853438e+00,-4.534504564554528550e+00,2.304294664963742800e+00,3.720878944456125659e+00,1.856485689507783921e+00,1.736546602060348388e+00,1.732598997313205214e+00,-1.359177300209598815e+00,2.708737685437510923e+00,-2.020344894035367656e+00,2.800827206536375069e+00,2.254631352174280678e+00,-3.474239955501744692e+00,3.369910509123865694e+00,-3.985675312729658248e+00,2.033324732364398812e+00,3.951267171217345275e-01,8.970277916860556200e-01,3.675808633241658963e-02,1.533413201125893188e+00,2.165904683677288389e+00,7.391632623744786024e-01,-4.263342155352725094e+00,3.103495479722318873e+00,-5.429497564740289661e+00,-2.113305655415908202e+00,1.090324776229275150e+00,-2.786282948053142583e+00,-1.336300998815737717e+00,1.767655130542221675e+00,2.126548267045718532e+00,1.516815092662593845e+00,-9.565981767991467155e-01,-2.005425151389743199e+00,-3.263001719966256431e+00,3.494331561078474202e+00,4.636028810134346756e+00,5.601850632985339029e-02,-3.109376762845289521e-01,-1.209546899086106242e+00,2.442004731134440831e+00,4.485911648443725142e+00,2.846877236401819111e+00,-1.120304755041412692e+00,-2.931329441894420462e+00,-4.545870777635283133e+00,-1.915081968989954975e+00,-3.097923678456025787e+00,-1.722221225517190035e+00,-1.493494422159794333e+00,2.916883228030654696e+00,2.247385794030276607e+00,-2.232856189897058918e+00,-1.201830108864235580e+00,1.884978457044992339e+00,-1.428804227181159181e+00,2.859903847433546531e+00,4.627473301253754556e+00
8.331897075191530000e-01,-1.127480718876788357e+00,-2.097248108808223321e+00,3.332872313947965459e+00,2.208634366856456754e-01,7.335131659426390449e-01,-8.062609568313385822e-01,-4.149991717537121261e+00,4.980169559721479899e+00,3.604185966950609554e+00,3.570060405889805555e+00,1.123046009525085154e+00,5.961122206450426120e+00,-2.698157658011794968e-01,2.046049385773376361e+00,-2.975933777971447647e+00,4.748195060315987703e+00,6.754511845151153437e+00,-5.235190561205007143e+00,3.065294887286412973e+00,-6.083822997330561311e-01,1.002056542261444250e+00,2.725247835999364820e+00,8.915451022527931535e-01,-1.070351138549804126e+00,3.102592529483443329e+00,8.735041211441187947e-01,3.088862678019053121e+00,-2.799359509547251434e+00,4.787394203807500581e+00,-2.070349879437668683e+00,-2.642262297608253263e+00,2.846191207265985845e+00,-5.661099880328261946e-01,-2.102078831824973904e+00,2.269896886416887138e+00,2.111869205844012942e+00,6.840200622236269901e-01,-3.766933011475600779e+00,-2.904532963820295688e+00,-4.222049695780616396e+00,1.950345127115118204e+00,3.952801659884414232e+00,2.837508226185725402e-03,6.166179402681409849e-01,-3.929850158418914940e-01,1.689054714926140344e+00,2.474141383928571969e+00,1.756070545894269141e+00,4.308266327890220015e-01,-2.973114874331938662e+00,-3.051948984860033409e+00,1.878362874974814911e-01,-3.364577207097364742e+00,-2.416184310340315555e+00,-3.249709499128398349e+00,2.863903756668817024e+00,1.548222094078925748e+00,-1.615903973528122206e+00,3.592744404139374126e-01,1.881430934008250677e+00,-3.579122450756980545e+00,2.394407004425358032e+00,1.585011117145911141e+00
4.232255837113354069e+00,1.980429415855813335e+00,-3.046393155584781631e+00,7.270824398499762253e-01,2.265790067100587724e+00,-4.940527278996205141e-01,-1.448245898358519135e+00,-4.211758305232962130e+00,2.895183534997481267e+00,3.190982015826777207e+00,3.210101408072493001e+00,2.037865899790936908e+00,3.800874851027037149e+00,1.174833147041343340e+00,1.599994297210642014e+00,-1.937016413727702835e+00,1.540344334810351601e+00,3.582387942974112338e+00,-2.732736173326606455e+00,1.537761678406960764e+00,-4.001808185664004647e+00,5.757810594794650072e-01,2.897946834624926638e+00,1.748298710702211878e+00,-2.113866869802447090e-01,3.249040963846463459e-01,3.704894036495439025e+00,4.209004049281088733e+00,-2.762965256055206709e+00,4.158654784331807797e+00,-1.877794744401535709e+00,-2.365640148123672848e+00,2.339517981533084434e+00,-2.797563719286853434e+00,-3.098419341993381870e+00,3.623866208748690809e+00,4.020565504164092197e+00,2.568416593505281398e+00,-2.904477519581644351e+00,-3.296599075815937141e+00,-3.254685742327416698e+00,1.714682289776105817e+00,2.491790094160355906e+00,-1.622952285110917048e+00,1.794096115811488312e+00,-1.241774089905808065e+00,2.183684966419721540e+00,8.246778330941988422e-01,6.175085981427963944e+00,3.290640929605426201e-02,-1.963025396554069379e+00,-1.794184660747291771e+00,-1.342236633050712058e+00,-2.846793061812443959e+00,-1.464331945406475155e-01,-1.239230401307670926e+00,9.146279074260719177e-01,-6.837671517046395309e-02,-2.060523507801073961e+00,-2.653654563558192958e+00,2.077120836626019873e+00,-2.144438856711579966e+00,5.130387563850423938e+00,2.056093452512411712e+00
3.703019591006313505e+00,5.822180079243435280e-01,6.310841420584041295e-01,2.775016626083325555e+00,2.964222355480596427e+00,-1.787166467199200248e+00,-7.747002228612137609e-01,-2.079184949566693419e+00,1.927719239032633203e+00,1.581613643803354119e+00,4.280097020464433299e+00,6.012467527637233022e-01,2.050532730156644501e+00,5.304622009913319003e-01,2.489305077705385116e+00,-2.599628688245956276e+00,7.542372558072409916e-01,2.007817812164240934e+00,-2.487300950514078846e+00,3.767924739835468273e+00,-3.654910554297144731e+00,2.543705489612176684e+00,5.007279197007872273e-01,1.272827031620396454e+00,1.434866614175222654e+00,1.547679170300066742e+00,3.028011851224578610e+00,3.228596052415819262e+00,-3.355071273266414966e+00,1.197153863912746363e+00,-5.121088304371371080e+00,-2.367103220942547104e+00,5.135907217417172710e-01,-3.282200605555019912e+00,-3.843258902140658684e+00,1.883109538541567707e+00,2.730594094692437857e-01,9.110031961076380247e-01,-2.643117931982150282e+00,-2.960428803590703151e+00,-2.756946519253697936e+00,1.911155480200882106e+00,5.063019585874632966e+00,-4.052662553194494865e-01,4.222318024097910794e-01,-9.458080294656855402e-01,3.022470673978161493e+00,-1.733456398807755594e-01,2.500686674101311180e+00,-1.357736329717396329e+00,-4.367292875875419256e+00,-5.908687396734326747e-01,-3.122866457245254690e-01,-3.125537178857585197e+00,7.678798130564761237e-01,-6.208018123184617210e+00,2.547755349649116319e+00,8.732409206572202542e-01,1.252084844949075348e+00,-3.596514488672519327e+00,-5.511336771248624977e-01,-6.091430216462105918e-01,2.697244184050961557e+00,2.674477093033884589e+00
3.926625892706532728e+00,5.174705981915123099e-01,-1.927245732132641276e+00,1.124063939355728792e+00,7.134303672572595012e-02,-1.734358869339895914e+00,9.517029912070744668e-01,-4.144238767463856554e+00,6.359385293796972149e+00,2.860656004859912116e+00,4.427810102780705748e+00,1.255521184340752106e+00,1.698101875127138172e+00,-5.567091401588639688e-01,2.368755303212883412e+00,-4.131196108829382929e+00,3.203874851183960981e+00,2.455798584321856382e+00,-2.198554155601743609e+00,2.391198317492604364e+00,-1.112404699964280042e-01,1.797339002037182665e+00,-3.215318648789073919e-01,4.631077393744346793e+00,2.506285543484111922e-01,2.658451738489703065e+00,1.144086466897062948e-01,1.811790094483323177e+00,-3.484431085413185691e+00,4.146559350067679617e+00,-3.671849833894642146e+00,-1.213269858992154004e+00,1.100689207899334665e+00,-2.097033880011629492e+00,-1.651060596004367387e+00,3.353798591700487552e+00,1.084422121213007184e+00,4.314237326975614017e-01,-4.043350086621517292e+00,-3.591391992124258969e+00,-1.979811933689974435e+00,2.925221345325053957e+00,2.700639991336740930e+00,-1.225192144073463441e+00,-3.807444098361549845e-01,-2.042907444246353510e+00,-4.283445394857872124e-01,3.713308428784475979e+00,3.234076679965472323e+00,8.210479705518036742e-01,-2.382434991281880965e+00,-4.386103257064587702e+00,1.304902811445065813e+00,-1.710994971871063530e+00,-2.833053431915395937e+00,-3.269134592740817524e+00,1.479619815465788024e+00,5.933737666774945296e-01,-1.794977999398795321e+00,4.866475671277559201e-01,2.071641716805954658e+00,-2.867092236732745825e+00,-1.994691087528350781e-01,1.585147749067680412e+00
4.065382058200643023e+00,4.157753782274767329e-02,-3.756516189435568087e+00,8.224099216096761866e-01,8.680714039693238071e-02,-3.272245256521590484e+00,-2.407880060857353399e+00,-1.313754332207147435e+00,3.045404211894259472e+00,2.482854589300329540e+00,3.708875825987473451e+00,1.087827487187212228e+00,2.395899606939970727e+00,3.780739594869613196e-01,2.259976905225874688e+00,-2.461732742771595372e+00,1.294468843483251863e+00,1.228497129870854687e+00,-1.062613895467108049e+00,3.504609914864449838e+00,-2.638436869044791244e+00,1.521770858801661852e+00,-5.149117379749310608e-01,1.261628143287230497e+00,1.842908095091111975e-01,2.969083836262182086e+00,4.556042848188022631e+00,3.200423797345327337e+00,-1.665315373001538646e+00,2.286894697695077028e+00,-4.056714775499290937e+00,-3.551355502478831916e+00,3.474195883310090771e+00,3.535031375953394672e-01,-3.837762079219461331e+00,2.652191400600009352e+00,3.610081556816887360e+00,1.409790237761155973e+00,1.904965610205280324e-01,-3.121071675505305176e+00,-2.074643515488341361e+00,1.300214776490273172e+00,2.754585714447800537e+00,-1.089591393038305656e+00,-6.467483898944885734e-01,-6.456047926881723908e-01,-7.327840496274582449e-01,1.798984202184815473e+00,2.570784365095141411e+00,3.466858557122605711e-01,-2.475189724611884134e+00,-1.829814575763202722e+00,-8.632979918634540173e-01,-1.795799188232260146e+00,-1.649477688384984653e+00,-2.232518980253532792e+00,4.152586870633747651e+00,2.666721731389990691e+00,1.311393366479499445e+00,-3.323136694908538358e-01,1.649782596435205528e+00,-3.014899329584269427e+00,2.306690537091085069e+00,2.860206070342145246e+00
1.211824638880067972e-01,-1.540476550625127672e+00,-2.221586038677044961e+00,3.245823867986260769e+00,1.446783325282199772e+00,-1.342650728011326011e+00,1.303706217874434303e+00,-3.547359890371005520e+00,4.563775668403799557e+00,2.617573807045548318e+00,5.509460035456895000e+00,1.845075046214286418e+00,2.404378117138436632e+00,-1.103984493177613047e+00,3.992684909542790983e+00,-3.366279967948341056e+00,3.946864150380700487e+00,1.602335570685027522e+00,-2.591111335934345394e+00,3.967162081600703161e+00,-3.171333469003194683e+00,1.000940395794360782e+00,6.599474023177502868e-01,1.527086670062865803e+00,7.258157280520588506e-01,1.935453135780891953e+00,1.481421203457506275e+00,1.057587136991419818e+00,-3.554661721061640467e+00,4.115571135300689853e+00,-4.042981177493234490e+00,-1.019119022468571112e+00,2.662461185236621120e+00,-2.319103109938741802e+00,-1.446554724739038011e+00,2.677120486760560691e+00,2.511908619190639236e-01,4.625680817968276237e-01,4.885692480220040768e-01,-2.432378769366009497e+00,-4.682506396169471508e+00,1.256865901929753004e+00,5.489698452438453558e+00,-2.104371390294010880e+00,-2.818003165483561334e-01,-2.712037679054722261e+00,2.411014367043102347e+00,3.008372537244346390e+00,3.207700517670478924e+00,-6.539129007426607298e-01,-3.530788918304326618e+00,-3.372086191357393847e+00,7.301470846192856801e-01,-2.812627444421384126e+00,-1.677727693416607879e+00,-3.440843398466340908e+00,2.487075815765277920e+00,1.739734607687393186e+00,1.344303763602291424e+00,-4.304009776378903140e-03,4.480775088912736237e+00,-3.317359269283456591e+00,3.937251421290459685e-01,1.795246951024254800e+00
3.237055332674742214e+00,6.057933293613515513e-01,-2.272660795311518545e+00,1.571556099818690599e-01,1.440714806879767051e+00,-6.331690046738291944e-01,-9.316708345582137563e-01,-3.777468876574618051e+00,3.057355984255219816e+00,4.067785134989150286e+00,1.820161606853384573e+00,6.623796261566422539e-01,2.909513723289654408e+00,4.699125243332793467e-01,2.492084569286770357e+00,-1.993106702102288130e+00,1.185763847237222723e+00,2.846448548661714817e+00,-5.285563438596116992e-01,3.360928453536402571e-01,-5.546843669203369576e-01,3.124616537326863508e+00,2.466371809332295939e+00,1.379382467972045223e+00,8.509423472108763598e-01,2.619286811771357470e+00,3.315533178061931263e+00,4.908254916965788084e+00,-4.111686788761214295e+00,2.731185622451910433e+00,-3.792635940912049808e+00,-1.762451540972463038e+00,7.221594323862101650e-01,-1.334853733597874514e+00,-2.890921493780728824e+00,2.284016684820441956e+00,3.354925600342699710e+00,1.427412495667493397e+00,-1.121959016304807211e+00,-2.397761655097699673e+00,-8.146953166204604635e-01,1.300580425614705105e+00,3.336950120251766627e+00,1.771783027813977451e+00,9.292860080533797973e-01,-2.971496335943883071e+00,1.683931989207732682e+00,2.510541828198066927e+00,6.092339251678431822e+00,1.681535063106473604e+00,-4.255657718556763669e+00,-3.099519275812359975e+00,-8.945519267844813660e-01,9.007946486877194125e-02,1.643765994865654667e-01,-1.510559355465111997e+00,2.855728155809194480e+00,5.470490510775807280e-01,1.621222826527330074e+00,-1.104042811189177353e+00,3.881169999836848739e-01,-3.950415264044131014e+00,3.167045544099422294e+00,2.469644488777622993e+00
3.599477826858267893e+00,8.986850921718808616e-01,-1.862067672240548699e+00,2.094386896197732106e+00,8.681370069395955014e-02,-1.242968213409750167e+00,-2.351783898539513640e+00,-3.458922019626807121e+00,2.498545934233390664e+00,2.900881806757857895e+00,4.272499862601919496e+00,3.421502065598154285e-01,1.186305758800841215e+00,1.450523322047793773e+00,1.786680301443451580e+00,-4.437624483020063959e-01,6.379174795040929435e-01,3.217251486484320022e+00,-2.940848520894070450e-01,3.957691205614940255e+00,-3.043626486309581214e+00,1.408687573330482667e+00,2.469410238007576641e+00,1.588680645741841868e+00,-9.717412437752686039e-01,6.175969613513963452e+00,3.783428231209179593e+00,3.401141174682918766e+00,-4.244458536489602807e+00,4.563411814252281928e+00,-3.804428702489367708e+00,-2.034965239683051763e+00,2.943475947511599244e+00,-2.635798349549468789e+00,-3.198668795722485747e+00,2.297756346708151209e+00,1.305931288588177086e+00,1.327165334858530166e+00,-1.270113370587655277e+00,-2.633026466667157894e+00,-1.812777083745749751e+00,2.422370087128754346e+00,4.926713612019497646e+00,1.001490205009581080e+00,1.513943671339845198e-01,-8.686104532355621854e-01,2.585037104614693604e-01,1.778624437993855611e+00,4.354703387083111998e+00,3.312520787148252599e-01,-4.640780484552042395e+00,-2.132640656496923803e+00,-2.688096709523459360e+00,-8.994840916227384575e-01,-1.379763783242407227e+00,-3.625414982483418314e+00,3.750364040422863088e+00,9.526609661451982403e-01,-1.293450144586261619e+00,-1.003790350204547766e+00,-1.192390877397857096e+00,-2.171065593001828997e+00,-6.311950230130984885e-01,1.230261394421157117e-01
3.697609670325234354e+00,7.672796495631074576e-01,-1.492952167238136063e+00,1.787300281126195323e+00,9.186328242629451246e-01,2.268238844143177779e-01,2.331828551890588574e+00,-1.844685790032208006e+00,4.019388226752584004e+00,2.483467236504532494e+00,1.938580780981894458e+00,1.055279083931471407e+00,2.430226873626236017e+00,3.015467109867681739e+00,2.357757255648702088e+00,-3.983872110640666264e+00,1.746476755640455014e+00,4.118517088586330921e+00,-1.638345290644625862e+00,2.013927962261253590e+00,-3.146682257560262652e+00,1.725522840551852344e+00,3.185533221115044888e+00,2.471437520554234712e+00,-1.453903981473515072e+00,2.422897046220632067e+00,2.232255176955295628e+00,4.436132049618469075e+00,-2.600278586428738326e+00,3.875728882161102007e+00,-1.154778568722564902e+00,-1.988621873102852655e+00,2.094166561621953360e+00,-5.026293270909118149e+00,-1.243627139526406689e+00,2.439284758353036153e+00,2.812947378982297852e-01,2.411063035582724723e+00,-1.868877848072656445e+00,-2.690134318950487824e+00,-3.046841208649196275e+00,2.495773018699472878e+00,2.324737154334333145e+00,-1.139699857980565501e+00,-2.182132169151243417e+00,-3.031112818609737580e+00,1.149844893613624075e+00,1.245286340000754999e+00,3.718597791939048047e+00,-4.311117762603580150e-01,-3.787648950127180836e+00,-2.104696862261685730e+00,-1.682209041573845987e+00,-2.496361737154403571e+00,6.472702294074670348e-01,-2.479967387693756464e+00,2.212699009249685655e+00,2.131128630493636766e+00,-3.693095515856890665e-01,-6.188717035404626143e-01,6.428734610288024953e-01,-1.826582834279373513e+00,-6.345079241176891927e-01,2.590907384581798478e+00
4.209198668875689719e+00,3.976660532797446912e-01,2.641478289493797149e-01,-6.919008894591076597e-01,1.799770871179873666e+00,9.763533027989312885e-01,1.284965491137502358e+00,-2.058469789099553360e+00,4.285406562715947665e-01,3.903875988451478207e+00,3.581321478411402026e+00,7.124245125406349910e-01,2.186633482481250113e+00,5.633342550884162803e-01,3.478093574525051856e-01,-3.227688494861704172e+00,1.624882826397588520e+00,3.308492671105381699e+00,-1.873739051572389291e+00,2.254005312188239962e+00,-4.979362548081104123e+00,1.385842120208577111e+00,-8.594308825769765292e-01,5.138588879313340740e+00,-1.357151966359220197e+00,6.907802801509934643e-01,5.342861188647165527e+00,2.136891527014470604e+00,-1.982613607845110870e+00,4.101376950652054099e+00,-2.346615170262363659e+00,-1.627401807321650518e+00,1.509922498395457113e+00,-2.050282903056415584e+00,-1.907196811465450947e+00,1.988486882053870364e+00,-6.238430250196080884e-01,1.784697758116475796e+00,-1.804782029185296954e+00,-4.221938748817008147e+00,-1.726143781406021427e+00,2.342076338484690101e+00,2.031635046278176038e+00,-1.744904409013038338e+00,1.785667848856759887e+00,-6.514215972604946447e-01,2.030086210080897402e+00,7.095359410170136716e-01,5.453579304947329121e+00,2.606813275422150689e+00,-2.347619282117670902e+00,-4.550244838317865970e+00,7.093225579873418951e-02,-4.163331510663077495e+00,-1.003525019405174801e-01,-2.205624308171838521e+00,2.961081121792924264e+00,2.748431570546388425e+00,-1.605686803558030284e+00,-9.875749361302481599e-01,3.669984223434201720e-01,-1.610658232888607877e+00,2.220211421232038518e+00,1.047183442776272955e+00
3.019349625547885108e+00,2.896665155844805883e-01,-2.628394346417238570e+00,2.105459476151513964e+00,1.903613447803232495e+00,-1.806279798931084146e+00,2.211625223381950889e+00,-2.634038559668534951e+00,3.946714027658698054e+00,4.248918773589219100e+00,4.745005794888688122e+00,6.613513524162751844e-01,-6.307808002968942063e-01,-8.514898961153298806e-01,1.903325349288568447e+00,-6.808443999861071294e-01,2.793019366131857417e+00,3.715074347978194247e+00,-1.709570227111935958e+00,3.116417441827181278e+00,-2.521191466198198228e-01,-1.004797079244157842e+00,1.258033983432811587e+00,3.565589690183480265e+00,-1.787102737231115013e+00,1.605234266973046608e+00,3.572668748253363447e+00,3.913340034688095326e+00,-1.655889287453302217e+00,1.831449318816378069e+00,-2.334217640612846534e+00,-2.388011147453119154e+00,2.673015562632432562e+00,-2.181892826417787035e+00,2.309334746646405367e-01,4.835184338762434031e+00,3.525872196718697449e+00,1.796942730358597640e+00,-1.446356790044978746e+00,-2.291982909737715346e+00,-3.708997438726322482e+00,3.200970171733922065e+00,2.291959515174136985e+00,2.141679398628689501e+00,-1.380918628135338055e+00,-1.316850388209836353e+00,6.466176136298673605e-02,2.566063315955927404e+00,2.801473960312561573e+00,1.699062032904770647e-01,-3.096600715021196493e+00,-3.160379139012770899e+00,-1.530045758343781648e+00,-3.512546162824827789e+00,-1.043771375848379535e+00,-2.415326240344633391e+00,1.548849157951864397e+00,2.971911663090055278e+00,-1.723860884852845610e+00,-2.122076712858341097e+00,1.651089074331353324e-01,-3.280360755571460452e+00,1.671233586692614903e+00,1.263316127858619131e+00
3.708448047289267357e+00,1.619836673595558496e+00,-9.163649704940595164e-01,1.754174884460032002e+00,1.094841701137018619e+00,-9.512633968370056703e-01,8.275526038334435341e-01,-1.642786734964373441e+00,3.269477235686613970e+00,2.323875460477573984e+00,9.802621663700579191e-01,1.490577953308251713e+00,2.588014033456118135e+00,8.439862504451085545e-01,1.607818613497657978e+00,5.867991859016452594e-02,3.153900505868119541e+00,2.496718702228701403e+00,-3.063714604669454555e+00,1.841631459436777529e+00,-5.917312309470862175e+00,2.742396788696712662e+00,1.246253384587488799e+00,6.019457379925086116e-02,-8.061944846173683121e-01,1.550637171250561774e+00,3.178907436627920191e+00,4.546496276879846477e+00,-2.701495802930183210e+00,3.897188755108270897e+00,-2.467542630160548534e+00,-2.181699778654312638e+00,2.187435304401512237e+00,-2.414164061133381445e-01,1.411408375712851937e+00,3.239161096954695562e+00,2.671522407662040521e+00,5.655297406863084575e-01,-3.569099656556096178e-02,-3.077634512341171913e+00,-2.694332534036942395e+00,3.477971573466922095e+00,4.261729209865053214e+00,-3.091922279285066466e-01,-1.109938419147975752e+00,-1.435676291750336953e+00,2.645827166661398167e+00,1.345103937994803767e+00,2.761416180457231917e+00,-4.117940784854752234e-01,-4.519554021194640114e+00,-3.048100930226949501e+00,4.211487095338497522e-01,-3.596094715150783827e+00,-1.742328530627325067e+00,-1.839813381924266800e-01,4.059690462667271404e+00,3.431632070307910620e+00,-9.170025983051710572e-02,-6.401600095784482081e-01,8.862092303357943512e-01,-3.326165404184445507e+00,1.472560994254457745e+00,1.679389282459748500e+00
2.578135513714117089e+00,-1.075211542123170605e-01,-7.111518778208302249e-01,7.049093381557488547e-01,8.405154104104083368e-01,-1.680688680914994571e+00,2.613844951554966656e-02,-4.992405080629979786e+00,3.770824388416554207e+00,3.014786409886011320e+00,4.650195787834975114e+00,-5.024038853297112528e-01,1.595112731222033009e+00,2.873570267798194244e+00,2.739438137300674203e+00,-9.483856668488779285e-01,1.248829600508127857e+00,3.032238897220154161e+00,-6.036515091888828621e+00,1.925045995655978448e+00,-1.760036010758665892e+00,8.318831255085319398e-01,2.411964844404667740e+00,2.976985541160862780e+00,-4.637036799295298772e-01,2.176958798178359800e+00,2.775098248234041165e+00,4.247287919743842899e+00,-2.749754272903396135e+00,2.530645093089312958e+00,-2.417069826955089873e+00,-3.949608110310329767e+00,2.776359031962956525e+00,-3.098327453835813650e+00,-1.061538335621254436e+00,3.410196852549168156e+00,2.803509299986179926e+00,1.893360237634301502e+00,-1.305491409343639164e+00,-1.852464488977208834e+00,-3.515791557868902739e+00,4.115094102202463411e+00,4.059225446962191342e+00,7.766163554818885650e-01,9.906851175097750595e-01,-1.247648246580331355e+00,1.235646697959171370e+00,2.086839215169978168e+00,4.084652769424228502e+00,-8.677845036055760186e-01,-1.232965560075514055e+00,-2.859947838363622541e+00,7.701404010579249171e-02,-2.715906651444967679e+00,1.510112451220678942e+00,-1.887452165359270406e+00,7.712045726696352688e-01,1.021884790530710019e+00,-3.000649407396659196e+00,-1.541419869102135021e+00,1.898856003292246353e+00,-2.422206209608722460e+00,9.881043950582690805e-02,-8.614973207712783854e-01
2.653017687426516780e+00,5.110212524455368666e-01,-2.558525920412297872e+00,1.803705612037205253e+00,1.361063332148347182e+00,-1.831324670511223607e+00,2.679596986302463790e-01,-3.432716300514171870e+00,4.595083451256636309e+00,1.051289671845616169e+00,3.743910343131700902e+00,-3.275930702668681249e-01,1.469693576767725274e+00,-3.803160888899608238e-01,1.671402872732772771e+00,-2.295568488454901246e+00,1.566180815454769615e+00,2.553571976460916382e+00,-2.387360064386693459e+00,3.323655491960351593e+00,-2.509589982231021921e+00,3.273883504213257467e+00,2.810037909743864137e+00,1.454801862626458719e+00,-1.479278684385894715e+00,1.870892201093412144e+00,1.998933034246007212e+00,2.160566589205526355e+00,-3.132886116674186372e+00,5.468395076796283227e+00,-2.846162858490998371e+00,-3.012648640836106839e+00,2.606657461219564986e+00,-1.491709588609405834e+00,-7.038288617392352009e-02,2.959855970719623475e+00,1.043972906100125275e+00,-5.693699410311170439e-02,-2.872959238182351438e+00,-1.786196639473369929e+00,-4.960995588043828342e+00,4.272111775396465472e-01,5.305200334306290344e+00,4.621883637102300879e-01,-7.724058004530076627e-02,-2.972212385807922796e+00,1.729998171501684778e+00,1.945261955229078410e+00,3.054716664948194715e+00,-3.744062946217907584e-01,-1.698228140173501099e+00,-4.156277142154916504e+00,5.017329410808568646e-01,-1.114631332872055847e+00,1.171036244340323940e+00,-2.639898945074187431e+00,3.068345688268929727e+00,7.039819925047885452e-01,7.747605188808774912e-01,-1.503281557683193048e+00,9.095574017959435764e-01,-4.368553321078971763e+00,1.909270833073457796e+00,2.847669041439141679e+00
5.261830467381906296e+00,8.737583162006080650e-01,-7.501309570968963669e-01,6.897035052783746512e-01,4.073152934644012069e-01,-3.235545899456382823e+00,1.217441936356290277e+00,-2.782230912022060743e+00,4.339670157578445320e+00,2.163314319470307723e+00,3.593405542013964560e+00,2.030305434565507383e+00,2.662977098966725631e+00,-1.597671624334058293e-01,8.580106572247503394e-01,-2.743722156605410856e+00,2.968239253282871637e+00,1.146352432908738894e+00,-2.469238255009392091e+00,1.211209018585336361e+00,-1.843923536632866789e+00,1.066871858267200768e+00,2.433403400148422158e+00,4.274394922481105752e+00,1.755147103673159181e+00,2.765060113044222945e+00,1.684264225889612110e+00,4.960540901154854687e+00,-3.025494855169748920e+00,3.731491639359617807e+00,-3.685448237306604646e+00,-3.142329737146533297e+00,2.636413479613342492e+00,-4.696388019075063980e+00,-3.603304339554949998e+00,4.423912850702853561e+00,3.407561565656116009e+00,1.336350032431599999e+00,-1.872160206155590867e-01,-1.045791730889278792e+00,-3.602803465927916449e+00,1.877244226477969846e-01,2.505803937217544242e+00,-1.632845604674160178e+00,-1.954913447157598849e+00,-7.874398087274786517e-01,-1.929135743901085664e+00,2.204953933669951294e+00,4.427510328836075537e+00,1.823766471481635509e+00,-9.357856271171469675e-01,-3.424363521161742252e+00,-8.975875632882052146e-01,-1.636158333972719259e-01,-1.289472793726055944e+00,-3.598079594896475442e+00,4.239250828848533104e+00,2.507248739015975225e+00,4.411659518252606382e-01,-2.109327878129293454e-01,1.650346254118659761e-01,-3.489735726141719230e+00,2.777904774704322843e+00,6.269140177289518334e-01
8.878062142145579649e-01,7.885117148579695590e-02,-5.069245722601820603e-01,5.006715539265900183e-01,4.737155587116172129e+00,-1.254169081712024569e+00,-2.499343698882922737e+00,-4.581409635332192920e+00,3.089965906883053837e+00,3.242437700346942897e+00,2.725934490458767012e+00,3.329628313065794210e+00,5.720187178093611990e+00,9.764506137873674163e-01,3.392491768376046934e+00,-4.952622047764966950e+00,3.599212084206739881e+00,3.355540971209923118e+00,-3.687572181341475464e+00,2.764314692051272893e+00,-3.032708657967375210e+00,2.140520292404791913e+00,4.923582316414263360e-01,7.959036144495874598e-01,-1.410405258146794516e+00,1.229180092331375374e+00,2.581887702055800204e+00,1.213345169891351549e+00,-2.203342112878794445e+00,3.805925392159116072e+00,-4.276861567392185037e-01,-2.415210033597540829e+00,3.864335134231645874e+00,-2.435715715273085280e+00,-5.504568774395759423e-01,3.332190656431529785e+00,3.878874136719317356e+00,2.629955882145394774e+00,-1.252448131376206586e+00,-2.481084239467216790e+00,-4.389008638957712982e+00,3.549785216549734113e+00,3.098890347207273965e+00,-2.451432950122054422e+00,-4.419656676843584098e-01,-2.135933586294627595e+00,5.154222556171048630e-01,1.947540679812198139e+00,3.441136882404435493e+00,1.629727182330414026e+00,-1.535992197896161482e+00,-4.225320190648220731e+00,7.967904612525427144e-01,-2.858481079695828875e+00,-1.642895021976696901e+00,2.679992464873479641e-01,2.233888059773333268e+00,1.945518240849803959e-01,3.078410987850903613e+00,-2.328262503167957576e+00,2.141544621622647249e+00,-1.192563394490641748e+00,1.559243107287442420e-01,1.292341577112894324e-01
4.197751836918784285e+00,-1.622849962295074944e+00,-4.550547112667402416e-02,1.592394531510224809e+00,1.662233712422980458e+00,-1.500152067746075346e+00,4.588251153054264675e-01,-1.943813330994269117e+00,9.514925770956437212e-01,-6.507547927698764667e-01,4.278796299100617873e+00,1.644344921377542956e+00,2.680212856088365569e+00,8.690198424805570809e-01,3.628805680653633736e+00,-1.848075852996574175e+00,2.425804665383077818e+00,2.302252534722955435e+00,-3.098936478149874940e+00,4.381138925896150838e+00,-3.582459904983877230e+00,4.233867835502570287e+00,-9.534211216877586104e-02,1.974675383679984630e+00,1.621880483715930632e+00,5.320316753165623691e-01,3.290323834967484373e+00,4.455615266541058439e+00,-3.011325670740696125e+00,4.268753217495489416e+00,-1.488870969335576833e+00,-5.012937099855716561e-01,4.333038000697542635e+00,-2.231019080431732693e+00,-2.444420801104338903e+00,2.819794755104824802e+00,2.640189205545400153e+00,7.509180803432600193e-01,-1.217631900683555202e+00,-3.900336651911058716e+00,-1.288525457323811185e+00,3.547568264594063603e+00,9.566365222241635102e-01,-7.227678286120239326e-01,7.134038794480224155e-02,-1.323502890438839064e+00,1.308659701453133595e+00,1.395206504966190586e+00,2.789920154298069388e+00,-2.603050033269375119e-01,-1.850345697716959892e+00,-3.820612316840882983e+00,-1.591298105822918973e+00,-1.681755043042667763e+00,-3.144749362120996539e-01,-4.780151383983135105e+00,2.379680486127012884e+00,2.252172523894169665e+00,-6.398320816920000098e-01,-9.490536638374937883e-01,7.243255310749002751e-01,-2.698597337500856508e+00,2.040682787595610836e+00,3.869387717268943483e+00
2.814522247745427475e+00,-4.304382201596057556e-02,-1.258719924035993643e+00,-5.703655304209511723e-01,9.008661896998275687e-01,-1.392277583011368058e+00,-2.385081763885892325e+00,-1.515472652297540357e+00,2.765504745076182047e+00,1.178019287598680132e+00,3.234675889792403503e+00,-2.651625912638191362e-01,2.796870228425903271e+00,2.586625113348686167e+00,5.854427014494030246e+00,-2.693557453588967032e+00,3.480435559689141645e+00,3.558284184509167503e+00,-3.158926573073835620e+00,4.023480169846799015e+00,-3.038155531637386275e+00,1.955689684407565077e+00,4.026300668331433741e+00,5.897721994294113923e-01,-1.282854441073214335e+00,-1.302651717352373506e+00,1.943551223954316232e+00,5.623727916178715702e+00,-2.089565765857621216e+00,2.879108221556311520e+00,-6.542076225047179783e-01,-1.381132104133980132e+00,2.018183929294368184e+00,-3.320773963066798729e-01,-7.727999175510507079e-01,5.588502473871205467e+00,1.129820666691339293e+00,2.595565685524842792e+00,-5.147178935934524358e-01,-3.301712054708926924e+00,-3.142768757739170749e+00,2.949974236358861024e+00,3.527729401414473998e+00,5.623750032227786688e-01,1.475945444821665564e+00,-1.024669709385924277e+00,1.690084934592616994e+00,2.071898656208066569e+00,8.576254894389636618e-01,8.152177080037427137e-01,-1.763690118195906820e+00,-2.931086701916830073e+00,-8.234509608175957229e-01,-1.797126220796072316e+00,-7.563624393192819317e-01,-1.915952150158809708e+00,3.498580381056644040e+00,2.688508446285671205e+00,-2.340263691038409810e+00,-1.325611392217805662e+00,1.841386956922794749e+00,-3.180995980638225973e-01,1.502081695574941644e+00,1.885118113489405056e+00
2.944649795953369509e+00,6.101049351722764857e-01,-4.901753312028214182e+00,-6.594326861708201815e-01,1.386359191220870146e+00,5.678578401325842240e-01,-2.055932266705234657e+00,-2.972649099357210556e+00,3.619068967338947118e+00,3.884127259604428062e+00,2.588963302702640856e+00,1.500582361391907593e+00,1.555211852374223325e+00,9.009904399987012091e-01,1.649376216629498737e+00,-2.844199052748339618e+00,1.985052525553365088e+00,2.113187502686252550e+00,-3.631650093070012630e+00,2.612632322906593973e+00,-1.851160281555946252e+00,1.323429544259751900e+00,3.536779522247532004e+00,2.779418093365018994e+00,1.943483591551713019e+00,1.737371180905405765e+00,1.588336252797726722e+00,6.724693530311252943e+00,-5.104036416895489481e+00,3.639945523482695400e+00,-1.357563564952710466e+00,-2.631566425256290032e+00,2.402714325760902270e+00,-3.935537593417322011e-01,-4.256757034035547171e+00,3.315507383951854070e+00,1.125973140383919269e+00,1.492306020272800682e+00,-1.752316179927841278e+00,-9.002352016517281008e-01,-2.942076434151889242e+00,-8.169688451961079068e-01,2.697398249702488648e+00,9.611115201110087547e-01,1.429094700105350224e+00,-1.680488462876547073e+00,2.703920666849625398e+00,-6.317395320503278455e-01,3.735195995145722314e+00,-4.987240879470145050e-02,-4.044212886111660410e+00,-2.805848531002678392e+00,-1.740846094887460893e+00,-9.913783112675242926e-01,5.028586748694674480e-01,-4.424894033805241378e+00,2.976107119176578664e+00,2.797984098753855342e+00,-3.882205028963006122e-01,-2.546339072983608842e-01,1.619610943611559328e+00,-1.495524244791809565e+00,6.236853352813231943e-02,2.394367994465572913e+00
2.660515577744520854e+00,-4.218160478172665595e-01,-1.853245979853846537e+00,6.580526806630536685e-01,1.027102215112786432e+00,-1.193637026786136257e+00,7.874640642201107266e-01,-3.422295174324272882e+00,9.887237042094265682e-01,4.871632165349049970e+00,3.337783533169300210e+00,1.532975617264928481e+00,2.737604682473401940e+00,3.750002165440166735e+00,2.180687686877587517e+00,-1.201101145267903680e+00,4.510482343116773762e+00,2.923363293097230642e+00,-4.228871388964092759e+00,3.272429488376803253e+00,-2.918713757941037379e+00,2.010946614331281967e+00,1.949695665599592287e+00,2.143749171457478564e-01,-7.544988029746453329e-01,2.053146398386171079e+00,1.568254635349858539e+00,5.162258736672910686e+00,-1.738225011168756939e+00,3.082158103713492192e+00,-3.054066028263441535e+00,-3.163247874095831413e+00,2.562570703781643200e+00,-3.422520387897199257e+00,-1.537658592925452483e+00,5.205577398583201898e+00,1.016314167474827723e+00,1.936755408030380599e+00,-7.442926264430649308e-01,-2.878860601796046748e+00,-1.130732938383191666e+00,1.255678224586514791e+00,2.457677192595696614e+00,1.442077689301776822e+00,4.438720058840710525e-01,-2.088799545758559972e+00,-1.504264977167000250e-01,2.290961674566899475e+00,3.833172742918427911e+00,2.195966547422633752e+00,-2.720944869144506395e+00,-8.494754610290717878e-01,-9.109361534592652632e-01,-1.441601533758496645e+00,-2.884417944671461287e-01,-1.952990577490088864e+00,3.179404663940746723e+00,1.060798093892986405e+00,-2.322947248875156134e+00,-2.318029767182134826e+00,1.456248934196544553e+00,4.744423284003733698e-01,2.315063119027489513e+00,1.192520458164024966e+00
3.661168147755523794e+00,-7.942168503352611264e-01,-1.453375966302126177e-01,-8.118413652151503790e-01,3.295370097365808437e+00,-2.130967679841902385e+00,1.951618110578134946e-02,-3.830809033876148018e+00,2.705652941710134929e+00,2.757974615244440653e+00,3.824152262455728923e+00,1.493414157031678124e+00,1.918170257417704194e+00,1.779213005774080925e+00,-7.249662666469069983e-01,-1.117866230249269233e+00,2.242117071684232688e+00,3.522714582570432906e+00,-4.520533761124069017e+00,2.153832151102045067e+00,-3.064735478792883772e+00,1.437480657786222249e+00,1.593386074916098183e+00,2.319753497092469363e+00,1.387283294964249292e+00,5.960858328737623779e-01,2.106514714802746990e+00,4.874123369784126858e-01,-5.247067874369198748e+00,3.279892033228539727e+00,-2.381554649019638870e+00,-3.649981905605661936e+00,2.468400577394141759e+00,-1.345434812867223107e+00,-3.730928658178644053e+00,2.900699187915117161e+00,1.704154922664951721e+00,1.446678582827001680e+00,-2.363107788312971635e+00,-3.222113456275812471e+00,-2.012533566124932172e+00,-1.264355409790861806e+00,2.715228941895078574e+00,1.788400161353104201e-01,5.044674270148868933e-01,-2.079737905880772786e+00,2.903680965131529845e+00,-2.992784228564051574e-01,2.181201255742866163e+00,8.349312580187273625e-01,-1.733495128602852375e+00,-3.171399036097938051e+00,-2.662035112036839735e+00,-4.330337797413259526e-01,-1.923633203729372854e+00,-3.229770868829164421e+00,2.439223792180070127e+00,2.817254368529401809e+00,2.629281743928066906e-01,3.606371462223116886e-01,1.818030795946300682e+00,-2.479563430895268983e+00,2.461664670046937786e+00,1.583282501754484262e+00
3.768333033809034838e+00,5.346630125027824754e-01,-1.996664252745311785e+00,1.170679865080625826e+00,2.193157436905709634e+00,-1.169026665857463732e+00,1.391273206430143849e+00,-3.173118159643384839e+00,2.115444439326665815e+00,3.472521328981901245e+00,1.899128037192504781e+00,-1.636204722604267303e+00,1.509506061384527920e+00,-2.184531044211492912e-01,2.178430585075721293e+00,-2.900477042541775852e-01,2.007264632742047805e+00,3.937957457726390942e+00,-1.585697383054605947e+00,3.670284406580246905e+00,-2.366989772265009506e+00,-4.799880473218625099e-01,2.935193066168952924e-01,5.253495560811050069e-02,-3.518502441651011337e-01,2.124618936479176767e+00,2.928729248874629931e+00,5.445231620342162238e+00,-2.653718846451874835e+00,1.114057952519113215e+00,-2.536725907945394543e+00,-2.942871302990822890e+00,-4.803739356040295228e-01,-2.422473516912500902e+00,-1.077311977985982328e+00,2.072854874008282167e+00,1.873397357285577103e+00,8.275504909951315602e-01,-3.465140713839320430e+00,-3.460779750176335767e+00,-1.376765040542863527e+00,1.254494001309960138e+00,3.711386630941027054e+00,5.831560145814009832e-01,1.678327897316587825e+00,-8.375306925447395523e-01,2.506318840188405339e+00,9.838237973369645673e-01,3.738156425775981617e+00,1.316845210480456885e+00,-2.314929438389917049e+00,-2.694353907067904341e+00,-6.425423405748376116e-01,-2.240286271754416081e+00,-1.522867687289724437e+00,-2.783939602539112101e+00,5.544868005069581329e+00,2.957644815706720109e+00,-4.398895098454928543e-01,-1.783217269866959054e+00,8.590541863699430181e-02,-2.180726232032327516e+00,6.364889367933878050e-01,9.009251585437202392e-01
5.215587537335967028e+00,-5.626133603615132150e-01,-1.100422259090180210e+00,8.926427760544416445e-01,2.245560364027098466e+00,-1.200484627318860742e-01,-1.509186063483894946e+00,-5.037065576857791882e+00,4.000179260160573236e+00,1.995972627493258766e+00,1.095103954284924352e+00,3.250265487147194765e+00,1.942410351866694196e+00,1.333130662625575447e+00,1.096375441122088734e+00,-1.165589450203790012e+00,9.152381986658360002e-01,1.780888072021653556e-01,-9.590842346020616027e-01,5.154674784242082808e+00,-2.783186007160388442e+00,-2.175061567821812147e-02,3.550695939995713868e-01,3.717366834205515502e+00,6.962124049477703691e-01,2.701476612675526301e+00,1.554125993875220546e+00,3.328773252144689554e+00,-3.066745135296343960e+00,3.489836049911614779e+00,-4.027736827287213828e-01,-2.249944954457173907e+00,2.914412473917842306e-01,-1.746667607538972877e+00,-1.136970859464359940e+00,3.239823273784700142e+00,3.975868753218886553e+00,3.174737487463387353e+00,-8.148067421118787568e-01,-3.723568979687893243e+00,-3.775352792377540734e+00,3.005726844499904349e+00,4.998891643970068799e+00,-1.803227066923194677e+00,-1.298805061477540379e+00,-9.794683184191461667e-01,2.257360640962700504e+00,1.887164516299554951e+00,5.841819644295889624e+00,6.949153101028756607e-01,-2.279694689485204595e+00,-5.361254149093861443e-01,-2.671787445479192336e-01,-7.057168473194639358e-01,-1.633971784475858557e+00,-4.676136546742366562e+00,2.978902732870222447e+00,1.547138165968886536e+00,-7.476081603864346281e-01,-3.458244632455601542e-01,2.295058980656157210e+00,-3.095810367411336639e+00,2.370679044948866832e-01,2.228264686750812018e+00
2.933213885917684838e+00,4.647344217392540000e-01,-8.242948609441769214e-01,-9.684742619454764778e-01,9.846549973904551445e-01,-4.502137338797761679e+00,-8.509903273527025247e-01,-2.155364677639862059e+00,3.777202388265598287e+00,3.844555263411570056e+00,4.718223834664935445e+00,7.249150104324632027e-01,6.021178160441371219e+00,-3.791315657742362344e-01,5.753021251540739733e-01,-2.665795483055477089e+00,1.975380371660264034e+00,2.721953662784437178e+00,-2.758386341404003517e+00,4.666144679728564171e+00,-4.761526554441434023e+00,2.457418347043375917e+00,1.543312206631662242e+00,1.601140036687628720e+00,6.382426653270292238e-01,2.539142724158689468e+00,4.166751230113133531e+00,4.582848244519716729e+00,-2.013441028114921316e+00,4.609885132955657383e+00,-3.552956582482511561e+00,-3.324012727324461736e+00,2.292799269543320584e+00,-3.878578385522232441e+00,-1.085640687363321977e+00,5.267123428988169209e+00,2.450773245243377474e+00,2.210149559757040194e+00,9.820137977041509814e-01,-4.199706754266465225e+00,-3.206922931275954181e+00,2.933287938819885809e+00,4.210767604945258924e+00,-2.125147894580694530e+00,1.455716396613539465e-01,-2.471733700394266542e+00,2.391982082439289670e+00,-4.454262068082224246e-01,3.805578294780597393e+00,-1.379582842189586378e+00,-2.995942815209619692e+00,-1.351355307373575121e+00,-9.513979380074812919e-01,-2.982506239278158944e+00,-2.150439554283855692e+00,-4.122077744587841153e+00,2.735145283775917591e+00,1.654536913167735657e+00,-5.577523686971650463e-01,8.416519024349371492e-01,-1.115228574493685176e-01,-3.873239070759266323e+00,2.083160469118912950e+00,1.794747819980298198e+00
3.401152076689700099e+00,1.469430629933698773e+00,-9.571578053956671939e-01,1.969007203872288336e-01,1.019408160503262550e+00,-2.885133259910396486e+00,-4.369777363637583623e-02,-3.300136212168914174e+00,3.318285822144626085e+00,1.442769796888891287e+00,2.901024385712092979e+00,1.842289731268376585e+00,1.749828468742601117e+00,1.247112197998512029e+00,1.491838654263115238e+00,-1.096329801881419597e+00,2.262225882277466127e+00,2.308986174107006129e-01,-2.049255245873325748e+00,3.369563108950760721e+00,-1.778414590414346241e+00,3.044872660533115560e-01,3.906551473954977816e+00,2.716434878041055878e+00,8.208056670117436227e-01,3.957909018130813195e+00,2.598667164220429981e+00,3.930316843415932571e+00,-3.283075200378847036e+00,3.481578835935601468e+00,-3.718376645287012394e+00,-2.790770638759368261e+00,2.286089835129055281e+00,-1.671468804091073901e+00,-1.994466335847770111e+00,2.890642300667356945e+00,9.898278895062465610e-01,2.572142389170710253e+00,-6.264476035712320812e-01,-3.227548309239388846e+00,-1.575945758943037456e+00,1.127545674635562545e+00,5.809316867214725733e+00,1.124933129174960467e+00,2.412113272533831676e+00,-1.466293326877752046e+00,3.205492946180262592e+00,1.080798851230848845e+00,3.394441458351717955e+00,2.622067259176501075e+00,-2.236510030045382180e+00,-3.561919023518166139e+00,-2.016507563480076648e+00,-7.538343329136589777e-01,-1.550108151758262220e+00,-1.464123122226290485e+00,3.703050440256174802e+00,1.357858891261774170e+00,-4.018066534812397839e-02,-1.583452152643918476e+00,-4.634582182338804479e-01,-4.033402845360151368e+00,4.934977898920895889e-01,3.802748114637540588e+00
1.267140005542113368e+00,9.252504535624227477e-01,-1.648449186990890158e+00,1.962012571837342678e+00,-4.924454231506485424e-01,4.547005487610711327e-02,2.085057782516238634e-01,-2.977296705621482964e+00,9.375000603557204215e-01,1.732737832639331677e+00,4.316881673586514978e+00,1.389447053044454261e+00,9.394657602167137966e-01,1.242343110393584915e+00,1.580378892017983539e+00,-2.595223823294164678e+00,4.088268351040989401e+00,4.064592345610386737e+00,-1.038147640951313733e+00,2.303054717188406819e+00,-3.160257240739623885e+00,3.169138238701592947e+00,1.024134231628849090e+00,1.439460196311188156e+00,-8.220176430498677966e-01,3.217621292427632618e+00,2.546139911511289711e+00,1.454669434399342265e+00,-2.416910385266789696e+00,1.158912043567187578e+00,-1.459263450014283592e+00,-1.438204089216629900e+00,1.004037406751519645e+00,-3.188644429210244269e+00,-2.391011477786107786e+00,5.481092792808830438e+00,5.181064174197844707e+00,1.515104561093466806e+00,-7.259394621694365002e-01,-3.420958533285142877e+00,-3.920608713839798032e+00,3.775939738390292622e+00,3.105413594063000549e+00,8.460282291982190728e-01,2.148672720728017627e+00,-1.707697118496046107e+00,2.422102819272486940e-02,1.915665235705561464e+00,3.427435365682035773e+00,-3.093292679543672152e-01,-2.661035325522968620e+00,-7.394899689089788897e-01,-1.260911616963191761e-01,-3.268820888625425525e+00,3.914911784905139580e-02,-4.151819217637720882e+00,2.007742672897439906e+00,9.239169161162874566e-01,7.461305982177244278e-01,-1.424099636618611608e+00,4.496089080912921698e-01,-2.750580320718339244e+00,-8.328980045008638200e-01,1.933846276962613686e+00
5.764563303793938331e+00,4.579877678692126919e-01,-1.643760482364755804e+00,6.128738781545921555e-01,1.506110262424320112e+00,4.362235161808458717e-01,-2.633272047474803923e+00,-3.785647289692697814e+00,5.391252176325684431e+00,2.739049918651668136e+00,4.825642873153640267e+00,8.840816275011958991e-01,1.211209226130197880e+00,1.424024689399820964e-01,5.992836431593120405e-01,-2.514931934722028029e+00,4.138875671154920166e-01,3.302507071874263289e+00,-2.853455027542820321e+00,2.102468189594224768e+00,-1.047934728176245889e+00,3.879640749353440388e+00,3.016967477987926305e+00,1.281707045578204696e+00,3.447769122955549048e-02,2.547837828021762618e+00,2.314720753757369742e+00,2.958807401251672964e+00,-3.078965004250317605e+00,3.775261312023651783e+00,-2.180274914943532316e+00,-2.290334493071135125e+00,2.153204087690837820e+00,-3.232596950281704018e+00,-2.565137629702927136e+00,3.914203507931569792e+00,9.033715390824605951e-01,2.326822600836924604e+00,-6.747392569404908613e-01,-4.876645756592785652e+00,-4.734733522405691453e+00,3.795549028790820678e+00,4.517912875217175994e+00,9.721913236195527386e-01,1.565396339742521015e+00,-8.908626552508343011e-01,9.933450854966283661e-01,1.012292915347574596e+00,3.172095177147896017e+00,1.428357880476757158e-01,-2.226006038375994311e+00,-2.129191164930377411e+00,-7.659932056553504509e-01,-1.517986650819839634e+00,-7.638212355192621761e-01,-2.823287503549879673e+00,2.344173498284417345e+00,1.508744118105935561e+00,4.788939742854732007e-01,9.785105841738839239e-02,3.661526332859676991e+00,-2.371774867873007953e+00,1.276634493429093631e+00,-2.740330706361304713e-02
2.261049802572618006e+00,1.928192052016744151e+00,-3.159388598963743799e-01,-1.523849986773103460e+00,3.530939493522170292e+00,-1.495225921107176337e+00,-5.576779433456720003e-01,-4.574679236254159953e+00,2.455391690499412416e+00,4.119493022479605138e+00,2.986336829741172760e+00,8.036867140858590108e-01,3.744006425228707968e+00,1.105933909573740825e+00,1.833739806753464485e+00,-1.578258354918948170e+00,2.275661482084577081e+00,3.905619387946944965e+00,-2.880086089595666365e+00,1.299814007576925778e+00,-4.178451155290774821e+00,1.786376173343262819e+00,3.488186353493310854e+00,2.700431375618883578e+00,-1.286980354271446192e+00,5.359487366218746995e-01,1.434664044382572001e+00,3.669617012405594458e+00,-4.454890756469239044e+00,4.022010134045541641e+00,-3.886531460472386623e+00,-3.970134255930342082e+00,8.966434319561076283e-01,-3.609313403907663531e-01,5.221900941431341092e-01,3.639376582037923580e+00,6.462585442624262377e-01,8.561143494206859828e-01,-1.399692686237680395e+00,-3.832373461948792581e+00,-3.050010869540780156e+00,1.334286827745354120e+00,1.518984377759011295e+00,-2.263093374913504263e+00,-3.458682741692297169e-01,4.281504295100830859e-01,5.233016107907562109e-02,2.108408385427208653e+00,3.111673800823043567e+00,2.198198476199896945e+00,-2.787036380919554190e+00,-5.962464175843282810e-01,-2.406749119831177897e+00,-2.907399476141470984e+00,-1.032741132679762863e+00,-2.522276590005484209e+00,1.346479983433667149e+00,2.809392699696578788e+00,-4.462111793310422070e-01,-8.796799771210238594e-01,1.317276456986743227e+00,-2.840850921040793953e+00,-1.335821493772087809e+00,2.022418189304929559e+00
-2.169198318001712700e+00,-1.984978228847573911e+00,6.103544208396907145e-01,2.748153522767752488e+00,1.626085875506983580e+00,1.657770822115128828e+00,2.127695200226395134e+00,7.423406712481301906e-01,3.803154240987557166e+00,-4.016462427773983102e+00,3.424888748617971324e+00,1.111170497382261368e+00,-2.147938451470218446e+00,1.631343101368721848e-01,-1.089110406347016946e+00,2.616457035162547573e+00,-1.942034412722531744e+00,-2.271657848734013996e+00,2.175430501389445936e+00,-1.872303137436710729e+00,2.600675450573118219e+00,4.197862828699008730e+00,-6.844723054324428624e-01,3.169839792791134592e+00,2.122113072825143831e+00,2.822556363124780088e+00,2.412238368293916579e+00,-9.700442238479567436e-01,-5.692879701865410924e-02,-1.275365427821858466e+00,-4.783084789219800292e-01,-5.373005016646085430e+00,-2.320273604231937181e-01,-3.857826162104291967e-01,2.569038147612951573e+00,-7.654691949980689802e-01,2.534990927280504902e+00,6.684285558171028097e-01,2.909519107631221679e+00,-2.111288218819411533e-01,2.814689813646753080e+00,-1.369877205414439247e+00,2.996146194160559162e+00,3.174953480257540317e+00,2.362607021759296266e+00,5.179932279147724472e+00,-1.909849340846274446e+00,-1.712448834909798601e+00,-2.601192481460091965e+00,1.260206617891624692e+00,4.236715573351242270e+00,9.392480384763248757e-01,-2.723503144771932227e+00,-1.955136382451137633e+00,5.231103992872476738e+00,2.077592866576053687e+00,-4.190491552793524477e+00,1.808997840550655489e+00,1.387133986533073404e-01,7.278483782972269278e-01,2.271269464200855293e+00,1.236282786297159486e+00,4.257756310835492664e-01,1.631528484498157905e+00
-2.055300193877777737e+00,-2.017132014227988712e+00,1.441925113480454268e+00,4.469355624479682376e+00,-7.332986773675262970e-01,2.082647938177881741e+00,2.932417683858397073e+00,-1.302294958762578947e+00,2.498993399446376884e+00,-2.370437645909567514e+00,2.138091959117250251e+00,2.281604555109438826e-01,-4.330999773265070019e+00,-1.574974692316704061e-01,6.597992043959428621e-01,3.260207343185268503e-01,-4.905213618270865439e+00,-1.533792347099543374e+00,2.351544614827237201e+00,-9.164465964034380629e-01,1.221219851518395627e+00,3.476537814858593922e+00,-6.258462815150193093e-01,4.115066841029410227e+00,6.520372638672746746e-01,2.707410993241820218e+00,2.876734039514318386e+00,1.896222518417644665e+00,-3.595142809077390478e+00,-1.600204630606203438e-01,4.984927493471621673e+00,-3.539710754254389524e+00,1.176204755614072450e+00,2.370602548045632751e+00,2.556489627510162510e+00,-3.209059233145807433e+00,3.149350274077910683e+00,2.474818811822959930e+00,4.330062780041323833e+00,1.293053638688730356e-01,1.988659642011132878e+00,-1.781079293085681137e+00,3.037809405332047241e+00,3.280267743608667352e+00,2.524674795612851241e+00,5.408308529607063875e+00,-3.065431178073335872e+00,-3.754315640039015189e+00,-1.646611112043491865e+00,5.079800869634601312e+00,2.986899952225631871e+00,2.662712978552961296e+00,-2.310521273674035481e-01,-2.990594102917878416e+00,2.733813665069264154e+00,2.215654091734984288e+00,-2.387601076176815162e+00,4.161864110529682748e+00,-1.803299327587056800e+00,-2.028872170326880831e-01,3.131874873040187524e+00,-8.973432634097466831e-01,-1.492405075741852771e-01,2.054669839041578516e+00
-4.472528368945471122e+00,-3.712192856837108756e+00,3.477950922452713201e+00,1.866395877968812123e+00,1.464065272206499735e+00,5.057435308764445914e+00,2.812472106618606471e-01,-3.965656370452138368e+00,1.791921693373491387e+00,5.538398669210828906e-01,2.408727378870718194e+00,-8.210944118617105048e-01,-1.634654575599820525e+00,-1.949813456601869222e+00,-1.449031236358934382e+00,-2.614391754219145270e-01,-4.134839141380811434e+00,-1.869786371318782336e-01,-1.709143294331724849e+00,-1.846171488397664762e+00,1.922129992995049941e+00,2.618209611554160876e+00,-6.658777830012123644e-01,8.846519553295504323e-01,2.084926670114144898e+00,-3.053476269199344451e-01,1.124127465238997092e-01,8.549757156949688852e-01,2.883239431839086819e+00,-1.649760430355166729e+00,3.005792703877994576e+00,-2.013390128660447420e+00,-4.772798214366380520e-02,3.615489542066658846e-01,-9.374459755696689101e-01,-2.948571934731348154e+00,5.516610120021715247e+00,-4.696736294800962774e-01,2.561912023299595109e+00,-1.368830307005511671e+00,1.517909504662647180e+00,-1.924988625534148845e+00,-1.054806905985941068e+00,7.891877088799021944e-01,9.565129707846093954e-01,4.651364444858318237e+00,-3.432861306912990074e+00,-3.373122073486259920e-01,-9.649896045177943638e-01,2.938836622717226454e+00,3.768016204490960419e+00,2.027274289668270502e+00,-1.088591924962506674e+00,-2.071818036835363142e+00,4.130084675051268306e+00,3.751640752379825194e+00,-3.343912409947224607e+00,1.879666002320849572e+00,-2.973008214741317268e+00,-1.972430149053136184e+00,2.945351249497954349e+00,-1.677669907620864986e+00,5.091968231935252165e-01,-1.956026557555880618e+00
-3.554434550198637854e+00,-2.742201647101756290e-01,5.627014996509265288e-01,1.952530556173116105e+00,2.578997010099335352e-01,1.880832764595969708e+00,1.815224748369700380e+00,2.688652113977215041e+00,2.796625261346355806e+00,-9.763402793874129681e-01,1.829070305638687888e+00,1.605114719519458166e+00,-3.797622057323414513e+00,-2.739316046415967154e+00,-1.356161361632055584e+00,2.447490425371266376e+00,-1.951384819638118273e+00,-3.069033403121706804e+00,2.805449433141327109e+00,-1.756705592995631893e+00,3.197207706786418413e+00,2.446687862620797294e+00,-7.615960583790152283e-01,4.510147238541010850e+00,2.255359501542582024e+00,1.724370599596705356e+00,-2.294126481482961832e+00,-1.606768463897533028e+00,7.157989679783637316e-01,1.597532554885269684e+00,1.682282731343566873e+00,-4.089925893633893139e+00,1.528011175134593724e+00,-5.442060187638726454e-01,1.155591024452833349e+00,-1.795851799872993926e+00,1.913131531214169456e+00,2.111018413948991146e+00,6.180166718841473283e-03,-1.781815997685191721e+00,6.003099838596197557e-01,-5.191381993278263440e-01,1.556888260725154405e+00,4.262446665353643027e+00,1.886496446390880655e+00,3.612634614275056499e+00,-5.568338047473404551e+00,3.991987332320148241e-01,-3.621118408072309336e+00,5.256015137466958365e-01,2.712319675902179927e+00,1.594125711870088891e+00,-2.375144146942220758e+00,-4.741342987950804222e+00,3.470988824244192639e+00,2.396685457352287330e+00,-2.832912575466414840e+00,3.017854608386710602e+00,-2.399149144990359694e+00,2.256857396633399127e+00,1.423762773123681491e+00,9.684182041789795026e-01,-1.735088637883911211e+00,-2.760777426093717901e-01
-9.167236352978271885e-01,-3.832043481139375540e-01,1.867497683257523411e+00,1.419892249989850086e+00,-3.047656974290056109e+00,2.947162294297119178e+00,1.152504336909211391e-01,1.221025987893615605e+00,2.411925795469027634e+00,-2.701430891214253727e+00,4.026066482258753076e+00,9.182751086644203031e-01,-2.570829198884820421e+00,-9.229993814695734988e-01,6.857946073516067997e-01,2.515789541044439748e-01,-3.120502044379755091e+00,-3.675802318538232694e-01,5.383148274557540969e-01,-3.830622820107232318e+00,2.625393260563803288e+00,2.790202634133684523e+00,1.030513052145362485e+00,5.687760034284314870e+00,7.609565638816517819e-02,3.238405297565611907e+00,-1.327704625982920605e-01,6.213178105131120788e-01,-7.735929775782237616e-01,2.733699920076767320e+00,1.183725528383167358e+00,-2.978878441969257551e+00,2.278306881036554099e+00,-1.505240272488587827e+00,1.977583294315837792e+00,-1.840518188567850100e-01,3.646414555814108560e+00,1.657407962210645902e+00,6.124101287501842350e+00,-1.901550906475113045e+00,2.594028939581866755e+00,3.375532176329028022e-01,2.132012380136599994e+00,1.314098951846854879e+00,2.831985863954964877e+00,2.052455165693694905e+00,2.940815189511241101e-01,-7.885652386581731843e-03,-6.126123609526246128e-01,-3.340789383678988145e-02,2.595287393056260772e+00,-1.218897532298762965e+00,-1.099531488013077984e+00,-2.572090534113268046e+00,2.388370991070102978e+00,2.090136055510330326e+00,-3.843273050056237317e+00,9.899131800885621058e-01,-4.329097633260308164e+00,-1.562029634015937418e+00,2.159551396509293397e+00,2.501128132430712192e+00,-1.642653394372175057e+00,-7.482468797843810915e-03
-2.283740692644311121e+00,-1.590980065676482980e+00,2.376355647056935805e-01,4.441955397447519438e+00,4.311457594609774402e-02,1.683369774286842535e-01,-3.573062099220534193e-01,-2.545329553047953830e+00,2.245567141234500408e+00,-3.279758888723724120e+00,3.030338923641217708e+00,2.384282477988633464e-01,-3.129130797264943364e+00,-8.372905659016713908e-01,1.244165345537058265e+00,2.071768465778327961e+00,-1.440980123923271128e+00,-6.333232608785208662e-01,-2.214242394002317038e+00,-3.937908285702153677e+00,1.617424047184272018e+00,3.790883525790837538e+00,-2.270439863899531119e+00,2.621808863076610319e+00,1.297190428471994839e+00,1.473370529688755592e+00,-2.089418957817897216e+00,1.031226308706517214e+00,-1.226035347791854413e+00,1.848146549091346236e+00,5.258166078975659019e+00,-4.410673190740849847e+00,1.391915239848389385e+00,1.620088169927634825e-01,-1.086762821551667813e+00,-3.087147483074433651e+00,3.099269506596660229e+00,6.780487845697813487e-01,-4.061259490506592407e-01,-1.124960103591556848e+00,6.298082037129928423e-01,6.764635628537021272e-01,1.369958528781140217e+00,1.850097080894537616e+00,1.475204084410080885e+00,3.972951810520612970e+00,-2.277542182794839665e+00,-6.725097024397417300e-01,-8.439079956743726907e-01,1.772389825404199648e+00,8.752655013775996196e-01,2.938526954812591185e+00,-3.652067539161162113e+00,-1.062904870571989457e+00,2.211366983974696332e+00,5.432241922166340942e+00,-4.147656074274438609e+00,2.184464278336021081e+00,-3.075156722373315610e+00,-1.706048512320891941e+00,3.115609135093464488e+00,1.097892659879645683e+00,-2.333744041760537624e-01,1.520621984614490607e+00
-4.280211930978895296e+00,-2.655910312635044734e-01,2.514526244888917184e+00,1.336566501943272423e+00,1.082803250209272594e+00,3.031360861190857570e+00,-1.892796617325211095e+00,3.395635863878871952e-01,1.509611825208228009e-01,-3.649436946890313394e+00,-8.833587803839826336e-02,8.725318335035325834e-01,-4.800903465330887521e+00,-6.241828907311967045e-01,-5.561737830022602802e-01,5.939304113997601053e-01,-4.368638251470451372e+00,-2.633917996149407692e+00,5.371668704899597024e-01,-3.755704155070214156e+00,2.385124075587978787e+00,2.369634300401875393e+00,-9.229620683787657098e-01,4.068887489791807255e+00,4.050678187668538044e+00,3.247932558937187686e+00,1.436539181581454105e+00,1.337595352792957604e+00,-1.420225476810305532e+00,2.284066722015355211e+00,1.538782840464885338e+00,-3.300542375553096708e+00,1.438456523507306128e+00,2.682076823656598386e+00,4.904863363149359889e-01,-1.945848271840994848e+00,1.338614753902410470e+00,1.031016070175537536e+00,3.512499827597936886e+00,-7.958412183768042159e-01,1.581270861652528392e+00,-1.256197385720497328e+00,2.658199303196093766e+00,2.659019913251186473e+00,2.870846729989413149e+00,1.298628288100354133e+00,-2.721306066472561014e+00,4.965531832818177449e-01,1.334901818352819403e+00,2.912449090194010104e+00,3.588368969296919619e+00,-5.438543410239304876e-03,-3.536868796235188572e-01,-3.620229098594981654e+00,2.385346820759924213e+00,3.620246532906114645e+00,-3.444687957956054092e+00,2.453389667023704757e+00,-1.284040001138245790e+00,1.035779423623179873e-01,3.043802264711513939e+00,1.550282516377871067e+00,1.453200998769469843e+00,-8.058425714831166653e-01
-4.620795911568778891e+00,-1.189344094720635736e+00,-5.912496470403971749e-02,3.098129693920975036e+00,-7.116949408562225354e-01,4.310686876180893634e+00,9.218638916513597348e-01,-1.650590002709496407e+00,2.034478584373712984e+00,-1.534303718671640171e+00,1.997269244083490491e+00,-1.825869696214225790e+00,-2.588450180634307873e+00,-8.633000675443434080e-01,-1.647899119976369731e+00,-2.300165396946278307e+00,-3.060274158542343859e+00,-1.699295976251613549e-01,-2.012611328899367447e-01,-6.069085418603255011e-01,1.791815990334610476e+00,2.926557190315529855e+00,-2.057407309367840220e-01,4.458646939351846861e-01,2.107493614108590485e+00,9.754485562302668278e-01,1.234670103557037768e+00,2.253707566647525695e+00,-1.609071264714872829e+00,1.369586922532729734e+00,4.414382903962680516e+00,-4.338067432085598085e+00,1.049838206611688252e+00,3.788038436347109794e-01,1.450833606018587130e+00,-2.614935733129177819e+00,1.627794550579762634e+00,-9.207171590152118945e-01,1.875490184961930318e+00,-2.605325702141584099e+00,1.145076484634533598e+00,-7.421480252250578502e-02,1.565256297522283457e+00,2.444242681766993996e+00,2.372236806049592861e+00,3.299852535871937054e+00,-3.490290388266664046e+00,-1.824738030178488346e+00,-2.835751351568290168e+00,1.150669826611505631e-01,3.445803629563384707e+00,2.829031944773470642e+00,-1.241347976592372726e+00,-1.071962336153049700e+00,4.771210675681134106e+00,3.406364380641353051e+00,-2.746333082192596642e+00,4.111940567341441977e+00,-4.862290857362458141e+00,-2.452002064284275029e+00,1.653184849012492963e+00,1.303756368309657354e+00,-2.206065377200194799e+00,-6.103760875540340525e-01
-3.621475332228757615e+00,-9.432690214401223683e-01,1.157189781907022041e-01,3.200524692004319327e+00,1.444069307537554803e+00,2.291581588115997103e+00,-5.448052469009914134e-01,-5.662099503889694851e-02,1.773960230686562056e-01,-5.116773698283536564e-01,2.378696466152660616e+00,-7.886805701360917464e-02,-3.689326431134415163e+00,-2.600385228804007909e+00,9.532515862255677153e-01,2.452702093462747701e+00,-4.755443385915832266e+00,-1.218427255282970023e-01,2.869748828024966336e+00,-9.945025361483426085e-01,2.247485635282245653e+00,2.139175658948331726e+00,-2.673344649508099469e+00,8.760063946690581638e-01,8.427499071983621803e-01,3.996668279872915175e+00,-2.346060554863518277e-01,1.189406713878068178e+00,-4.830008144727468422e-02,1.282040503052411129e+00,3.288792307849952135e+00,-4.966244411498078826e+00,-2.234240338922444113e-01,-9.204956299641060546e-01,5.109622647665477135e-01,-9.747763322371224559e-01,4.195075583388622853e+00,3.986624497678704415e+00,6.785552659824305444e-01,-3.291431430972627581e+00,6.559235840872352785e-01,-9.646828791301712558e-01,9.521978851830815715e-01,1.708241944712799221e+00,1.517559740095760112e+00,3.675816925755416076e+00,-3.745737573079996441e+00,-1.689392739091004181e+00,-1.337078614062214843e-01,2.155909626954217728e+00,5.705725018629821399e-01,2.344933684111162098e+00,-2.245636860849425709e+00,-1.842782508816332099e+00,3.726999703202144687e+00,4.272403052626976283e+00,-2.756154499326095575e+00,3.883855222739263979e+00,-1.609268830398868699e+00,-2.388396216819620221e+00,2.394717865628107845e+00,-3.646444083278701509e-01,1.149854666624390953e+00,-2.943161882738379198e+00
-3.075476144884336627e+00,-1.750281133319219196e-01,5.822125428455109386e-01,3.183788567726577146e+00,1.685680758667983614e+00,4.014582217469141234e+00,-4.807332085348122730e-01,-4.269605106946727791e-01,1.303758793164433660e+00,-3.493249602523158970e+00,4.208092207836244825e+00,3.715897233548470791e-01,-3.720122884431146915e+00,-3.052325598462257705e-01,-2.070562753518953247e+00,-2.223815464818390542e-01,-3.545247612427180339e+00,-9.869871240253927924e-01,2.056654196455759642e+00,-2.944264025119783579e+00,4.075236318685465875e+00,2.625781316846239832e+00,-1.178907907952301048e+00,5.643282623072845894e+00,2.337896897232081717e+00,-5.648103621199118685e-01,2.483073867518961197e+00,5.170429627617599833e-01,-6.569317170778450343e-01,-5.432837885294374836e-01,5.176721660580811957e+00,-1.418127795185800677e+00,3.281190180339933260e+00,3.066933357568458529e+00,3.912612383030135810e+00,-1.425365992378851532e+00,3.209169021840277747e+00,3.089685056916154693e+00,4.854697805358815010e+00,-7.276779355798390636e-01,2.794241825371785559e+00,-9.380361682159221726e-01,-2.530608630530726266e-01,2.989461975312649678e+00,2.584599112298205714e+00,3.918735716191408258e+00,-4.264330400848667324e+00,3.602411545574498719e-01,-1.592376819803952293e+00,1.324509728145391474e+00,3.684308999528924655e+00,4.095278755991994757e+00,-4.541372832213015354e-01,-3.071752771703073925e+00,5.016263985649709767e+00,3.463193495895332763e+00,-4.832862861457008385e+00,5.598508410355700349e+00,-1.768501308498503732e+00,-3.866942618533326659e+00,2.336434743227281619e+00,6.366736573529718779e-02,-4.259989996215114427e-01,9.519117580673974732e-01
-1.653309702703131379e+00,-2.056862156936321018e-01,9.463775028647644083e-01,3.235953185930378062e+00,-2.750803320573983246e+00,1.988820398657554556e+00,3.317449267975643323e+00,8.618411916084713909e-01,4.445565994743212457e-01,-9.933429981517472029e-01,2.816310394105041581e+00,3.590211625750312496e-01,-7.555843261468950800e-01,-3.290307727079040401e-01,-1.777784239231327890e+00,1.865221577406898090e-01,-2.490204865418798263e+00,3.026057318555319675e-01,1.135608337055304506e+00,-3.345671237829697997e+00,6.512107690108781544e-01,3.447771061260792802e+00,-1.324881993284958481e+00,4.197523375179081029e+00,1.673066086311552736e+00,2.134155060719455044e+00,-1.450489670019984079e+00,2.478835884187551741e+00,-3.748123483491289099e-01,-7.051487366286335323e-01,3.524031828933520849e+00,-1.296824959922476594e+00,2.479707017889505316e+00,1.421734089613794216e+00,-8.212714564946346218e-01,-1.464777258882823396e+00,3.154309153493596529e+00,1.548451419016046771e+00,2.441135296827893875e+00,-3.026825099063478852e+00,9.026933542984126868e-01,-4.145757149332490066e+00,-3.989097883954761947e-01,3.215827092467745896e+00,-1.039547096467610121e-01,3.492235303026856030e+00,-2.264051786245187436e+00,7.930361032958301859e-01,6.073559919017568198e-02,3.722895605885859105e+00,-2.280815661853359266e-01,1.258236548425838652e+00,1.143972401794465465e+00,-1.737188120005750402e+00,3.108312553062916983e+00,5.527545503124533965e+00,-3.419652585147924917e+00,3.502339945078788208e+00,-2.979109354518997499e+00,-2.006016590450472314e+00,1.635825741462486826e+00,4.186243044302804250e+00,-4.474270473559522898e-01,-7.069340497557712322e-01
-3.320241505850668240e+00,4.902571011601457585e-01,1.851559010814768369e+00,3.921521229418223342e+00,5.002327982640286663e-01,2.879428761251859648e+00,-1.359104622852406186e+00,-2.871098605836488460e-01,9.966406941226110261e-01,-2.779551642564343616e+00,3.770483046760027435e+00,-5.322550634532923208e-01,-2.784007475480774207e+00,-6.560495545715714361e-01,-1.349644968070441431e-01,1.432934915630413419e+00,-2.271426212316014492e+00,-1.027260076716312476e+00,1.587890437031594049e+00,-1.754515391787967449e+00,2.046571376124896702e+00,3.028218529609603138e+00,3.807769409508228176e-01,5.144579236771336994e+00,3.288924103804499843e+00,1.586833759303654778e+00,3.968996816478134182e-01,1.372414158186373800e+00,1.722128640643233455e+00,1.304812958855446237e+00,2.117751093729016265e+00,-3.371458299435439621e+00,6.323508651097261568e-01,-1.256723296564482562e-01,-3.932897090013304231e-01,-1.163818743380609089e+00,4.478240004062402413e+00,5.545133911618010947e-01,2.668661163902597444e+00,-3.654778649391572820e+00,2.692649064817850046e+00,-2.454701835680911159e+00,1.962127001452295350e+00,3.420481120784932827e-01,2.138443377615522945e+00,2.367514889143969015e+00,-3.248417060795899758e+00,1.467087558079248177e+00,-4.775084811731074907e+00,2.361217598356272429e+00,2.758848366556682752e+00,1.788117684001558461e+00,-2.477103872237611082e+00,-1.041367825505636224e+00,3.746602042806086885e+00,2.244624493616372618e+00,-5.508532764093980738e+00,1.304771286458889623e+00,-2.583158827450461548e+00,-1.431608637888902358e+00,6.810165098609026746e-01,-4.023019265064780026e-01,1.494301222320637557e+00,1.268302529867343820e+00
-4.716449247044378623e+00,5.210442722217858424e-01,4.180197304901944300e+00,1.899699159200096243e+00,-8.043985131515198894e-01,4.138957979402085208e+00,-3.090574708615564381e-01,7.377685002205092157e-02,1.961691021233453514e+00,-3.795249590513789073e+00,2.588850452862933249e+00,-1.799850187069744978e+00,-3.938127828695282329e+00,4.394491198549743682e-01,-9.109753799393811580e-01,1.731810024334631937e+00,-2.939621843344353280e+00,5.922834765092435116e-01,-1.414032623592749394e+00,-4.924661076706068563e+00,2.549425955680229006e+00,3.437854592151251776e+00,1.365808558001175843e+00,2.903353983129812743e+00,3.309375025886396315e+00,1.477376836545928551e+00,8.477749322899541529e-02,1.183444843422564619e+00,7.814648300582405227e-01,-3.105739737803281386e+00,4.044846451800878206e+00,-4.972267152842597682e+00,1.703001509022253002e+00,1.245023607755320061e-01,1.724598788421942697e-01,-3.549318672841197397e+00,2.698006325795066385e+00,-8.388537636888502291e-01,9.816133190001929965e-01,-1.867458294474198421e+00,3.197046605078172732e+00,-2.296037395698546923e+00,6.928062764211877500e-01,2.486601406888931720e+00,3.793769262158388944e+00,2.182404533296860905e+00,-1.260289213626520688e+00,-8.401007960319515355e-01,-3.495066685634129922e+00,1.008255138098715253e+00,3.938534853651666889e+00,-4.075078906947879887e-01,-2.037391948797071972e+00,-8.670128790410380759e-02,3.368997110779813120e+00,3.201320864086929063e+00,-2.515142895681599544e+00,5.246106275476270397e+00,-1.931172496883416301e+00,-9.942152985556204081e-01,4.226696807403632405e+00,4.369385422713780720e-01,2.306150281478227537e+00,-1.109763851481130326e+00
-4.607354929848671787e+00,-1.125433770602083605e+00,1.201956098116639060e+00,4.104048898493108943e+00,1.376571179951378454e+00,3.177926094228211262e+00,8.893323232785232957e-01,-2.170093629002050051e+00,1.384604862050129670e+00,-1.396953174969139955e+00,2.077323448775992620e+00,2.262108084642854955e+00,-3.586332119738037782e+00,-2.812940681696656675e+00,-2.678596428473168922e-01,1.556630954668917655e+00,-2.339884577911004904e+00,-1.795708501520949518e+00,1.794642117789616131e+00,-3.145668080591207172e+00,2.861310213596782059e+00,3.105416940222444300e+00,1.567998587005437816e+00,3.360034991807723692e+00,2.357950919241377008e+00,2.272483480781505971e+00,-2.351082166169542909e+00,-1.011729679731744547e+00,-4.849772336572919507e-01,6.536908041279272386e-01,1.059168357351036871e+00,-6.152280654822005701e+00,8.981645207636712591e-01,-4.547543249611631921e-01,2.162394483848158355e+00,-2.210218581485836609e+00,1.649462597383530404e+00,3.145770716078583717e+00,3.750896079863626831e+00,6.189151894765914097e-01,4.803189621584960989e+00,-1.736905593398743619e+00,1.755362128799401678e+00,1.339116164906101858e+00,-1.714857663325968229e-01,5.092483160148830734e+00,-1.554495796604492552e+00,7.841323342820011311e-02,-1.305638496892580491e-03,3.683970982017637841e+00,4.284439597617806683e+00,2.397554597770607643e+00,-1.861679135510648342e+00,-2.250943552012408144e+00,4.631289325699865955e+00,4.221731185786168794e+00,-1.503374155822120750e+00,2.987380086511403743e+00,-2.104126506930612539e+00,-2.584921114928549812e+00,3.317510917326996545e+00,2.376481328662028325e+00,6.681497798749574946e-01,1.646698653640295884e+00
-4.557580271909596803e+00,-3.180514345066282056e-01,2.600612758273202374e+00,1.461771562488781928e+00,1.082248506932962151e+00,4.433064596656348222e+00,1.046755158583735079e-01,-2.428860986377967546e-02,2.590864017235434247e+00,-1.823502594379842856e+00,4.220419711011652808e+00,-3.038036469778731430e+00,-4.284790214514517359e+00,-8.609605332451963911e-02,-5.426942266531038506e-01,2.691863998836064864e-01,-2.301378928070493490e+00,-8.846028990101737488e-01,2.861023139419133887e+00,-6.635258891910067458e-01,4.003548374372620344e+00,3.004910012056668300e+00,6.666414311044397412e-01,8.727589793177488176e-01,1.345117100052869885e+00,3.097076300523633474e-01,-9.840196372384257817e-03,1.111807158358541825e+00,-2.220431143416829567e+00,2.607584771491396669e+00,2.688086754998154415e+00,-2.334560457142386802e+00,4.429617163730626750e+00,-4.446285330976023076e-01,5.353733913167975089e-01,-2.620987715440364241e+00,1.425979901388785498e+00,1.766059759943404472e+00,1.522427548866401859e+00,1.220037949330061711e-01,2.767490042668162786e+00,-1.697636347305044868e+00,1.532354196344067443e+00,2.032672313727950986e+00,1.608891291680593527e+00,1.808766212569387299e+00,-1.999119428610657057e+00,-2.037873965905061535e+00,-3.063998839390067896e+00,3.124916815722324159e+00,6.241319664330070793e+00,1.533947731094996270e+00,-2.420010923468597586e+00,-2.315604336260554952e+00,1.261537695644165735e+00,3.754553706186581241e+00,-3.300137305018126188e+00,3.127035595564228387e+00,-3.809006542139448115e-02,-1.253603083567176757e+00,2.279665552847090826e+00,1.731723969632119609e-01,1.146795999529336418e+00,1.015209959167094000e+00
-2.486904464091782785e+00,4.798044607331310996e-01,6.889180683334101829e-01,2.134220972509457859e+00,-9.411254270564206603e-01,3.798090327408630618e+00,7.035300553752874553e-01,-3.810297615017628203e-01,8.416134599161704255e-01,-3.120547705151153650e+00,7.197524806027764122e-01,5.492385465944212841e-01,-4.558199627626263961e+00,-5.884864087121491893e-01,-9.104406485728874232e-01,6.449364303825620981e-01,-3.606298242575947555e+00,-3.700934042572820992e+00,2.034172863096843642e+00,-9.370019926141210931e-01,5.943280727481603520e+00,2.433458190805705801e+00,-1.281486783364854221e+00,5.480151583173165974e+00,-1.371327010204188568e-01,4.794989006854885716e+00,-7.588798467177164664e-01,1.766185693672681634e+00,-1.369746118711995253e-02,1.986458892558928380e+00,2.151091403439185701e+00,-2.922571302114913117e+00,2.130399764566424992e+00,-1.392276056183357813e+00,3.991609210773063854e-01,-1.196864852744551344e+00,4.621122291472646637e+00,1.593109531251982514e+00,1.852543178486806053e+00,-1.972835310198550962e+00,2.441328575554797098e+00,-2.324071259122907573e+00,2.417617780307400821e+00,-8.933509171360420886e-01,6.087440822871087454e-01,4.741178542623163850e+00,-2.329085010479465367e+00,1.320880223409584442e+00,4.215133868307652243e-02,3.483290347898469363e+00,4.268933181016612011e+00,1.409005014453682092e+00,-1.722567125513241537e+00,-1.711353651971373901e+00,1.387872862015517184e+00,2.266460483954171323e-01,-5.308073528845067557e+00,2.118270184828231262e+00,-3.561154216879573120e+00,-1.776008982886118526e+00,1.177087278926885583e+00,1.091210086000541368e-01,2.569579626903877756e+00,-5.258893212109450044e-01
-3.820649828382071345e+00,-7.965409571054111737e-01,2.729815325017826311e+00,1.384735253486001572e+00,7.368547888067039642e-01,1.232839330797510291e+00,5.800747120926020850e-01,-1.375080268279897711e+00,2.121148258870876102e+00,-3.600273738233753740e+00,4.228495364545610258e+00,1.562832391030374080e+00,-4.860522730540939307e-02,1.015952404398648534e+00,1.944352004892943020e-01,1.370056100875265415e+00,-3.030272506858119996e+00,-2.439611095630532578e+00,-2.448295097343121007e+00,-3.294061863920916267e+00,-1.214007698640440225e-02,3.316135411739704164e+00,-5.673067810109752029e-01,3.663428937300992949e+00,2.122488616139518669e+00,2.674420464214104953e+00,-6.437721269292528969e-01,9.653778821775489405e-01,1.668626484707048441e+00,7.560366660922953619e-01,4.516737563262696042e-02,-5.029914186164390344e+00,1.258454982912183828e+00,1.516738995628477360e+00,1.073211012724564206e+00,-2.961842673703313000e+00,6.167024109718326486e-01,1.684037218725421114e+00,1.818689877872334826e+00,-3.387742668266449098e+00,3.447079925272466649e+00,-3.640466672925066760e-01,3.212937033975538093e-02,5.975989315793179824e-01,1.860575806429231038e+00,1.661984528870790179e-01,-3.764565594730887810e+00,-7.768626031730887505e-01,-2.634101685927966230e+00,1.679828418675115342e+00,3.144090485076742603e+00,6.129788829864254440e-01,-1.019194281821481640e+00,1.177300916632125993e+00,4.768866857490876576e-01,4.659545817965605963e+00,-4.412746110042178316e+00,3.170065317911356928e-01,-2.675345776556562249e+00,-2.546475895957188929e+00,7.746886571329092419e-01,1.225745562997325955e+00,-1.197507372123603142e+00,-1.128830456056779452e+00
-1.729804040550317890e+00,-1.191202921478839549e+00,9.635640495965568375e-01,7.514203982240941215e-01,-6.737835589124647750e-01,3.235789099298449045e+00,-3.219382033218081141e-01,-1.793910709381411617e-01,2.053886089910794244e+00,-2.089683412459652612e+00,8.634214611192219113e-01,8.661392204557544217e-02,-1.550577851440270161e+00,-1.000970606413316144e-01,-4.962720436641809840e-01,1.890530875448967141e+00,-3.450349075387343145e+00,-1.105349993044268286e+00,2.382847214057952634e+00,-2.973177927539340182e+00,9.344977877250852938e-01,4.178515761436133680e+00,-2.875519664832324018e+00,5.063175070410892431e+00,1.595083471680199594e+00,3.517431495368744443e+00,-4.758130594104037492e-01,-9.089034323447791053e-01,1.767925221061792396e+00,1.184072020025300986e+00,1.342250873717116599e+00,-2.932521376150030168e+00,3.333308022197806197e-01,1.319931836232470124e+00,-1.291168504290083341e+00,-3.507289663947382508e+00,2.950026357826982082e+00,1.578617443315484481e+00,1.547390358066645266e+00,-3.871666842148347776e+00,1.418793237081845682e+00,-2.283319460394372058e+00,1.466133660364424607e+00,1.213478304214818948e+00,3.387144833304932767e+00,1.982046569596534802e+00,-2.139086626841596228e+00,-5.541595408646220466e-01,-4.344670069475022878e+00,3.152317088373007614e+00,4.131174518479316937e+00,3.171983595032761727e+00,-5.412214249094621010e+00,-3.276473051619475996e+00,4.743365451272135047e+00,3.215289554384826332e+00,-2.281974521423944857e+00,4.260288660857382226e+00,-1.273756578215485158e+00,-1.068215137884597876e+00,2.860025522659642938e+00,1.814869538048313746e+00,-7.115513613382472569e-01,1.204756400065773780e+00
-1.172921961510092759e+00,-1.809045346110383701e+00,-1.021179824197937958e+00,4.919179888869373851e-01,2.253756732745045288e-01,2.628599136832925787e+00,1.990737753023053225e+00,-7.334506411123380420e-01,2.060821378752924815e+00,-2.445199264927531591e+00,1.291921092314987751e+00,-2.179904870289821051e-01,-3.407227139909982050e+00,-7.819844532248572122e-01,-1.267010572060377704e+00,6.724081946754201233e-01,-2.231864654153704830e+00,-7.336559561684992126e-01,-1.161791997578735636e+00,-2.085307619163160098e+00,3.285871257561324921e+00,1.603875471994040014e+00,-1.556525273054789604e+00,1.256208610239903489e+00,2.629700354317980882e-01,1.543409006252633997e+00,1.868919260482639344e-01,-8.042184716202778194e-01,-7.296850631144260468e-01,-1.458226432197414546e+00,1.721042862879648139e+00,-3.129894389223390583e+00,2.995654235944559929e+00,5.879632002203862839e-01,1.192992572156608144e-01,-2.531377688722747266e+00,3.849093854872303044e+00,1.843250443817839646e+00,1.618902797643246849e+00,-1.798818844813918183e+00,2.336948934435902459e+00,-3.438930440473362271e+00,7.583120213262748432e-01,2.394706320742429728e+00,1.647363065325877063e+00,1.886515070794117399e+00,-4.074820768559699324e+00,8.579353571548586910e-01,-2.802083691850210112e+00,1.584226629850829626e+00,3.854872064433435330e+00,1.307170845363242906e+00,-2.189025390318462438e+00,-3.723714384515843356e+00,3.362731495300784079e+00,5.881575774073946050e+00,-1.698269356953672871e+00,5.075856209854149981e+00,-2.878296325175418779e+00,-9.025219846295972070e-01,3.224384425583046276e+00,-3.874651691482713378e-01,7.935275187717572010e-01,1.355357125400377671e-01
-2.070759924346941006e+00,-6.009737451402413777e-01,1.008166789845644118e+00,2.195148621704083869e+00,1.360169589658694722e+00,2.692306861931988760e+00,-7.118797843021675842e-01,-2.581148446198406443e+00,8.627901089385330291e-01,-1.990838625584224308e+00,1.969604388482002477e+00,3.623235233841296532e-01,-1.565126139381612491e+00,-2.103637038319385866e+00,-1.432457752161809816e-01,-2.098324921305532165e-01,-4.047992530285328350e+00,1.130026166349678451e+00,2.081825521896891296e+00,-2.380562034714195807e+00,-4.518377469622536502e-01,4.372918462807182216e+00,-1.415797685164746689e+00,4.051883757972682076e+00,2.063735845701380800e+00,2.535549481409457240e+00,3.472701111935120877e-01,-4.296808415745956289e-02,1.751149476207139344e+00,1.856495710331707016e+00,1.704781721739684563e+00,-4.313446349117249667e+00,1.372456090969229159e+00,3.317027845261587560e-01,3.658759031511232163e+00,9.042243686814912529e-01,3.610047249709244621e+00,1.295138069792904467e+00,4.250231303883431622e+00,-4.576061062205110108e-01,1.910024003741991772e+00,-1.838361702914859341e+00,3.011130329917646176e+00,4.418597550214693470e+00,2.170858813523457886e+00,2.218397967046882524e+00,-2.403489701901868614e+00,-1.432759065612550176e+00,-2.824571806280103736e+00,7.622324207012425301e-01,1.797172088898214115e+00,4.700914086393812585e-01,-1.766613043462838206e+00,-1.435172857434841909e+00,3.421776193985241576e+00,4.070710298906562663e+00,-4.529148865947751901e+00,5.345211894804570818e+00,-4.755562137401836864e+00,-2.687247530973810861e+00,2.614705098279716644e+00,-3.200552791128841168e-01,-1.761215752422795822e+00,1.433747346816806267e+00
-1.485945882331933365e+00,-1.020864870811956315e+00,3.678209344542235470e+00,1.178171197055718711e+00,-1.865063178400055754e+00,3.370208820948694672e+00,1.894760662696711950e+00,-2.685313017598778718e+00,-2.765263352087328208e-01,-2.230711480601565988e+00,2.259679470516616551e+00,-5.595226679474214482e-01,-3.099640759396010026e+00,-4.608939119827322739e-01,2.786070120191134203e-01,3.583572082894640465e-01,-8.182493456062402970e-01,-1.535478538822154571e+00,-1.781718561298962777e-01,-5.569197322853417731e+00,4.258954098498865193e+00,3.854267357813297323e+00,-1.086926590244783331e+00,3.033317747260336095e+00,-4.694278509590543713e-01,2.442961924879685220e-01,1.409854149835059189e+00,2.405863643281942466e+00,9.834317967937566962e-01,-9.026474967563429264e-01,2.073924875602608076e+00,-3.078215475295071002e+00,1.810728246305697287e+00,3.570919861503167869e+00,5.088413454352332943e-01,3.905409021671142344e-01,2.988480224780035499e+00,3.329368009173589105e+00,6.133388433393974992e+00,-3.107662388173338730e+00,1.620387583463008374e+00,-2.055203489823775875e+00,1.901262626372968390e+00,9.548591274394433448e-01,2.521961948529467534e-01,1.551357086273728481e+00,-1.757625032862893732e+00,-1.496027297190818672e-01,-8.890747971224974844e-01,1.926654989507520455e+00,3.491134552369479671e+00,-4.316671074698552601e-02,6.901652798711332970e-02,-3.785087924314392005e+00,2.708575624615859656e+00,5.722397893762384058e+00,-1.809029488922382356e+00,3.634908102431096300e+00,-4.779857219163341497e-01,-4.484299731541113054e+00,3.395719367508775566e+00,-1.372580083351549796e+00,-2.695138868439954094e-01,9.313127024668899079e-01
-2.554360943929697036e+00,-2.324837471420432955e+00,3.427707327638016110e+00,2.318459018407216465e+00,-1.254597160407901812e+00,2.999380019762838856e+00,-5.585829303065822371e-01,-4.606220463671152898e-01,1.549374918065667739e+00,-3.633677651472302372e+00,2.317349996928816047e+00,1.851523929369348620e-01,-2.271587275655309934e+00,-3.501935829297285196e-01,-2.923234973933520386e+00,2.311724057213295325e+00,-1.889306883137194859e+00,-1.723214427256132719e+00,5.454153561458616739e-01,-3.888831679666827412e+00,4.259615444801941209e+00,4.353572982191419527e+00,-1.007321600403143336e+00,3.162459566603834649e+00,1.231342264359617467e+00,3.069476325190663601e+00,1.214606871788253883e+00,-4.791670205153897300e-01,-6.820105607830604377e-01,4.165914426562578599e-01,1.614315219387660871e+00,-2.851617317366263116e+00,9.370556176954534244e-01,3.557898875936871264e+00,8.683567430828185163e-01,-1.291485588749809121e+00,2.846258654223937867e+00,1.760598968860476621e+00,3.754457899459048065e+00,-3.795343918132167538e+00,1.604191423467350441e+00,-3.353492288805012933e+00,2.782812755650144076e+00,2.893296205991751080e+00,1.279744957866868926e+00,2.891507382826682182e+00,-2.834887311349768790e+00,-6.304069347239452670e-01,-2.563153651228631258e+00,4.793683890027471861e+00,2.680484883443766009e+00,1.767603476231028425e+00,-2.947335522507175121e+00,-1.583008381362204897e+00,2.573935597815203646e+00,2.220735460745567380e+00,-1.886650850893460740e+00,4.171421568027803950e+00,-2.080790982919372922e+00,-2.256161922676330089e+00,1.260209469997755738e+00,-2.937417890560530154e+00,-1.340413418746644325e-01,-1.358218033847730988e+00
-3.735494714481387035e+00,-1.852945362335378654e+00,2.220667281032939755e+00,2.391331390222366515e-01,1.676459893041698512e+00,3.415976250373535361e+00,4.711541798981622176e-01,-5.266153087700088387e-01,2.055568786910698442e+00,-4.115655185783584358e+00,3.796389700961560365e+00,-1.788864907503374235e+00,-5.095695748044116513e+00,-1.592706413901393336e+00,-2.419417079726962960e+00,1.128356811270108562e+00,-5.268200613839638002e+00,-1.681717163261312376e+00,2.827121199234927218e+00,-2.038885284761676076e+00,2.605719333933902426e-01,1.438331544705096388e+00,-1.602766806207863493e+00,-7.444792222885276978e-01,1.961679438071278980e+00,3.503492578146619962e+00,-1.503219793582746266e+00,-1.315457324973339226e-01,8.662107653254538242e-01,-7.738883692078413201e-01,1.848506644693949763e+00,-4.590876081105887963e+00,-5.001758504869446842e-01,2.306001433397779632e+00,1.106800053792811322e+00,-2.555287028262144489e+00,2.792854802868209418e+00,-7.934897871164485750e-01,4.669636973460814744e+00,-1.405199093917940178e+00,3.339032106506123476e+00,-2.799243762612814823e+00,2.842763435348571566e+00,2.947662908937228377e+00,-3.344526815419730514e-01,1.775475353201635187e+00,-4.488782502988073908e+00,1.098847427557065881e+00,7.016463427472687808e-01,2.863542469095397891e+00,4.683878364315438247e+00,2.638046656410341306e+00,-1.046379852995325876e+00,-3.615646459036775617e+00,6.120244364015692717e+00,2.437408074151695025e+00,-3.188332079976348599e+00,2.649065236088558262e+00,-4.458949891919749220e+00,-1.225742217956378166e-01,-2.816963053977912246e-01,1.229962878941809334e-01,9.957147999381924519e-01,-2.010161406387905636e+00
-1.728886787473581155e+00,1.579017383752749026e+00,6.707386645478168319e-01,4.093620462406232896e+00,-1.197866678930938455e+00,4.020159421106449749e+00,4.080406498884129318e-01,-5.463940766782201530e-01,1.517732595745009405e-01,-1.662225358915002671e+00,5.341131929888933705e-01,-7.547116747046800356e-01,-2.737430956278740890e+00,-1.423337316391057872e+00,-1.667646724673769842e+00,5.816609698748069768e-01,-1.581125123082349981e+00,-4.205724974860528320e+00,-1.537031099814921697e+00,-2.814294891147279820e-01,3.222574993387827380e+00,2.845064443298893408e+00,-3.072909268342576716e+00,2.450241858597710376e+00,-2.167652594033594671e+00,1.070553672449056526e+00,8.601582044339465272e-01,1.783948873380935218e+00,2.630912030521502798e-01,2.955671208238486725e-01,3.006043546044487869e+00,-2.051059385243059197e-02,1.829561052178627412e+00,2.786661478039803796e+00,1.190423941677499098e+00,9.913024825853238298e-01,2.983065112269404739e+00,4.205957981694272707e-01,4.084738727328799612e+00,-2.183442852208087981e+00,3.967698397908080654e+00,-9.408449262753544318e-01,3.470336554419437114e+00,1.642182164068485939e+00,3.043815456386878004e+00,2.572088873089479311e+00,-5.254276262311090129e+00,-1.263818343197370186e+00,-3.550723417153284878e+00,4.033066078971289770e+00,4.912505690415508219e+00,1.326864115846973613e+00,-2.146043408081515391e+00,-2.962808949082583077e+00,-8.964595079091841612e-02,3.316657054976709151e+00,-3.607432444243105607e+00,1.365422122317522025e+00,-2.661025228456534997e+00,-8.381214250462992732e-01,3.383532169420847779e+00,-2.298267994498107036e+00,5.070936568099606578e-01,9.043186706584696033e-01
-4.726064188270797217e+00,-7.138305527634878356e-01,1.376936684704115343e-01,2.466148748519547240e+00,-1.221904068250870390e+00,2.862125754484904583e+00,3.803610950631636234e-01,-3.747984787112957905e-01,1.498862812042119241e+00,-6.526129325164577999e-01,3.654278260768388797e+00,1.054265571924609013e+00,-3.740594456777161625e+00,-2.216099137012926268e-01,1.097728483368602959e-01,1.012742950668683140e+00,-3.231773561881850831e+00,-7.395896505157709688e-01,1.654080133738817571e+00,-1.744391461649879904e+00,-6.457575589962512019e-01,3.374067117575343389e+00,-3.351025934859187760e+00,4.538774716680022969e+00,1.717286882597109043e+00,1.786478187670099693e+00,-2.989648564095788164e-01,1.163663470636447927e-01,-1.031565856673358095e+00,-1.136603981315631451e-01,2.674930282733581688e+00,-3.007438620261171813e+00,1.241027478083243984e+00,1.406528695691436903e-01,1.367765885932540115e+00,-2.782065061778758341e+00,4.155736366928693748e+00,-1.236131368815692522e+00,3.313150126349468039e+00,3.540171266915481674e-02,2.845477139311885395e+00,-1.372265652143519921e+00,1.764207282556219614e+00,4.063894718473384238e+00,2.505050440371209941e+00,3.452699891987707215e+00,-4.322777374029714181e+00,-2.796137442463128675e+00,-3.234962928568741791e+00,3.196176417697665695e+00,2.785548700179498738e-01,4.076724197945465811e+00,-2.854120369327803886e-01,-3.728706010716172692e+00,1.978352288883994170e+00,3.739079070355536327e+00,-2.708388177555649978e+00,3.540140341980188676e+00,-5.025442358902728834e+00,7.419062964940323912e-01,2.313170747728467980e+00,5.071735228689265851e-01,2.030751359943285816e-01,1.368780790331735719e+00
-2.986174752634636942e+00,-2.184852166378082661e+00,2.770200424913419113e+00,2.757112871293498468e+00,-4.321302083209430656e-01,3.077506286589463347e+00,-1.444416090813840148e+00,-2.538402474449817703e+00,1.521844002034534737e+00,-8.232497033497283567e-01,2.608963503473840539e+00,8.172190499593883217e-01,-4.423213781198663597e+00,-2.059511534779038477e+00,-3.166212712390314987e-01,8.460811259779925653e-01,-2.871928888172032401e+00,-9.113612465958187414e-01,1.183536587568198462e+00,5.116752838307889739e-01,2.168872127454299026e+00,2.515332208351094057e+00,-4.103771157399019320e-01,4.246685294241049569e+00,2.485251640820713703e-01,1.580445297020391715e+00,-2.634262259251889837e+00,-7.895268172854181810e-01,2.323828102027745146e-01,1.323354707973615874e+00,1.213825945020868602e+00,-4.929207916462411632e+00,2.090537873837322813e+00,1.551843821808145840e+00,2.099685676343653995e+00,-9.116972933476685803e-02,2.913981625554616262e+00,2.752652537226933038e+00,2.400582771845257923e+00,-8.786535977517375695e-01,1.398809284661753694e+00,-9.609793171490078612e-01,6.588916269219733390e-01,3.517166072338841598e+00,2.502357685636519058e+00,3.461649759391097980e+00,-3.995246804866686929e+00,1.055551351600084287e+00,-2.685974329408872485e+00,1.291611485354564604e+00,2.444885080784315878e+00,1.536849158406325744e+00,1.853682994492622527e-03,-7.390406311514898796e-01,3.115063477783397872e+00,1.725305434922973280e+00,-1.342279791163456082e+00,3.308798902721447277e+00,-2.988806797965512185e+00,-6.664139613397184192e-01,3.991493919597524531e+00,1.938483154884730331e-01,6.484835124911570992e-01,1.942471283219096290e-01
-1.913494740786414461e+00,-1.046133719585257138e+00,1.498152273163924741e+00,2.758828696657035895e+00,1.213439610514286393e+00,2.983646120534580337e+00,1.180232236062850326e+00,-1.721826891334314213e+00,2.749890896117587857e+00,-1.332003413343494369e+00,3.668054316155092476e+00,-1.923234063495025792e+00,-2.335265373699050073e+00,-8.382944696713361399e-01,-1.762182984469172764e+00,2.642271024085586228e-01,-3.399654711755870196e+00,7.617434170159529394e-01,9.722216384583028947e-01,-3.283274638577973636e+00,4.306963853505550333e+00,1.289487579079374058e+00,-5.633483740083822244e-01,3.121819189907489189e+00,2.890579710588032647e+00,2.219089509907359759e+00,1.992654254300462724e-01,-1.543654812046606040e+00,-1.780752072723722712e+00,1.065613101268962470e+00,-1.315777759232741762e+00,-4.746577094662280949e+00,2.469904457950533150e+00,3.060798577049717917e+00,1.174061749377814046e+00,-1.150267405315801739e+00,4.236447510462333810e+00,3.414777334878236204e-01,9.618067031417862900e-01,-1.940810465305434107e+00,1.333696552526375534e+00,-3.225474032928186574e+00,2.120641420065582761e+00,1.493196115156635750e+00,-9.246124511654674194e-02,2.713141610385046754e+00,-1.933855791963623671e+00,-9.651769212612026916e-01,-1.805267026281666132e+00,1.444702163080789692e+00,3.270111543181945635e+00,2.486481178488286758e-01,-1.081114690017814572e+00,-4.654229621060180122e+00,4.245467768726131297e+00,4.122942797369820944e+00,-1.633069252436923247e+00,3.088246128755268050e+00,-2.742799405776517041e-01,-1.141275757506944322e+00,2.748580499036481495e+00,1.018556973099546958e+00,-1.978688262904249928e+00,2.501633459783513813e-01
-3.512149890319272494e+00,2.147114191089646518e+00,2.779173406241217670e+00,2.144786719502662642e-01,1.507257435124718992e+00,3.106890744325161879e+00,1.231824998369171809e+00,2.056470486387665941e-01,-2.484686202293810986e-01,-1.079986864500751320e+00,1.622720892388499481e+00,6.411878417565980426e-01,-3.122397556252923145e+00,-2.707435542033469922e+00,6.454447726205403413e-02,-1.357761374688271516e+00,-2.228325680710609547e+00,6.025943076107125318e-01,-1.029374313716224787e+00,-4.013764130219190207e+00,1.775805055607528660e+00,2.063893779125878680e+00,-1.530024579146053831e+00,4.475273001627321001e+00,1.423777832256155618e+00,2.028041612167144958e+00,1.071645288008767460e+00,2.002898431919173383e+00,-1.775563885382887230e+00,1.752240066504828775e-02,2.820920480334529579e+00,-2.272617030109119529e+00,2.107688291310133355e+00,9.027115981175530823e-01,1.127563482281498164e+00,-1.715814640644235833e+00,4.871526802902840458e+00,1.051750432502180921e+00,1.136548257242203874e+00,-9.240777730620304276e-01,3.236520578428851991e+00,-2.107545865051848821e+00,4.216928746648441972e+00,1.794457328327611068e+00,4.924985607151457501e-01,6.712049497948999743e-01,-2.158977934252679809e+00,-1.564186090533635776e+00,-2.111469797634177858e+00,1.244276635083257920e+00,3.324520478091379516e+00,1.011426425842497867e+00,-3.550906194632621471e+00,-3.658123380119233659e+00,3.625062118286128676e+00,4.406670623567849887e+00,-3.669960458524343494e+00,1.512988421868806332e+00,-2.945902276614530635e+00,-5.059120545235742394e-01,2.238564990732041959e+00,2.334831075478852380e+00,7.886340703559211462e-01,-5.149438986995492629e-01
-3.123220028150517358e+00,-2.290647164133764679e+00,8.718179341963742113e-01,2.969902034320988093e+00,2.092415614597260998e+00,3.242343586973617242e+00,-1.601258830513196951e+00,6.501474153083199869e-01,2.910825106622069391e+00,-2.191274676184170378e+00,4.336655787646603422e+00,-1.883801888201253716e+00,2.594557188102575296e-01,-1.873281813155056374e+00,6.919171424668839609e-01,7.514536778094661473e-01,-5.003600975038509979e+00,-1.426935972728873070e+00,1.409730539905460489e+00,-6.933291761725177693e+00,1.499624664214961101e+00,2.515792579100658788e+00,-1.239816562021535562e+00,3.130483745769175208e+00,2.119687761541384052e+00,9.993043504292595802e-01,1.411643750487990179e+00,2.794385504006728471e+00,-2.203301463369836399e-01,2.972586131385779318e+00,2.084784221284708305e+00,-6.022993349089733606e+00,-2.919550333572404899e-01,-4.741131362393258275e-02,2.749127980024695939e-02,-2.597200235450732642e+00,3.352596899988199652e+00,8.264778799417481503e-01,5.323073812192353316e+00,-7.252038733970482820e-01,1.550995207201191217e+00,-3.118484647163619172e+00,3.159834202670656289e+00,1.095696226606624579e+00,4.358038041948439911e-01,4.184223107563701305e+00,-2.562281322987783660e+00,2.573985598672992037e-01,-8.433817827738319117e-01,2.713247196986158016e+00,4.712647762548517250e+00,2.380039002795167669e+00,-1.217144839596846939e+00,-2.871867120164008025e+00,2.028908331538519683e+00,5.728606778386563292e+00,-5.163474598598743803e+00,3.911022564976163629e+00,-6.156205545419575209e-01,-1.443228693243471472e+00,4.144250568623345288e+00,1.933855316770811905e+00,5.587063622100105764e-01,-2.009660561003139279e+00
-4.354476634158762849e+00,-3.868478477625439949e-01,1.439762816558919134e+00,2.059675156383309336e+00,-1.381306068579055912e+00,3.660512689380993834e+00,1.802326013253934045e+00,-1.047867379549934697e+00,1.360579252802454508e+00,-2.547759523927844771e+00,2.328744515210085186e+00,4.733563852953942552e-02,-2.912834732012308692e+00,-1.413531332844824018e-01,8.851534059283872047e-02,-1.408945197388073112e+00,5.327267542204561224e-02,-1.564871834893002411e+00,4.898912372959224326e-02,-3.618928488595327675e+00,3.636820352675004475e+00,3.169431262204871924e+00,-2.007949776394167607e+00,1.212490686755351987e+00,3.006628806057808134e+00,7.622767495417046568e-01,-1.503114083226930742e+00,-1.825435014051564053e-01,-2.041367394536346414e-01,3.273541691617892546e+00,2.488708973599427221e+00,-7.121662662172862035e+00,1.502696276727190750e+00,1.682090476575609728e+00,2.166102284257428678e+00,3.328259995478015210e+00,2.392566511691732511e+00,2.355137614644439825e+00,1.323781597407193367e+00,-5.874419372050754262e-01,2.336836725963133077e+00,3.420357659570261166e-01,-9.131255435158061040e-01,4.247750635993803314e+00,-5.343760949087512646e-01,3.111521282955492573e+00,-2.126489883478094534e+00,-1.515197593824069600e+00,-7.531204770271007209e-01,1.619415929080471717e+00,3.861642280535576344e+00,2.711600483095003788e+00,-1.764155792704827919e+00,-1.967740983981527636e+00,2.612680325869715325e+00,2.413915497471239568e+00,-3.647816736421744199e+00,2.916027912462674454e+00,-3.536359629542433325e+00,-1.099668427025385586e+00,2.222550851190502996e+00,2.175044889421811067e-01,5.253978188739436561e-01,-1.096219637482917175e+00
-2.862247315041469786e+00,-1.816100864769873091e+00,1.862504418649014060e+00,1.550514351455480666e+00,-8.175441795966142955e-01,3.803866930145061609e+00,2.150607832785137674e+00,-4.709004838992256747e-01,1.579976408536753141e+00,-7.943395539754105616e-01,3.212747405730645323e+00,-8.021523500837366427e-01,-3.815757541949231335e+00,2.773306539947705485e+00,-1.328809419011848014e+00,1.674668995190165655e+00,-1.710488741685032732e+00,1.527534217133017957e+00,1.867051504872066392e+00,-1.200650437768912893e+00,3.288721865067135486e+00,7.200546140680406104e-01,1.866006928176905610e+00,-1.732617635586088500e+00,2.682164824703304529e+00,1.849029261045668893e+00,-5.309965041219464332e-01,2.672094523920940823e+00,9.748904485456622027e-01,4.165834397138284961e-01,1.682096140991826472e+00,-2.261954176625390556e+00,1.812314340230799514e-01,-2.973398546518564167e-01,2.025984110084964485e+00,-2.970923698389603018e+00,3.364947431179126536e+00,1.570052683690659645e+00,8.237596615870312888e-02,-2.171279215855867140e+00,2.287576783345786957e+00,-2.767709922937394484e+00,3.365410235671564276e+00,1.676164355036264597e+00,1.908942111358555405e+00,1.678575635082260931e+00,-3.590015521767685680e+00,4.646500601769282257e-01,-2.847763032408075823e+00,6.796590281110252985e-01,3.949432758480618588e+00,2.942231603094842551e+00,-1.945663819298743658e+00,-8.789869908012242217e-01,2.889198639314354722e+00,5.758993293562660654e+00,-1.863484398566649825e+00,2.805863632186814893e+00,-3.806896129118547023e+00,9.203526448984093999e-01,1.544321379858550891e-01,7.268362238211190096e-01,2.036459432800419300e-01,1.642338797057682598e+00
-1.792476014403025619e+00,-1.023879808617209619e+00,2.073839060534100387e+00,1.975690204279675566e+00,-1.564427003846515341e+00,1.680371798707227082e+00,2.578124631477039852e+00,-6.851277599776888216e-01,1.925400452886386393e+00,-5.400307030512188078e+00,3.258137881274717707e+00,8.582347815890940534e-01,-3.367199983876214109e+00,-4.146495214459299916e+00,-2.650837306238909896e+00,2.065532882309418117e+00,-7.680487822227286543e-01,-2.480774350463649469e+00,-5.537006317029700142e-01,-3.990213776525453060e+00,1.807334947300949679e+00,2.015017264405747799e+00,-3.568930068510225873e+00,1.063749675762912350e+00,4.139147692310947590e+00,2.112706628238959272e+00,1.747394633444695256e+00,-4.157613160056496948e-01,-1.250137356871569572e-02,1.024252803249106059e-01,1.656853915984011882e+00,-3.967308417770699869e+00,1.689782115257093764e+00,-6.795056702179704811e-01,5.215964746815130448e-01,-1.957424561780289451e+00,1.808562435209020380e+00,2.378652913297136351e+00,4.765431066554437933e+00,-3.377587569011997637e+00,-1.223335057768915046e-01,-1.062257866126050221e+00,1.726333539475735757e+00,1.611801937907412441e+00,1.498897841474964521e+00,3.021230944492702797e+00,-3.129643903276234429e+00,6.333800985048358978e-01,-2.956465857536712871e+00,4.671779197877357959e+00,3.543291982838612242e+00,3.236527583058006030e+00,-2.672073314300973834e+00,-4.316332326242720896e+00,1.488561215363265244e+00,4.910829955050239448e+00,-3.261568011214165175e+00,3.102883279306689168e+00,-3.302961937746839993e+00,-8.750875746961428447e-01,1.623553015529188848e+00,1.476472213787550114e+00,-1.469544295215422514e+00,-5.212202969077260883e-01
-2.089749792943939699e+00,2.844825683911033298e+00,3.631313616773258701e+00,3.201150526967152743e+00,2.396616164453180264e-02,3.070744120235850971e+00,1.790987847986023951e+00,-3.073398103876717524e+00,2.482465208404581958e+00,-5.978510003688894958e-01,3.717593428590875604e+00,4.446488163134610927e-01,-3.042037152928873667e+00,-4.210605514859769860e-01,2.745355365466108477e+00,1.885172776465633859e+00,-3.337324117322779671e-01,-1.500687487863762604e+00,7.110612996588201451e-01,-3.261281683701105827e+00,3.615695082850594932e+00,1.915518493119045873e+00,-2.382846236147300178e-01,1.908499886878296525e+00,-5.214481862692004199e-01,2.400335755668541182e+00,3.904101949471894262e-01,1.107591640301972102e+00,1.375732706497398983e+00,9.243177192446007107e-01,2.849159511747194617e+00,-1.713937008630810999e+00,3.397627055552436381e+00,4.824403397580184216e-01,2.453141330027921008e+00,-1.048910304165243002e+00,6.251544842632049459e+00,9.391879671497053161e-01,5.387750670857811564e+00,-1.420336472554143192e+00,1.980486747085663524e+00,-1.102291857489799742e+00,1.346726687043392268e+00,1.974107744604430392e+00,-7.773292390803399066e-01,2.167271829896856516e+00,-1.245369405267524376e+00,1.699953835937365598e-01,-2.188736798370836123e+00,1.467803295471268310e+00,6.705251085633268104e-01,1.769451050286241722e+00,-7.044100400255359773e-02,-3.467183720355170529e+00,3.214052097487874793e+00,2.086661784989622515e+00,-3.176922042435466942e+00,1.834434743048121597e+00,-1.273377634857351781e+00,-2.663640431127778818e+00,3.323696417049855079e+00,9.132557331379895782e-01,-9.565746148267044724e-01,-6.711625414609506679e-02
-5.924521279613562896e+00,-1.633200959843303934e-01,1.536956452535165552e+00,3.130628055692962874e+00,-7.705457917007429991e-01,3.030809928843991141e+00,-1.055052817924120867e-01,-1.651845977086213502e+00,1.895711424997389649e+00,-2.133195769894788985e+00,5.152375933039111899e+00,-4.496949496196899432e+00,-2.544746879498984704e+00,-1.312496583164501018e+00,-1.298644032615976052e+00,2.562912737181609835e+00,-1.853433711895135172e+00,-2.808970764921211227e+00,2.361303787675476329e+00,-5.775252786584642806e+00,1.622514035437030433e+00,3.464971757828857690e+00,-8.994301089690004414e-01,3.496420716652481886e+00,3.719656136235174326e+00,6.604839386647805011e-01,5.275162424667259042e-01,2.847219522500306965e+00,-1.185874425611975536e+00,2.009156443107624312e+00,3.918890393766027991e+00,-4.506674168689896121e+00,7.139435482466034433e-01,1.710676169576601513e+00,1.609825994094375434e-01,-4.665838499913881332e-01,2.176408387580974324e+00,1.167463009130873530e-01,7.130568286667968714e-01,-1.254322722952019742e+00,2.848806685132425187e+00,-9.436388840153753232e-01,-2.611049581608195780e-01,1.376504584425144673e+00,6.441890586659595463e-01,2.514076554232834493e+00,-2.482368265628401627e+00,-1.997066280862786147e+00,-5.114462826637624637e+00,2.125136853971314466e+00,4.058873631821736438e+00,2.069794135693004744e+00,-2.135866854927446212e+00,-3.887162232618183832e+00,2.149519381782190042e+00,2.681811071015644199e+00,-2.967821878452876039e+00,1.568787931324537421e+00,-5.696933775414385615e-01,-7.566310050847073754e-01,2.596373943000659601e+00,1.217221335888488687e+00,-2.866616685073978266e-01,-2.412067600303776094e-01
1.146976748018377901e+00,-1.103536038900535532e-01,1.849918194372611513e+00,5.705533442015642720e+00,3.516737746120618402e-01,3.744761488188043330e+00,-1.372638031651708390e-01,1.704374431685796942e+00,3.989189861309609508e+00,-8.689947864915805731e-01,3.678101450547535123e+00,-7.898126394155179364e-01,1.246805687580723188e+00,-1.920093699954773969e+00,-1.658019708729652208e+00,3.322565200059856672e+00,-2.795562967278248490e+00,-1.177287223016790563e+00,-9.303634552286821346e-02,-2.546999513664133463e+00,4.213647042593462899e+00,7.514904611717092564e-01,-1.080375902808951016e+00,2.149571335712666453e+00,1.598705874467249322e+00,4.538985252749087707e+00,2.575341200497537564e+00,1.405881726559199407e-02,-3.989839706227129579e-01,-2.152776702407123377e+00,4.014084034697446235e+00,-3.237614032718102219e+00,6.767276156272210574e-01,-1.104438445617281772e+00,9.615030317146029404e-01,-1.748667739760024320e+00,1.332558219164090785e+00,4.091881494725912560e+00,2.084231211517137528e+00,-6.547442971196189010e-01,1.538261868567806667e+00,-2.190594266216719710e+00,2.765784400374420304e+00,1.603934442015584771e+00,2.847268624858894093e-01,1.903564270586018292e+00,-1.773712478795908654e+00,-2.578206456184753748e+00,-1.476838252504733218e+00,4.029226445051040884e+00,4.030990562400688759e+00,-6.242655499081672943e-02,-1.445059832192213678e+00,-2.492106955223506226e+00,3.937633524672833563e+00,5.062332952279455789e+00,-5.698118989342419560e+00,2.850609502004747942e+00,8.745967281183273379e-01,-1.821682627301070889e+00,2.663984281871225601e+00,-9.454046233549724398e-01,1.227313383557738918e-01,-1.611276881757682800e+00
-4.546288874742085540e+00,1.858651979532481846e-01,1.473164067530593702e+00,2.972139060071786076e+00,1.621836215962546568e+00,3.380439615911901896e+00,-1.043906848720818736e+00,-2.075328266150437972e+00,-8.583729076370598676e-01,-2.622534239677835277e+00,1.518592572419576348e+00,-1.228001454564196099e-01,-2.312886109495874365e+00,-2.746862556772348696e-01,-2.135294514558920831e+00,2.272448379957087150e-01,-2.605299212361520844e+00,-2.350017758615355223e+00,7.171094041409902253e-01,-3.135384827980706390e+00,2.041410875445712314e+00,5.655703224207082158e+00,3.936250021742693228e-02,2.451155879064378151e+00,-1.764325374270141467e-01,1.885874420908397742e+00,2.013464320859798540e-01,1.933727260263306214e+00,-2.710891546265611574e+00,2.327821720638342806e-01,4.310326464608744246e+00,-2.430213425794707227e+00,2.844729510101934089e+00,2.262923648235326546e+00,-4.797747348156125025e-01,-1.536639801321741272e+00,3.445477712447535978e+00,5.458755522855295306e-01,7.061281620781387769e-01,-1.334271800508313843e+00,1.155773131582172208e+00,-3.763036384688994040e+00,4.023067947039860925e+00,5.130445468025321532e+00,1.712066052845486741e-01,1.720224087520937806e+00,-4.316494219919230879e+00,2.972305998494678025e+00,-2.165001284341977250e+00,2.646859413132383487e+00,4.468067644400967708e+00,5.139252696392297981e-01,5.217325047251235581e-01,-2.323180925309122902e-01,1.425688652270520329e-01,7.673729229750927416e-01,-4.054005795273273094e+00,1.726901609044617203e+00,-2.642816942410922021e+00,-1.786437339871247865e+00,-7.655652097633858233e-01,1.032591721983836308e+00,2.819930609739874916e-02,1.411691973298636826e+00
-2.831762121271820476e+00,-2.172836834791703753e-01,-9.826730730860484542e-01,2.372388222803808233e+00,-7.516192654914142235e-01,3.615635286036236185e+00,4.714417933945798667e-01,-3.342508426013434342e+00,1.548661639473673191e+00,-2.845776007843514588e+00,3.647101467268898389e+00,1.894439121425395722e+00,-3.187125555997371240e+00,1.859205262028071903e-01,6.146014810056730227e-01,1.358673673938603832e+00,-4.562123108433772778e+00,-5.519615180918658881e-01,-2.306192505878711607e+00,-7.817127855039573969e-01,2.063470969962006851e+00,2.830629557211302938e+00,-5.283851862821136169e-01,3.013278755063483416e+00,2.452825564972904271e+00,1.487231586459852872e+00,3.043397872697902518e+00,1.567006013914042262e+00,8.675078984602988541e-01,-1.763238409097929171e+00,6.211624002876277029e-01,-4.369528902752538357e+00,7.043469280971519364e-01,9.508756957539953314e-01,5.104543568644588358e-01,-6.725510611705848296e-01,3.820790038427905433e+00,9.514767341724551519e-01,1.116804657656680577e+00,-4.065971144668258042e+00,3.719548026848274347e+00,-2.509133662533074904e+00,1.647362955040685417e-01,2.375575366007622868e+00,1.253457967226869751e+00,3.987631743060338518e+00,-1.601308188186821413e+00,-3.190936402285695639e+00,-2.292204139025522558e+00,1.681440999654828516e+00,4.650949421189225497e+00,9.748775032678195229e-01,-1.984007319685366255e+00,-2.758699587872267767e+00,3.409958617918022128e+00,1.664091751659862783e+00,-2.656766877862444254e+00,3.450413125565534145e+00,-1.221447257737913850e+00,-9.394244507794151655e-01,7.188082016411159181e-01,7.591106189452271336e-01,4.302042210797031307e-01,-1.035877608490366253e+00
-4.140736181381945435e+00,5.928454068164319413e-01,2.895514437108845485e+00,2.712649468051300694e+00,1.125858095955421190e+00,2.746880360741628557e+00,5.800692616760670939e-01,-1.797285164293295878e+00,-2.555876762906565958e-01,-6.315454160035733899e-01,4.439484850865405008e+00,-1.238046129376058291e+00,-3.482146501958256479e+00,-7.171312256465930401e-01,-5.259947067318793135e-01,-5.170562945127565868e-02,-2.614638991275639590e+00,-4.260649831231569706e+00,2.674583291624159198e+00,-3.904216523016831530e+00,3.221600074475140296e+00,3.223128960095297924e+00,-3.820618588292339357e+00,4.835363686313215226e+00,2.641044058487358459e+00,1.788669428272618322e+00,7.360413353708611384e-01,-1.880967195033000916e-01,-9.768236568635974004e-01,-9.054466071471667377e-01,4.657028506645459753e-01,-4.540500585548883805e+00,-1.049570030704561674e+00,-7.759526152379558894e-01,8.285767744710281768e-02,-6.825868959583478723e-01,4.303352096121315640e+00,4.848648831361744849e-01,3.155647824591045758e+00,-3.641919440020803478e+00,2.390032033434495329e+00,-2.319057550278424529e+00,2.267660507632873301e+00,2.960187466741595053e+00,6.037000356539263812e-01,1.870367996214728601e+00,-2.857448993602849985e+00,4.982573521082105383e-01,-2.811036843912060768e+00,1.602728429750246653e+00,4.308098458653071283e+00,3.501440329890601610e-01,-1.607829309109656934e+00,-4.504392511574627278e+00,3.547490185728511047e+00,2.119228391001128031e+00,-4.204112480618546144e+00,3.465448643087305935e+00,-5.800127960089269230e+00,-2.128433828594904931e+00,-3.752921140766254382e-01,-2.473889896152736689e-02,-1.656803219349484158e+00,8.054190790511056575e-01
-2.292832467088071535e+00,1.467285093189313550e+00,2.076506594156480645e+00,2.408503382970499818e+00,-1.268503864894610311e+00,2.809901747236793756e+00,-1.295460493121673107e+00,2.010662274547149186e-01,1.829043359459102014e+00,1.770434644655380918e+00,3.463436359563467626e+00,2.187653216618480889e-01,-3.797632729326108070e-01,1.165681858506385726e+00,3.776611492627632849e-01,-5.281506717768440495e-01,-1.835428803904293193e+00,-7.030453290102366415e-01,-1.077169306066542598e+00,-1.308957383757771709e+00,1.741873751333688602e+00,2.686790256364059548e+00,-2.814161813126632161e-01,3.260090020003088451e+00,1.541243918712036365e+00,1.843638887955575401e+00,-1.018369556252559205e+00,5.668851189744330554e-01,-4.729553295878935470e-01,1.881678520441951941e+00,2.387381298465008239e+00,-6.473759096519247080e-01,1.741009580769538267e+00,8.677100479313033521e-01,1.973705163986224087e-01,-2.324543191878628789e+00,1.804810980891410122e+00,-4.579306283116530985e-01,2.730170030225098632e+00,-4.762892704121639120e+00,1.703552585628524518e+00,-1.727978250174729169e+00,5.561246555226984079e-02,1.938253270425632557e+00,-2.330316916871410626e+00,2.732227725057544188e+00,-2.597678801211985800e+00,-1.312748280141202262e+00,-1.086911415733017749e+00,7.639746324420029211e-01,7.231596713175429514e+00,2.006281401227875794e+00,-1.183311446196330552e+00,-1.202908310539611891e+00,4.564624896906775753e+00,3.722835549270536948e+00,-3.395623532090784380e+00,3.630842463880031623e+00,-2.968939776293767707e+00,-1.810358238643671402e+00,5.354362645458270453e-01,2.096410991157711567e+00,-7.401621924279864206e-01,4.452466906292856241e-01
3.959944893658122744e-01,-6.974698592272794428e-01,2.435918473628126080e+00,3.184526571593136346e+00,1.996891881542861569e+00,4.034463819027747533e+00,-6.715340191309409068e-01,-4.453648422618816660e-02,2.536620958812141780e+00,-3.032296985586638627e+00,1.008045573313226528e+00,1.351550841107896916e+00,-3.993771007261670114e+00,1.109669161551781746e-01,-1.009852739793232868e+00,-6.248313637265947573e-01,-3.527602563594951945e+00,-2.643236087841413173e+00,1.884108968521931216e+00,-5.219432415174477313e+00,2.934367095433996209e+00,3.768088480619230740e+00,1.987249921843214473e+00,2.419779478088955660e+00,2.243593997647725047e+00,1.862330488025963238e+00,1.480491066060191763e+00,-4.042008196664816921e-01,4.840253868082788902e-01,4.470001452145729859e-01,1.375779266599024275e-01,-2.551141329391755086e+00,-8.946333506828789695e-01,7.363116544150625220e-01,-4.336097467698802888e-01,-1.272169103184113137e+00,2.728112796057069467e+00,-1.881066841647751620e-01,1.184174080933023898e+00,-1.190759695612526148e+00,5.466283628626755764e-02,1.126881855451150605e+00,2.433126125560072239e+00,2.386540505142777935e+00,3.511129045068638099e+00,4.081875911773909849e+00,-4.620317282966978745e+00,6.374995502302527317e-03,-4.478092325688864506e+00,1.633064513004350182e+00,3.759470377129047414e+00,7.723243539165393079e-01,1.694499868121625230e+00,-1.902734045225008552e+00,1.838679383726439465e+00,2.329986527071046698e+00,-1.180663046692985940e+00,1.559896649903400156e+00,-2.485745087541527454e+00,-2.332193180542273758e+00,3.040865955822492417e+00,-5.625788310110098056e-01,-2.501640717294649985e+00,1.943985773492345137e+00
2.070868282520641479e-01,-9.460359874975382555e-01,2.524891164719686554e+00,1.488823390045264095e+00,-1.057364024864465790e+00,1.640988738855932549e+00,-1.047158906915770737e+00,2.401240333865225507e-01,1.785841340068944794e+00,-5.120721090433419942e-01,8.590742401246138638e-01,9.499220707477595838e-01,-1.767854367320888853e+00,-1.098966324320744814e+00,-3.149145995837101975e+00,1.438420030754376411e+00,-5.354500029811165795e+00,-6.229204475643957961e-01,5.470673901894946844e-01,-1.877741445912926688e+00,9.453724670551639786e-01,4.427520915578967653e+00,-8.884410488773566428e-01,3.907738668111726543e+00,2.322493996779955605e+00,2.438395990527347124e+00,-7.258433910333519368e-01,1.044231703886224549e+00,1.274760766318181249e+00,-1.499706080087936488e+00,1.016292403097343477e+00,-8.676249534033484423e-01,2.079119576046707385e-01,3.620779280928266619e+00,7.084391904409623741e-01,-3.105795206373898054e-01,1.652391190986980840e+00,4.720827490151302541e+00,2.615236905771333831e+00,-2.636334787590854489e+00,-5.190058217084749792e-01,-1.495644395091237477e+00,2.171700906372315831e+00,4.652998839074497184e+00,1.842408324382751150e+00,4.905741177174811618e+00,-3.160415203339550949e+00,-2.344282358700668922e+00,-1.619979025536341544e+00,-1.069381631865885751e+00,3.695698190943472738e+00,-1.019539575364718953e+00,-3.516668535365841119e+00,-1.942638953647439326e+00,4.497301612932391279e+00,3.729440889056020225e+00,-2.259272271102734209e+00,2.581893083555963919e+00,-3.248378087913122325e+00,-4.431931541019278775e+00,3.091412038206632573e+00,8.720562751449819627e-01,-1.220209728415982298e+00,8.897419598098226245e-01
-3.745140405912300352e+00,1.133571707442977861e+00,1.853501371759444183e+00,2.421746046687556220e+00,8.247297999831143533e-02,1.804801277175525298e+00,-7.215768801045057135e-01,-7.912829087678047157e-02,3.301682382552236117e+00,-1.096250728279099640e+00,2.916929750406056510e+00,3.462768159525357881e-01,-2.338149100653414081e+00,-2.253110692008662319e+00,-2.086079004666654413e-01,-1.483290980140643534e-01,-3.451637688277735094e+00,-1.857696768202739879e+00,-1.759212163628726344e+00,-3.017490670929948937e+00,4.064413453681199329e-01,2.026033446809888616e+00,-1.686501506358361491e+00,4.679729536033186754e+00,1.813099573236832462e+00,2.301021536438677018e+00,1.159238122627664902e-01,1.095057617950561779e+00,5.186469485898355103e-01,-6.586322944827729398e-01,1.185586166840375322e+00,-2.767481099525390675e+00,2.704378877550326354e-01,2.653455364078910250e+00,1.083177066227528185e+00,1.560469692620793936e+00,2.865546395896024112e+00,5.711244300964497533e-01,1.938481205464827273e+00,-1.741541368925216382e+00,3.666628123804612116e+00,-1.789260124059443235e+00,2.040615345403451020e+00,3.584937599576859313e+00,1.438362069329632620e+00,3.824083842437135505e+00,-4.704167259980125415e-01,-1.508768343742898255e+00,-1.711342295094546273e+00,2.342000340660433277e+00,3.335065549685023445e+00,3.114081378458736449e+00,-3.514449848650229580e-01,-8.595840445205500391e-01,3.960587734996293463e+00,1.891899984357998443e+00,-1.915720930729844618e+00,5.249384539632906410e-01,-3.193096386165486855e+00,-1.991683525839586189e+00,3.633528340616016372e+00,9.391071800977390804e-01,6.219663295070189113e-01,-2.130070346219941069e-01
-2.608430228062807998e+00,-1.326895794180212196e+00,1.330881777322749926e+00,7.534278729929322349e-01,-1.406206922559066541e+00,2.904047024480505890e+00,1.007845190674651059e+00,-1.580156771276606920e+00,3.038378236199418048e+00,-1.564153350169610768e+00,4.347360130374940290e+00,4.245528929539088558e-01,-1.179589068055890699e-01,-1.242600528525823478e+00,-4.524943122474411439e+00,1.020275024463780378e-01,-4.193831540819306092e+00,4.178018111040664451e-01,2.082497815783600714e+00,-3.780388148440999352e+00,2.084398218178306728e+00,2.587818335718778506e+00,2.204333362826194076e+00,4.829820269535174404e+00,2.265012199506948321e+00,4.214538118540819056e+00,2.436954165512671688e-01,2.415660654356808656e+00,-1.262365648811597241e-01,8.453512426293082749e-01,3.610002710846867302e+00,-2.665485807446129840e+00,6.241230436467952725e-01,2.224195848673035103e-01,5.757985926212422223e-02,1.655524680046190689e+00,5.000906577465936920e+00,4.277998135957616910e-02,3.308458993260714021e+00,-5.672198505824979087e-01,2.151439228930748460e+00,-9.863935176074289934e-02,2.768686413994990936e+00,3.014080695566383472e+00,3.933314520636614908e-01,3.830150293803207706e+00,-2.587689857717854203e-01,-1.125449835649543928e+00,-2.404450944389356692e+00,1.153546520150257049e+00,1.810811588051118859e+00,1.142545053950154710e+00,-1.276038906576335563e+00,-2.361969581663315054e+00,5.265827309573301029e-01,5.952967449959610136e+00,-5.425862245752441027e+00,1.919692486248289587e+00,-3.823195592288409550e+00,-9.613074532598553379e-01,4.039300562615140144e-01,-4.876427127723073074e-01,1.292337325246779856e-01,-3.159589923656446420e+00
-1.099334359329665389e+00,-1.811113307063566769e+00,-8.690279604011164061e-02,3.932547108784382850e+00,2.375401720936685557e+00,3.584774641735967826e+00,-6.207849047257161246e-01,-2.154150506492905848e+00,1.629890555707789179e-01,-2.311967483493961861e+00,5.260734628858330098e+00,-1.173837077733346668e+00,-2.945719969720557607e+00,5.260809311927079346e-01,-2.785728920242076523e+00,1.875183587527891049e-01,-2.718612872195263819e+00,-9.165958974009476012e-01,8.596871795871594557e-01,-3.441607649205075781e+00,4.387820245748759618e+00,4.625423614770298286e+00,7.349759032106104595e-01,2.133504533876811049e+00,1.524468283455202577e+00,6.140092320890396138e+00,-4.464186655757937938e-01,2.201760184483397609e+00,-4.877742971173921749e-01,-1.583429758763116091e+00,2.712316311162694671e+00,-2.631444260560090953e+00,3.739739903213270100e+00,2.838029753294706747e+00,-1.428092026374470525e+00,1.151893840646075251e+00,1.895754583847143460e+00,1.454212252600453059e+00,-6.635787749948316439e-01,-2.210981512021672035e+00,1.647880054795908045e+00,-2.250517371533067745e+00,4.222923018055283251e+00,1.364394398715615075e+00,6.839475456914958507e-01,7.444459042224855772e-01,-5.068745493463046259e+00,3.058631107871734311e-01,-1.928114213227554830e+00,7.567468313582221828e-01,2.201930168188209080e+00,-7.318949863107095943e-01,-3.651819880254786099e+00,-4.717136305086439663e+00,1.486098243377194095e+00,4.107993127454124149e+00,-2.434107150524432051e+00,2.687962612021139286e+00,-3.813150490190603925e+00,-3.214384434865787732e+00,2.528763333866877794e+00,2.463483722032921985e-01,6.436700982769965051e-01,3.100931307821235272e+00
-1.478742620713292988e+00,8.313557044843855603e-02,1.345451320177382115e-02,3.418464670862616295e+00,2.628747573522869807e+00,4.425874936550233230e+00,2.318019312573931512e-01,-5.737348238349890828e-01,1.592653464500046079e+00,-2.836903231180688767e+00,2.190945805967650983e+00,6.713767069347831296e-01,-2.570499358281141067e+00,7.460872881415170355e-01,-1.560731410294075694e+00,3.477908641031595138e+00,-3.096773251768119906e+00,-1.259999430041548685e+00,2.614921940102499676e+00,-2.250301929469635809e-01,4.351688279461548348e+00,2.678069715203496237e+00,-4.122682834834578980e-02,2.881998019116706278e+00,9.659008255297856227e-01,3.168012153497409944e+00,7.008874123287054392e-01,1.384723817745906915e+00,6.219437893500784353e-01,6.339051227084288032e-01,1.144008475994064522e+00,-1.673565409626472267e+00,-4.644778950617500790e-02,1.732500080492345162e+00,2.812538244760381723e+00,-7.274693555268694212e-01,3.058792098626509581e+00,3.211957833471710266e+00,2.417138474829393591e+00,-2.527932013121542809e+00,1.237339336376786170e+00,-1.185555510332239049e+00,-4.861483116037423891e-02,4.052420088539421705e+00,1.031764890112463418e+00,5.135449719527013457e+00,-3.803537107152797248e+00,1.488839971982859778e+00,-1.178659167069391334e+00,1.489393151248447511e+00,2.862226379614909444e+00,3.009380911903751787e+00,-4.575607970979534977e-01,-3.623263918202177081e+00,3.726582282047025352e+00,5.418593213544482090e+00,-4.438842735444440635e+00,2.297219265447995706e+00,-3.400504555046490296e+00,-7.591387611468943808e-01,2.082562877779607913e-01,1.654245024643016482e+00,-1.306800615570078650e+00,-2.078940414861672359e+00
-2.614988354854540287e+00,-2.509611704544923327e+00,4.132804459262807484e+00,4.481897721450668115e+00,2.731404509027691940e+00,4.244969560320768664e+00,9.710557867568873069e-01,-1.782546174127688898e+00,1.692800340304743800e+00,-3.955159999916437741e+00,1.348962045479525473e+00,1.069337536014294043e+00,-3.082493951818964018e+00,-1.611089357632857766e+00,4.938486030903610491e-01,-3.589880115611077116e-02,-1.372550444408203285e+00,-2.114306650933228671e+00,7.500954019744736634e-01,-3.899141974113017106e+00,4.549652820525862396e-01,2.552626682724624008e+00,-9.605414219293075817e-01,2.745492947251315208e+00,2.354390743029012079e+00,1.335678160253926272e+00,1.434952009756646496e-01,-8.380836914658189585e-01,-2.114436426711849393e+00,8.524906243606692469e-01,2.269029704716873930e+00,-2.705456538473690387e+00,-7.712286498236009535e-02,5.500786145965543827e-01,-2.088550445171964975e-01,-8.545501394239369830e-01,6.547946479566610911e-01,2.505234852633381415e+00,2.258524635814332715e+00,-2.576467595445603997e+00,1.878998654970056137e+00,-3.013180097435975036e+00,2.844157188932284974e+00,3.390841489519287766e+00,2.352188018514027590e-01,3.267555977532336620e+00,-3.200251877094121511e+00,3.641630328578882025e+00,-1.974437577489249751e+00,1.785924825596276744e+00,1.466704169716298356e+00,2.013689731324508791e+00,-6.213747833849437852e-01,-1.949101511372862028e+00,3.295046504444386848e+00,2.014423676277750097e+00,-2.618545593423151185e+00,3.695735711601615403e+00,-2.046028794126268036e+00,-1.873324295472101886e+00,1.723030780176290966e+00,-1.519591594636162668e-01,2.021820454082901897e+00,9.606249602846883562e-01
-5.796344646510746657e+00,-1.607686787865784783e+00,2.212027367917486220e+00,1.469756394938251498e+00,1.923503675910814836e+00,4.588811875277182928e+00,-4.343558864323423530e-01,-1.177673706051086233e+00,2.412896152005401085e+00,-3.051491958223521372e+00,2.667108270184273433e+00,-1.484364849050151314e+00,-2.329963929108069376e+00,-1.554222463820352118e+00,-1.051105993872377908e+00,3.972057254970533524e-01,-2.668904086550338395e+00,5.799512762350851336e-01,-7.953651723001844420e-01,-2.154361735032685132e+00,2.311162111237559991e+00,5.026697923533987478e+00,-2.002373796997757971e+00,5.203705627766637143e+00,1.953850031216100236e+00,3.030171956351783269e+00,3.258176297715275727e+00,3.893632115519529702e-02,-1.418007423346018037e+00,-4.084522507507448719e-01,-1.138176344061639700e+00,9.044150832070112500e-01,2.265539251954439059e+00,1.649037852015091010e+00,5.866841263890261171e-01,-1.046542681578424006e-01,4.042285279663446751e+00,1.335165044621722918e+00,2.149860201415357164e+00,-3.213250579707221277e+00,1.500504558041434899e+00,-3.746223169085280524e+00,1.897409609288960075e+00,3.073608850620689115e+00,-1.436617300084220172e+00,3.429724154022190330e+00,-2.138641998310632619e+00,3.386270549353095349e-01,-3.215907435324806052e+00,1.373734411376025699e+00,1.067945572882332161e+00,1.782098959911946334e+00,-1.933283180801449452e+00,-4.259076738052873790e-01,4.117121976200993849e+00,2.919224123731771314e+00,-2.204019982159667990e+00,3.641442236702904900e+00,-3.460223365733633649e+00,-2.504708741321655108e-01,-2.112939188965999637e+00,1.025262611598390050e+00,1.337724694374611056e+00,2.242673362760159161e+00
-2.126100108960143231e+00,1.173225338489523040e+00,2.332102147120486801e+00,1.811513943145010685e+00,-7.784961220547503835e-03,2.129305523634128505e+00,-1.657967995307585429e-01,-5.236911751611179611e-01,3.815427076075095236e-01,-3.570687152020737720e+00,1.337838353295087268e+00,-7.967953030546642834e-01,-2.769085668684125423e+00,-9.230952236654748067e-01,-1.948069301048651392e+00,4.448335216548024107e+00,-1.909823195859185363e+00,6.313103972588460788e-01,1.536227328695930927e+00,-1.718588233463881121e+00,4.186038471379045056e+00,2.022023628735267753e+00,-4.214698787692728321e-01,3.950353208465331889e+00,3.180125772223389546e+00,5.717395836737440007e+00,1.199329478084997902e+00,1.352634223511779865e+00,-1.525907224394949635e+00,8.266090343466095947e-01,5.173098736330892233e-01,-1.425365614480645249e+00,1.371838657545725537e+00,2.237510986077960951e+00,-1.646428538567635158e+00,7.139432819136894981e-01,3.195004070697929688e+00,1.291787136857208917e+00,4.753531615886613437e+00,-1.947343761352706926e+00,2.130946472419050775e+00,-1.929150241573991176e+00,3.367914667444192212e+00,2.695486201755980638e+00,2.325926606677183095e+00,2.573507146389165889e+00,-1.546766737294340999e+00,-1.669148702340939927e+00,-6.503361851909104097e-01,3.117112002533410475e+00,2.179763491002882247e+00,2.161512728824286356e+00,-7.535782173150157304e-01,-2.167428951601420017e-01,4.636603586974537450e+00,2.292521255183566531e+00,-4.011627056071794151e+00,4.745282336907056475e+00,-3.717413126699695258e+00,-3.648717994815845245e+00,3.269934206321880588e+00,-5.703318199452294124e-01,8.776848905141533264e-01,6.863478602102938142e-01
-2.192566628291414688e+00,-1.455710047270669660e-01,3.262887347579635389e+00,2.822361376521276721e+00,4.679872482062070183e-01,3.159093657752586992e+00,-6.872863523432082289e-01,-1.039270613887296246e+00,2.721777698380606125e+00,-2.037964578527303949e+00,1.540269439183303168e+00,-3.491863078478419369e-01,-8.994564687784381007e-01,-9.606347767337640731e-01,-2.687174179618186276e+00,1.262303800066659543e+00,-6.682563285856235602e-01,-5.126013204130820400e-01,-1.719779927571224665e+00,-2.543823280304895462e+00,4.372715007033215251e+00,3.541948044781225491e+00,-1.741386710687738315e+00,2.337530673787893143e+00,1.574494470247254752e+00,2.730849599250630533e+00,-1.118930236514629861e+00,-2.833700214070749013e-01,-1.656865962576439810e-01,1.119984352649777026e+00,2.599125623858985712e+00,-4.877605171553271113e+00,1.149265025316670519e+00,-1.177641478800537378e+00,1.500507082929338321e+00,-1.277645676040704892e+00,5.656939596844382301e+00,1.850232732710083150e+00,3.229878908210497279e+00,-1.205864183643684973e+00,2.345481188375348580e+00,-2.415000900020734864e+00,7.792857589323396450e-01,1.473790257157208794e+00,3.219049127769191276e+00,2.917892031473214853e+00,-2.373700018629178565e+00,-6.175655411330511768e-01,-1.888317941561639568e+00,2.623559409329756065e+00,2.818478641180350408e+00,2.998292775846324254e+00,-9.997644202758301235e-01,-1.589582965923598934e+00,1.875478686037376885e+00,3.192008028173419554e+00,-3.394731699621504450e+00,2.510159875922694628e+00,-4.133441790772137026e+00,-2.912799789025252828e+00,1.415972102800342469e+00,1.062644778667527712e+00,-1.621702760533531240e+00,-5.089788704118692886e-01
-2.480229673813510338e+00,4.958264561220659949e-01,2.104493985239413334e+00,4.758356647606236223e+00,9.779899829538081235e-01,4.165572144560831802e-01,2.616571244156661535e+00,-1.011464990331773839e+00,2.962090490452767177e+00,-3.215271274077370123e+00,2.675319342376429432e+00,-1.727510554613093108e-03,-4.087657618061392384e+00,8.271858430054113143e-01,-3.055840313109325357e-01,2.016856841966390590e+00,-4.617330156604603886e+00,1.995133312449954843e-01,1.151568415291595482e+00,-3.607159280813309721e+00,4.548322890393888152e+00,4.397542287243560999e+00,-3.413809070926441258e-01,3.867575938223350995e+00,9.680501939903212172e-01,3.162853719847139367e+00,-2.383266038145523513e+00,2.263474333702140129e+00,8.886835554250422931e-01,1.304083215844282995e+00,5.665501808740556200e+00,-2.784005099934273808e+00,8.839153969662041366e-01,-8.677092918411553057e-01,1.787595098578684816e+00,-4.735016419654656250e-01,6.430925620854889502e+00,6.762637888386126006e-01,4.183079067710130161e+00,8.236215335869911947e-02,1.535228531713446865e+00,-2.001416547863666295e+00,3.169866032240678866e+00,2.578232627204017469e+00,1.493514761393371471e+00,4.815870573385772069e+00,-3.695534378647847618e+00,-2.721445450889973916e+00,6.228888152263147848e-01,1.804282836634845122e-01,5.039681128708549451e+00,3.994699241110113430e-01,-1.367352048487893157e-01,-2.388590475809646563e+00,4.313238423565017854e+00,6.094840826406302980e+00,-4.789331311140752945e+00,4.885544079573336695e+00,-1.084583318416283859e+00,-2.427136570602206334e+00,2.511190084967409142e+00,5.445875462752578500e-01,2.069796178831797562e+00,-1.542837618978992076e+00
-4.137440435446317899e+00,9.425656886182549599e-01,1.148943561715424444e+00,2.886212346842255805e+00,2.756689000695935032e+00,3.735461882314280224e+00,1.686630478335078287e+00,-2.934075216957206411e+00,-3.568088665414124172e-01,-1.875330246560218184e+00,1.477834975667762674e+00,1.061617834430009788e+00,-5.836661940125469350e+00,1.129293330396131889e+00,-2.226569289538274710e+00,6.632457413475826291e-01,-3.145463517218193061e+00,-1.167643220450302888e+00,-4.290632762653445731e-01,-2.769233601835821901e+00,1.482091087091307990e+00,1.481231629030986374e+00,-2.121950178468310355e+00,3.504853024665429029e+00,1.809330709656809644e+00,1.545967630633618084e+00,9.795334927404830694e-01,7.048728746193738681e-01,2.172515436216728268e+00,2.934098648697053280e-01,2.487846187472744663e+00,-2.288217045840482911e+00,2.111223091358887860e+00,1.346210734659140762e+00,5.156972667779924357e-03,-3.083641575773015120e+00,5.782593089358439187e+00,1.826758303314834242e+00,2.913235460708268221e+00,-3.265445536908588409e+00,-4.423097808210765258e-01,-3.192289389174375991e+00,1.546360508109223320e+00,2.672783117538018782e+00,3.404471232260913638e+00,2.730863351410944162e+00,-3.778452885399477879e+00,4.402500928203436636e-01,-7.228437592512209076e-01,2.386891346725374063e+00,4.037944876288770857e+00,2.172710550541659735e+00,5.436302517232971532e-02,-2.558856891665574729e+00,3.554107631903262288e+00,3.185694367367544633e+00,-2.897883047581734317e+00,2.410017781577094009e+00,-3.601253975135215502e+00,6.101551961431161963e-02,3.054106777909428860e+00,1.203511449554575119e+00,-2.497072419465616200e+00,-3.838435718729633628e-01
-2.164369370722392993e+00,-1.062297954130364319e+00,3.824225281829833012e+00,1.310518882245410799e+00,1.962343671929649425e+00,3.005452146374275380e+00,-8.357457075664140866e-01,-6.853159691725870806e-01,9.259259113523288232e-01,-2.397094731892074115e+00,3.007399543629923233e+00,-3.557177163248448792e+00,-3.645590051662209508e+00,9.536258111983004770e-01,-1.514863291693256064e+00,-1.342282924601750249e+00,-2.160295416290267667e+00,-2.423753749437631555e-01,-2.104217470345704388e+00,-3.979646749212875534e+00,3.549865100286291764e+00,3.558474165782965049e+00,-5.340617106211351661e+00,4.800713659933777855e+00,2.382380458985692506e+00,8.458461141117923354e-01,-5.941712674755457169e-01,-2.702850459746601874e-01,-2.511828169843307368e+00,-3.231264767669919102e+00,2.461449296803980058e+00,-1.581155153432652227e+00,1.569876102883897229e+00,3.638688521428063982e-01,2.169393755028253823e-01,-5.886397699733796340e-01,2.023366480159281444e+00,1.308888189307744865e+00,3.026887564199336911e+00,-2.301902484466718413e+00,-3.272032945934921777e-02,-2.500172260046043426e+00,2.064533944257768372e+00,3.246566734642641450e+00,-9.991022370423969789e-01,1.832292343896579023e+00,-4.371736077682550459e+00,-1.183346102599642569e+00,-1.124487832784998531e+00,1.936924847248016279e+00,3.419009094466852972e+00,-6.132175174982075205e-01,-2.802160761227771690e+00,-1.742243898490422049e+00,2.869022063152587343e+00,3.603238370237029642e+00,-3.074174265181533361e+00,3.614592093835999442e+00,-3.450154975589288853e+00,-1.862923929396655964e+00,1.570688453685326280e+00,-4.322483110659878225e-01,1.621241533519766520e+00,-1.396038658824011014e+00
-5.076738368558175729e-01,-2.272170293289983434e+00,8.409964864499901438e-01,2.851829216927479926e+00,2.788772707961629571e+00,3.539607078048756073e+00,1.186908625261489547e+00,2.845867899263454515e-01,4.483433546550024573e+00,-1.901229127016737852e+00,3.214695306929304941e+00,-2.939017939435284887e+00,-2.513343419706734139e+00,-7.220917997143876388e-01,-1.304611721995797113e+00,3.324016876080611027e-01,-5.101185922935576933e+00,-1.452836532535767056e+00,8.530986243842108019e-01,-2.927058906586867071e+00,1.447603605356888590e+00,3.596900306067419617e+00,-8.119282882225095088e-01,4.306519765634369890e+00,1.317706401720088127e+00,3.344657874473100367e+00,9.586451064028201907e-01,9.473044340877566638e-01,1.056907398484830507e+00,-1.964378182273118778e+00,3.289101039496996837e+00,-3.270841754922189537e+00,1.678320577373506595e+00,-5.109325684322132410e-01,1.270769842705391284e+00,7.540987409708863609e-01,3.745614297523536251e+00,1.541685123447680272e-01,2.850111343282018428e+00,-4.235951276333435267e+00,2.393312743813128307e+00,-4.209879494778311582e+00,-2.830048036041135084e-01,1.745348475723215831e+00,1.190171100081710343e+00,2.157678093765468930e+00,-2.901741231764525253e+00,1.540548250137228070e+00,-4.826154324558932451e+00,3.322903056689901824e+00,4.147282881282027489e+00,-1.064132483382369987e+00,-1.766979083253441996e+00,-4.166169758661320444e+00,1.110179884241157655e+00,4.442600104864071753e+00,-5.640825933676341108e-01,3.886320059534227322e+00,-4.298723036066133041e+00,-2.553283813911745526e+00,8.657984776232541257e-01,-1.680422829461950762e+00,2.628291280039068423e-01,-6.294146652933390040e-01
-2.306200843510969989e+00,8.544146936242043022e-01,3.285968765979423445e+00,3.457323757001875997e+00,7.628383705659264047e-01,3.746775196391575857e+00,-1.878190068836892657e+00,3.402599265795135386e-01,2.068751212091934022e+00,-5.021504802952749813e-01,4.590099464707176224e+00,8.330593300911097732e-01,7.077260238457423469e-01,-2.944098486351610089e-01,-1.147426552319179116e+00,5.532669158895204831e-01,-1.702774951521479396e+00,-7.267149048805130462e-01,2.895698932953469029e+00,-1.748275121966956780e+00,4.830419889290004321e+00,2.451316847715805380e+00,-3.095822400137411723e+00,1.773165839129481558e+00,1.091575316381383498e+00,7.974050958194478511e-02,-9.816613878288027450e-01,-1.271996313471002171e-02,1.311161316603188354e+00,1.397978161508534600e-01,-4.213486194557365394e-01,-5.252675183357225386e+00,3.270988476921490751e+00,-3.551392250535707618e-01,2.025468399603427727e+00,-1.504364017563428302e+00,3.976887157749374069e+00,3.494277380524541066e+00,5.084182526985776107e+00,-3.506257665875270213e+00,3.205297783350768981e+00,-2.784831535621045795e+00,2.027355321295330803e+00,1.291010576730346360e+00,2.877744738670098279e-01,4.216886546913430678e+00,-5.260855270347520651e+00,-9.416064978654230533e-01,-2.630504379719323271e+00,1.555391671180479163e+00,1.574836321264353023e+00,1.106080970204267100e+00,-3.792420439366868123e-01,-3.066732479910565523e+00,1.936133514638853415e+00,5.310536406624549954e+00,-4.957842429363715553e+00,3.685700544788168997e+00,-4.689914008845363469e+00,1.343707750780485766e+00,2.710329634198749282e+00,-1.084043632643222344e-01,2.099621539186076191e+00,9.738138451843463272e-01
-1.967680549433047599e+00,-2.098748306914098194e+00,6.550067574311302376e-01,-5.472932920673829749e-01,2.318490422109830362e+00,2.775298665560034905e+00,-1.510868744596500779e+00,-5.833001682065049875e-01,-5.750406731847137465e-01,-2.314052086842737666e+00,1.318843913553381153e+00,-1.753460079481721778e-01,-3.388262488222010482e+00,-1.260419822276933832e+00,-1.484407139146814991e+00,2.633501551644549465e+00,-3.758017698143047980e+00,-2.358895401074896370e+00,2.334870378801788604e+00,-4.899341020543963587e-01,3.054861439819269719e+00,4.111859632946319287e+00,-2.547711652667537852e+00,3.154992023370394083e+00,1.431462023744155543e+00,2.369358200674861692e+00,2.022089419072105265e+00,2.611340035718465735e+00,8.486608178041532558e-01,2.667665349825579568e+00,2.666258615552453026e+00,-3.083784593339117031e+00,1.854530585937003151e-01,-6.788639883584313139e-02,1.692355876030397388e+00,-7.993570301462640249e-01,5.340882466456834621e+00,2.999655999598613842e+00,4.665374685860280479e+00,-4.766949025518518734e-01,1.132439377794273172e+00,-5.782153022645037943e-01,1.726563605746084473e+00,3.642115357272287746e+00,1.434135067495326821e+00,5.370884326518362784e+00,-3.482346695209456833e+00,-2.107726819318179068e+00,-8.480101435025593215e-01,2.001206295738757746e+00,4.954618964990353369e+00,1.225308207058394050e+00,-4.740721735931218150e-01,-1.427904291369175960e+00,6.156793627668536217e+00,4.640402415248076728e+00,-5.841958435310591113e+00,3.239630750934016312e+00,-1.994280864980336077e+00,-1.765573039290906365e+00,2.978021680274569150e+00,1.989304192939572724e-01,-5.968838426593834345e-01,9.266015984163978869e-01
-3.224229738803981782e+00,-1.179013638309647893e+00,2.632208759030649325e+00,5.224267702209811404e+00,-1.665611045985404992e+00,3.447527048368625557e+00,-7.552298278599189896e-01,-3.183810556535409675e-01,-6.528225612531017852e-01,-3.544138358612854312e+00,1.556800564843211498e+00,-1.586940510455465969e-01,-1.288605444334018690e+00,4.830198818172526387e-02,-5.074270012175672306e-01,4.442511672208477869e-01,-2.244454297033344314e+00,-2.943416022273615429e+00,-3.133318879467669182e-01,-1.093995841881221232e-01,1.603738992891410975e+00,3.089351698738919794e+00,-2.823560989740484750e+00,2.361488181224037586e+00,1.753708198808862306e+00,3.788850384153117368e-01,-6.024926457200219243e-01,1.012044581855230163e+00,2.599498397584866005e+00,-1.786379919111658499e+00,3.781981538736149062e+00,-1.676535464873519121e+00,2.044690033956966246e-01,1.493214627371795000e+00,-4.314725248129892554e-01,-2.768179910863657334e-01,3.412536417939706190e+00,2.732961783902447372e+00,1.214530890339889035e+00,-3.875040065270181522e+00,1.376078997923221969e+00,-1.937517504090601861e+00,1.735965623691383408e+00,3.468576610028748064e+00,1.800814622179280455e+00,1.994857094049480972e+00,-3.884858768330627488e+00,-9.940403573732549125e-01,-1.407605952325208243e+00,1.266209761661602151e+00,4.761448997277519801e+00,1.735315977293784950e+00,-1.273670384289286028e+00,4.970071059411029779e-01,7.456219577611729044e-01,3.879908258224385786e+00,-1.900622880668550563e+00,1.090834240870273142e-01,-4.390464531178603913e-01,5.913832836502883605e-01,2.295358700501766158e-01,7.390282597230339867e-01,-1.373511988861538802e+00,-4.457465944219763943e-01
-3.759973111983955896e+00,-3.153089826641988669e+00,1.727201609494221968e+00,3.093014663239539885e+00,1.966921240103075119e+00,1.381654215400666130e+00,2.871163931669313829e-01,1.222266731343129464e+00,2.674921195694079046e+00,-3.437464865876123099e+00,3.257557750676863151e+00,-1.093647395167275826e+00,-2.069678299853689118e+00,1.647796064465928190e+00,1.706978788548713766e+00,3.004554063470499248e+00,-1.767949892146541524e+00,2.284404088024198032e+00,1.804468066992138908e+00,-3.750805192767465712e+00,3.374770706129019970e+00,1.765528549891849597e+00,9.278189444692517274e-01,2.121759946967077592e+00,2.920342083875071548e+00,3.851856809171207985e-01,-3.729649968196904197e-01,-4.972709810796029917e-01,-7.998326984570046649e-01,-6.017021884408966237e-01,6.781840553658038395e-01,-2.411800336215278229e+00,9.244962819611021176e-01,1.769429729010865593e+00,1.306844686482580009e+00,-3.835199674612908005e-01,4.755519031158974563e+00,1.032212400155802179e+00,2.069917400906948313e+00,-1.607911870047094682e+00,2.557540504264685488e+00,-8.420691463692500101e-01,1.031407764438058816e+00,3.552416489500009433e+00,3.399455039848224835e+00,4.890362730355922949e+00,-9.436681552310763887e-01,-2.553070464892220337e-01,-2.248581938564155003e+00,3.818186191996243206e+00,3.380704871648716470e+00,1.584423413450988249e+00,-3.854780002610740386e-01,2.052535306233262968e+00,5.027423243502311401e-01,4.477217566148442351e+00,-2.141873777059776440e+00,1.937904844626521683e+00,-1.880455604920910906e+00,3.334537326815478764e-01,9.961145956531518575e-01,3.041039072140018229e-01,5.768940849063310949e-01,5.685909462380456247e-02
-2.652902489672892994e+00,-2.184978230733437554e-01,-8.024205380090725370e-01,2.729735773729144999e+00,-3.875852735859885989e-03,4.138570697985295865e+00,1.911036783070405587e+00,-1.197348138100693404e+00,2.326920039734148293e-01,-8.432890688271266200e-02,3.860896882624994753e+00,-2.132131215841726934e+00,-2.826373474462201330e+00,-2.374411263054506893e+00,-2.897312616199298474e-01,1.199606220472533957e+00,-2.336950159361243617e+00,-1.287834498220853385e+00,1.670827709774273417e+00,-1.226597386775598597e+00,3.366563219432220144e+00,2.594635310498456526e+00,-2.450356695121498340e+00,3.238644373173969360e+00,3.263530278010682739e+00,5.592478369847107000e-01,-2.090211000267793828e+00,9.783650337619842485e-01,-2.077788851306483497e+00,1.679548569290813864e+00,1.377453887138141653e+00,-3.367275051420681731e+00,-4.903944426740580731e-01,2.837566634693255985e-03,-1.361157895686404551e+00,-2.705423531119233171e+00,1.738524890117370214e+00,1.688106664997267137e+00,2.413663979784981706e+00,-1.925244432045445819e+00,2.515857932223815929e+00,-4.772445190061453957e-01,5.273751794033978424e-01,1.444172495965394987e+00,2.735263296613501094e+00,3.798878772209694166e+00,-1.750073160091718094e+00,-1.338796321122537769e+00,-1.300008749914509432e+00,2.473059275224236409e+00,4.004412689481252841e+00,3.222367652345540456e+00,-1.924390573103292201e+00,-3.854724049931392393e+00,1.226633103689592552e+00,3.674348507628825367e+00,-4.452908299701086037e+00,3.546047168174296882e+00,-1.965445169921476332e+00,1.679749916006501032e-02,-1.012706595053257885e+00,2.161762893569366462e+00,-1.400791335969709062e+00,1.141318770792358439e+00
-3.363902287782368106e+00,7.589640019839825058e-01,2.907791233281912469e+00,1.170702551769209121e+00,1.127266492677222232e+00,4.828097738048245269e+00,2.289498667381604236e+00,-1.594569567454112269e+00,-5.259852077212161525e-01,-1.910425075462745870e+00,3.196592243167966529e+00,-6.166242738095749631e-01,-2.712371458140252489e+00,1.822406265758943711e+00,5.126207018984312302e-01,1.493991587467626170e+00,-2.862200895079453744e+00,-1.580806974750692762e+00,6.415300979771960677e-01,-2.597820404485338130e+00,1.851592208941963413e+00,5.521662972117887591e+00,-2.083842393314181418e-01,3.410747683266937891e+00,3.955273461461008111e+00,2.510171191409142910e+00,-3.325578970526373856e-01,6.198704532872522099e-01,7.547947960754584074e-01,3.422351174708679000e+00,1.517224676737821021e+00,-4.729566598071926364e+00,-5.556702888394233764e-01,2.859454780322311152e+00,2.148170089643331337e+00,-2.282678183357602641e+00,4.926876133936040958e+00,2.496088845247316002e+00,2.326555266861457749e+00,-4.570507779245274183e-01,2.233979348031504664e+00,-4.499567901732617337e-01,3.103291764981175316e+00,3.692657629226776983e+00,3.421012541183507061e+00,3.040520983448258274e+00,-3.420777969960773213e+00,3.390195582097146332e-01,-2.734531870533060793e+00,1.057745056589660892e+00,5.606067433378901121e+00,-1.997446904812326007e+00,-3.124509712454503596e+00,-2.416925857447322468e+00,2.767036304581120376e+00,4.008971587525392621e+00,-3.307453240147202322e+00,3.901702947429103396e+00,-1.001197246261030349e+00,-1.448063442336225526e+00,9.133581067975664602e-01,2.888517245573573033e-01,-1.509555302211797345e+00,-3.772311671815133938e-01
-4.200191922352028762e+00,5.170444825707589676e-01,1.746119788045483290e+00,2.206406804911466679e+00,-3.522768179101776198e-02,3.080742618867975846e+00,1.121263382768060257e+00,9.878040667128999974e-01,9.706325165344565908e-01,-1.647371805586499871e+00,4.430436894557187699e+00,-2.486453565001642385e+00,-3.471415786587052299e+00,-1.117807844058309463e+00,-2.062724529579013755e+00,1.323369004363142309e+00,-1.190449893831180495e+00,-1.608533570774858035e+00,1.598709841533606735e+00,-1.704356328075168125e+00,2.820692594659542252e+00,4.155361713060393924e+00,-4.194920349252929115e-01,5.376706327918938655e-01,1.324590773078017092e+00,3.777437701676761517e+00,-7.171428934341605999e-01,-4.303737769752780107e-01,-3.067576635316668021e+00,1.329196810726924305e+00,2.502997634873826538e+00,-3.829491018036020655e+00,4.988917311227636375e-03,1.511192555553146466e+00,8.098754919349510084e-01,-3.159771900941364731e+00,4.452356213128686235e+00,1.407595436103248332e+00,3.166533235994166695e+00,-2.921887786341932802e+00,2.976117054651849170e+00,-1.251846934693920499e+00,2.858498007903038207e+00,2.449016039055455174e+00,8.434513633885500905e-01,2.521839392307237304e+00,-2.420039457267105121e+00,4.701910447686288297e-01,1.299655335067146256e+00,1.075562994482954782e+00,4.101513286826230065e+00,1.010604420251083102e+00,-1.702561938947244613e-01,-1.480899885278286643e+00,2.145150290469604037e+00,3.400451529398687445e+00,-1.108044471433418998e+00,4.220476398046125510e+00,-2.746739455842592825e+00,-1.904654834818975129e+00,3.223270833601551644e+00,1.805385158352312835e+00,4.712522863914793692e-01,-6.435476945895510781e-01
-4.084261851607642768e+00,-2.601459858662428237e-01,2.070812022272044750e+00,4.295541036687485104e+00,1.580977742129553221e+00,2.853265717722734074e+00,-2.057816699067857247e+00,5.851570084291088936e-01,2.375554212614913396e+00,-1.991322087172317623e+00,2.935179933326355517e+00,-1.345837048272866099e+00,-4.243445281818258863e+00,-1.144923784319115789e+00,1.294632091034125132e+00,1.943429625054684085e+00,2.358783429736046600e-01,-3.659861198314333208e+00,6.002133618388167946e-01,-9.096105020619855708e-01,8.945886808779031085e-01,2.660663729678057976e+00,-2.285009127221244718e+00,2.595450198979139866e+00,1.991684766211588187e+00,2.722049255887383001e+00,1.516795598451150529e-01,7.599430367247815843e-01,-1.784317587455683141e+00,2.358554952497875057e+00,1.134853629378608897e+00,-2.761339226121599211e+00,-7.403514789902108095e-01,-2.590194528222621972e+00,1.625724782370004284e+00,-2.758012885344740095e+00,4.014838910527121385e+00,2.874788605788848983e+00,4.732032579469223066e+00,-2.711980963855664672e+00,8.754334614614889265e-01,-1.875497615549681418e+00,-6.739933224577505655e-01,4.733314665284478195e+00,1.388061531015689631e+00,3.516632482039819596e+00,-3.819629216830182195e+00,-9.288779999906677798e-01,-3.108997961900764384e+00,2.294335081711947222e+00,3.105602537826321008e+00,-1.290253473749159774e+00,-2.015599073888459714e+00,-4.184435528220495470e+00,4.686638731702430505e+00,3.261658958291633326e+00,-2.027779019949366379e+00,2.693279816837542917e+00,-5.307530816437452614e+00,-1.273080154862681557e+00,2.203168351518169921e+00,-8.350655654946916862e-01,-2.592406477848252511e-02,-9.678753219505777938e-01
-5.705377578162544872e-01,-6.417854027770685255e-01,2.653763086269130600e+00,7.014995039642311081e-01,-1.705555189754846435e+00,2.121024705101008934e+00,3.562418662364273292e+00,-1.597716555621454537e+00,2.306908653043846513e+00,-2.013210729173885660e+00,2.050823200107945610e+00,3.490363053822213013e-01,-2.458097198693901753e+00,-3.508056644333623186e+00,-1.393120229193978599e+00,1.297302258729524427e+00,-1.192655669859178369e+00,-1.814236222823934597e+00,3.861017542012594284e+00,-2.735640117770651525e+00,3.578968811777004433e+00,3.231889978203118741e+00,1.379150745727448335e+00,9.045236065669750580e-01,1.381737239932639749e+00,2.772694490697353409e+00,7.897054800795725304e-01,1.078294868635806258e-01,4.991843701149116797e-01,1.099959014644873667e+00,1.877648352511740892e+00,-5.595024419645024949e+00,7.622099499400958322e-01,-1.461211172170727712e-01,-6.164882660265842418e-01,-1.029869680547829569e+00,6.006996135391548641e+00,4.332123652360080346e-01,7.381699657375635493e-01,-3.398996978074651842e+00,3.795843902514023593e+00,-2.422327125525538527e+00,6.716724784531535875e-01,2.378916082860418779e+00,1.694966638152651361e+00,4.449782473161556950e+00,-1.824881470107836856e+00,-1.258322024173023301e+00,-2.467654175695681129e+00,2.473550951588564750e+00,3.111716540435521594e+00,2.758742079503310407e+00,-7.106215765924093208e-01,-1.294280028522739157e+00,2.684627531557906899e+00,2.308456660660146653e+00,-6.051734971945259112e+00,3.279853066135753892e+00,-2.497479985848316097e+00,-2.206980114593318998e+00,9.800955993700080082e-01,1.898196919168928076e+00,1.981297326281768190e-02,3.341381837828449330e-01
-1.925821560790554665e+00,5.122867260264492018e-01,1.668758861398454529e+00,1.815783407895234181e+00,-2.116822739689762090e-01,1.101989462990809354e+00,6.505525033535775048e-01,-5.246132835176783304e-01,3.218605199450094823e+00,-3.069873513300691581e-01,2.872364724173876116e+00,-3.145827902365152529e+00,-5.605417059276698311e+00,-6.205318717027032971e-01,2.346479143634945252e+00,6.030564072760679073e-01,-2.986433924075067914e+00,-7.657992448762827031e-01,1.372215332079698591e+00,-4.702136424353984268e-01,2.953362298802561181e+00,3.221616628937668647e+00,-2.597051234002977438e+00,2.918095290889750615e+00,9.129457173934447667e-01,2.252496167580381403e+00,1.816782747212054572e-01,-5.449834019570392041e-01,-1.282089506866557871e+00,1.682210612524659865e+00,2.022994134794819043e+00,-3.282826974675699727e+00,2.791752301920813473e-02,1.755848577960119394e+00,4.867277163196546130e-01,-1.565015325716627048e+00,1.686527348022767381e+00,9.930023473227614916e-01,1.193764878561641041e+00,-8.909053329772353980e-01,1.289043140647299746e+00,-2.465553517785499249e+00,3.057863605084852665e+00,2.034616378245460488e+00,1.312511203442104035e+00,1.664345994781042615e+00,-2.118827236955320714e+00,-9.451609235735820569e-01,-1.141549337073279879e+00,1.010801587841182236e+00,3.560250756146222439e+00,7.086822148098437246e-01,-4.143907968367821937e+00,-1.052742256417933397e-01,3.642378970045141884e+00,2.585220686591933159e+00,-3.227182558619019481e+00,3.341858369196099243e+00,-3.496315868715565767e+00,-1.476558214265693447e+00,3.173733953595205826e+00,2.235268003794618874e+00,8.265077677285559421e-01,-1.066688490315320648e-02
-4.158539335546952209e+00,-1.624645897750583101e+00,2.780830268683980311e+00,1.927776866623670537e+00,8.245421166208393160e-01,4.265625320430591394e+00,-3.996249271677870141e+00,8.403484381010892790e-01,2.759390260956924301e+00,-1.230594362953879806e+00,3.176260576728382468e+00,-1.631267257884985722e-01,-1.922011598778876174e+00,-4.400987028812620161e-01,-1.919607348989202267e+00,8.554672904915687770e-01,-2.857009047443542116e+00,-2.399520813238981809e+00,5.828720824155659841e-01,-4.934175294792439104e+00,2.059326332901565859e+00,2.508672791578974604e+00,-1.442699195340715779e+00,4.244627439780435552e+00,2.316874756781809541e+00,4.116282501901405766e+00,-2.729220220799954966e-02,2.544500392970882707e+00,1.013227860552192272e+00,2.339301774438874215e+00,2.816452381525007542e-01,-2.667743913693253699e+00,-6.437110235638405786e-01,9.329599121161482600e-01,2.705651527097809428e+00,8.820694379233673388e-02,2.378358893566641097e+00,4.403456408286027468e+00,1.191163556085071740e+00,-1.874414843582515866e+00,2.939859584550823968e+00,-1.204691308594513899e+00,1.502412439146352696e+00,4.151669948124492304e-01,5.143585413877577395e+00,3.818987233324423691e+00,-2.222767078090992499e+00,-1.714442474953769446e+00,-5.416856343714988586e-01,2.125099788802834677e+00,4.857896277334823765e+00,2.868246855591281008e+00,-1.997921822930055713e+00,-1.348146262788773253e+00,5.720770891629567423e-01,4.534981508628961322e+00,-3.677815104521112488e+00,1.179235871612944742e-01,-3.679553851684827848e+00,-1.730208573900810842e+00,4.663348471650182958e+00,6.878122511191320232e-02,7.569113522762421775e-02,3.039140434767816090e-02
-1.526015450633060100e+00,-5.998251882637648524e-01,1.443760851827013747e+00,9.845426259430143379e-01,7.515663186484138336e-01,1.953762947232952740e+00,-7.933328557321959185e-01,1.061143896901528327e+00,2.166981268501869451e+00,-1.788453624587696522e+00,9.722441203306224633e-01,-2.438165895203183275e+00,-5.349836878546639696e+00,-4.356402229201616350e-01,-1.166045743002311452e+00,2.188202934843329395e+00,-1.287412780829871650e+00,-1.639710356821425741e+00,3.622257655862474723e-01,-2.035529844364725172e+00,3.078453043188646987e+00,3.434124342545494812e+00,2.025061926965225911e-01,3.948256313654347593e+00,3.757519704140170891e+00,1.077604829799641672e+00,5.370523527878371395e-01,-6.895665881830601585e-01,1.145227981721565147e+00,7.201437594446968848e-01,2.670528138020246800e+00,-3.213481543469579815e+00,1.487362623786863791e+00,7.476745992841077326e-01,3.943873631067925101e-01,-1.035170717097733784e+00,3.334944671815844863e+00,2.168644247996946994e+00,5.028830102493031973e+00,-4.317507991668516176e+00,5.440499956024145156e-01,1.089094044023612762e+00,1.276741347904839952e+00,3.249138707132790849e+00,3.752903102811255387e+00,3.781621877443043456e+00,-2.114082316402921435e+00,-1.785219772096234836e+00,-3.339350318747778879e+00,3.167881443923733720e+00,4.007383280472297749e+00,2.913620826667513874e+00,5.916166136902867301e-02,-3.326330454510993739e+00,3.663679884997041114e+00,2.293975733701850483e+00,-4.379896487937951832e+00,6.895984107978186728e+00,-4.953458255608416572e+00,6.836326485176356105e-01,-3.759028310256482541e-01,-5.336615500832362358e-01,2.846267006662788646e+00,1.130575046197086042e+00
-1.853867318600168623e+00,-3.458587011926356203e-01,2.685687883909416929e+00,-1.166701667013063215e+00,-9.045659430754133812e-01,3.284229202170982465e+00,1.653529557710638809e+00,-1.530768035956059148e+00,3.803312425735949631e-02,-3.662318824002485318e+00,2.280640942528475268e+00,-1.195418584607275125e+00,-2.989768935869130395e+00,-4.952316132387151182e-01,-2.473690084133445488e+00,1.029438109910520316e+00,-4.643600904916203476e+00,1.323351521664521524e+00,-5.539130881769858128e-01,4.610886056261596089e-01,2.370598007013493103e+00,2.055137090161583746e+00,-1.980508232208479491e+00,2.385378677088350940e+00,2.040953236840536977e+00,3.506561909730085524e+00,4.687388041084512014e-01,2.386376054933124990e+00,-2.278038849213094519e+00,-7.645470788453754274e-01,-2.357496282035573820e-01,-4.517736646989369831e+00,3.579400633042011837e+00,2.549534047934654435e+00,-4.315025812031506591e-01,-1.794808616398083423e+00,3.734408368752347940e+00,1.468694264756390089e+00,-7.654095718466451537e-01,-2.709884306853664437e+00,2.691081768562406218e+00,-2.070248228574573801e+00,8.011827620037215159e-01,4.043421222244892199e+00,-2.114559349380291664e+00,1.563125240430153218e+00,-1.517316042634595297e+00,1.743785380861474277e+00,-1.916797572792066751e+00,3.898881670931831689e+00,4.387684431826537335e+00,2.215549459133938637e+00,-2.980059595391487903e+00,-8.684346596802627882e-01,1.163413687796486462e+00,5.362557402070082802e+00,-3.832553202518358404e+00,3.355100606192741086e+00,-2.903355783733800877e+00,-6.660316039929042864e-01,2.275300044637132313e+00,8.821506085051378232e-01,1.776437342770380790e+00,-3.893783994756115918e-01
-1.583201154677668976e+00,-2.632262910878764739e+00,1.643385717915994526e+00,4.282093399674151257e+00,7.574019073420245052e-01,2.475991367663739506e+00,7.856439097358247636e-01,-5.391086624246271830e-01,2.387411289153811733e+00,-1.986961127888096090e-01,2.038291553186148519e+00,3.707879551106533222e-01,-3.001553477461666120e+00,-9.912130747589904534e-01,-8.582772389279936798e-01,-4.119300155377458861e-01,-3.766213160343576671e+00,6.045710205733527687e-01,1.169783449551657029e+00,-3.017918369309456228e+00,2.506329613168603476e+00,2.929160264988871276e+00,-1.069346203980708454e+00,2.416980237241715290e+00,2.670240038442510233e+00,2.786070954317399817e+00,4.455769636618178153e-01,-3.106700588141910746e-01,1.045389692651471414e+00,8.698985250524838841e-01,2.143586344201783511e+00,-2.759631781288163221e+00,7.134492920908908076e-02,1.217906050126605022e+00,-1.887712782722533067e+00,-5.225821110016265481e-01,3.676245552505032155e+00,8.716875982280309909e-01,5.239367327020050702e+00,-2.119623959812331204e+00,1.374101815688868911e+00,-2.298406409298460851e+00,7.203750142095843856e-03,3.297249272894340777e+00,2.543401952496409990e+00,1.579789268205990194e+00,-1.354457051331902973e+00,-9.517453568453203561e-01,-3.027804943441363861e+00,5.071636132099663907e-01,2.243913538077883629e+00,1.408625921717022722e+00,-1.810645297010543553e+00,-1.287274749883081881e+00,1.927257715639000057e+00,2.427281812757665858e+00,-4.421560787969192496e+00,2.938130122177906145e+00,-1.205906995137519866e+00,-1.323043065424602815e-01,2.565749317106698957e+00,2.029489941151218169e+00,-2.155221567241964120e+00,1.635314864435361226e+00
2.295279742266917999e-01,1.019067369264952116e+00,2.189287837581672669e+00,2.824178724828828368e+00,-1.891432502198762133e+00,2.141576463947520992e-01,1.176407736812278948e+00,-4.490571865968214560e+00,3.557917149248555067e-01,-2.972017305314603064e+00,4.040807689877900621e+00,1.978097602052187209e+00,-4.039972259232403218e+00,-1.552413864118852960e+00,-5.825926426384309131e-01,1.718651118064875138e+00,-1.756720734695032871e+00,-1.275261703784614342e+00,1.321878633719148155e+00,-2.066470671729788933e+00,2.795270592699212298e+00,2.995464813595485776e+00,-1.535490129817035587e+00,2.564151177150445715e+00,3.895797045396203195e+00,4.800837453902348173e+00,2.202155306680288138e+00,-1.158770525427126330e-01,1.746953649898428940e-01,-9.231352580615792558e-01,2.098007208466215356e+00,-4.039971628556267902e+00,1.274547400330847013e+00,-1.359933402066921815e-01,-7.844296644158528231e-01,5.217397986973382196e-02,3.114884925993151921e+00,1.245954972759741208e+00,2.742396973877895494e+00,-2.575707778013992311e+00,4.599097005550725203e-01,-3.523959655257915102e+00,3.021862990845995967e+00,3.241362279527122858e+00,8.382873024904134995e-01,3.797960470883640749e+00,-1.168486971440894084e+00,-6.860630137743872758e-02,1.196633714967195727e+00,1.630029476590200144e+00,2.476264627559397802e+00,1.483358056257455093e+00,-2.578194458033882253e-01,-1.187716882953568920e+00,4.571647941541354676e+00,5.578232540227674008e+00,-1.548300787258410915e+00,1.826642118492125544e+00,-4.134351342141459718e+00,-1.259599340008837887e+00,1.198744945860059197e+00,1.319633305131634682e+00,1.623563915791361945e+00,-1.375025412250052703e-01
-1.200424800836791928e+00,-1.654945115945102074e+00,7.006727214027168582e-01,6.946881925173886696e-01,7.548366357362704671e-01,4.459307644640849944e+00,2.017187168750432136e+00,-1.789049055239790631e+00,2.475775595195683909e+00,-3.007585467156165926e+00,2.019005754777875694e+00,3.320466135527404550e-01,-2.894227614215285627e+00,-1.935284975173501287e+00,-1.210417424619798510e+00,-6.716961434074650850e-01,-2.447685590333472661e+00,-3.909887299114166215e+00,1.009079437329389872e+00,-1.147789988891076085e+00,3.826142106671871268e+00,2.379413932958036604e+00,3.249503464268332920e-01,4.556025446194420070e+00,2.180939837369255674e+00,-6.026336254446258422e-01,-4.938946714895053880e-01,8.053871626826907271e-01,-2.205692632487773697e+00,2.677290440074399314e+00,2.694581143104025411e+00,-1.689938292849685109e+00,8.723177045527163997e-02,9.931227999963466724e-01,3.619811366623462145e-01,-1.379303235047086851e+00,1.646926775207855798e+00,-9.590309778692103215e-01,4.182918732687392449e+00,2.242596355319521617e-01,3.356333358247317822e+00,-1.971130653424637780e+00,2.330552234909260001e+00,7.524640457975484420e-01,-5.863885272127675741e-01,2.027893449154045236e+00,-1.250513709910359150e+00,-9.090718835219644411e-01,-3.972700803087080956e+00,7.245377108909785147e-01,5.019717224868685435e+00,2.852519112702619708e+00,-1.081408132712111225e+00,-1.164518514782852288e+00,5.427764793387458653e+00,3.823055254301867212e+00,-5.677207326427966549e+00,2.907409978987183674e+00,-4.164231086399640347e+00,-1.925792491165965181e-01,3.174091725695390664e+00,1.763062089397318122e-01,1.158185483135396820e+00,-4.631339696045439602e+00
-3.274853350867305224e+00,-1.283204217963553884e+00,2.397100779353060318e+00,3.003654916613080594e+00,-4.514493936770129778e-01,4.145029228267055998e+00,5.301081853211425665e-01,1.025280302159692347e-02,-1.946822189922816637e-01,-2.009216158142640207e+00,5.899901459204163423e+00,-1.388728035262892124e+00,-3.990356780046043994e+00,-3.787217413422428791e+00,-1.974618206331155701e+00,8.879950960703628660e-01,-5.529691209144034225e+00,-1.727261650244825475e+00,1.669563094415724702e+00,-2.710343849833474206e+00,1.115591513025890880e+00,3.890769331982298240e+00,-9.387673735612717119e-01,3.040678505995245473e+00,3.288610547337530221e+00,1.457389387988669682e+00,2.406690187572252171e+00,1.732627857825302709e+00,1.956061663148122687e+00,-1.143579665187111960e+00,1.129010309953296876e+00,-4.201840799828331363e+00,1.328001821897502710e+00,1.593737547764988660e+00,9.183859801385981791e-01,5.351557423891595278e-03,3.156855088591671965e+00,9.671784243850782836e-01,6.672788836422001157e-01,-2.595129710179453042e+00,2.677237738074785156e+00,-1.014270904153893094e+00,3.040752721724901964e+00,4.946449844781450444e+00,2.388791913950687906e+00,3.536236177386529178e+00,8.605851935116959339e-02,-2.464776909117463166e-01,1.079815240250381336e-02,2.970269385738960821e+00,3.774887894472954475e+00,-1.422336836501569834e-02,-6.386719957631947775e-01,-2.417654666924063722e+00,2.952094657616187945e+00,4.318199052474366084e+00,-1.742009404011870766e+00,2.879726739986279149e+00,-9.716833363560335446e-01,-4.394338352959365146e+00,3.131001114211004577e+00,3.398172627671525170e-01,1.585392512939602483e+00,7.143096917359398335e-01
-3.127272538783709699e-01,-8.859327438307319502e-01,-1.280665099603331747e+00,1.973255198965011781e+00,-2.272059638356181299e+00,3.258848426895472272e+00,1.815872659261760502e-01,2.936650859836574812e-01,8.144887959110453934e-01,-2.106021939754294969e+00,2.551635880792019861e+00,-3.003893148240456945e+00,-3.867047174693009737e+00,1.392101627373510286e+00,-2.278253582681283529e+00,-1.250879099860644050e+00,-3.890155363445619408e+00,-4.211431540126114648e+00,-4.730059305788252288e-01,-2.995117480601281912e+00,3.023478023810837190e+00,3.590825591708819431e+00,1.567532029242549640e+00,3.335928035429319927e+00,8.093264185986406289e-01,4.183975349969670354e+00,4.898501732947774245e-01,3.315738883036740692e-01,-3.135884132378767841e-01,-3.703882147603618780e-01,1.748375441218835702e+00,-1.812868349875680574e+00,8.860484101376895349e-01,1.008850713959717371e+00,2.119964156186393112e+00,-1.482159041654057319e+00,1.885992960667395302e+00,-1.617045313682476948e-01,6.936998957808211408e-01,-1.283402377549327733e+00,2.294315928210787892e+00,-2.761254536337596655e+00,3.833858176289056008e+00,2.606764251835111956e-01,9.599108156901756672e-01,3.088516835292419938e+00,-2.059957344261905909e+00,-5.841334019762862706e-01,-1.604742513798744774e-01,2.235451791460266513e+00,3.714951310275306895e+00,1.799292047470605560e+00,-1.281626245771868344e+00,-3.123080929884286761e+00,1.950465778116134308e+00,4.945543253113023674e+00,-3.778078692132113225e+00,2.600423731836465358e+00,-1.390257603458243896e+00,-2.683212208720244352e+00,8.373638954289623904e-01,6.344823348651631445e-01,-4.819115262422536405e-01,2.209456278292789122e+00
-9.751002281817624517e-01,-1.017872622014805106e+00,1.228803151632632318e+00,3.530304845361395216e+00,1.438310903098154014e+00,3.907140339108155835e+00,-2.660140833326012366e-01,-9.228898091681263516e-01,3.088499859426555805e+00,-3.564022340488454788e+00,2.665838884014823496e+00,-2.059382751966366776e+00,-4.624389595946147402e+00,1.362539216733960057e-01,9.009568077035576827e-01,2.337438662704710790e+00,-1.984481422156271213e+00,-3.468759331207489360e+00,6.658726021867971134e-01,-1.358642783675077181e+00,2.090361248734638799e+00,2.766545878271367886e+00,5.612885010080836956e-01,1.755578266052328695e+00,-1.592878259886321146e-02,3.683004549088526147e+00,9.778110952670140410e-01,4.024071214266088381e-01,6.377621418625448735e-01,-1.396064658597853558e+00,1.846921327442397454e+00,-1.785531773824537094e+00,-1.736550286078994532e+00,-1.278365851882790949e+00,-9.621663157575879310e-01,-1.927785384201685215e+00,2.943201956601466218e+00,1.645281503770008591e+00,5.377522868560947522e+00,-2.342867692100822907e+00,1.211897814860086520e+00,-1.489226247917481594e+00,-3.986126366232101148e-02,3.866150468983665434e+00,5.361144747704662095e+00,3.606051038294153521e+00,-4.065931825206929418e+00,6.202722561401028400e-01,-1.625852911055745809e+00,1.901585387534117766e+00,2.425101817325248543e+00,8.066146579996401611e-01,-3.369004634548444344e+00,-1.720484413333836393e+00,4.233933920746901336e+00,3.920081293049433313e+00,-4.387843715916948995e+00,1.270554224052252046e+00,-2.795045011961636572e+00,1.804563349987913234e-01,1.189601873042522406e+00,1.060862396446457634e+00,6.301510845817823725e-01,1.096607129213927889e+00
-5.538655134703788008e+00,8.295307841683940975e-02,1.736555819633472941e+00,2.464545399237823009e+00,1.663073003891912371e+00,1.411627640106276171e+00,2.326629386160544710e-01,4.961119047602331467e-01,2.680178159638162860e+00,-2.342848960346294085e+00,1.686815091663628419e+00,1.234325160247134123e+00,-2.672557015356234800e+00,4.325486828855251709e-03,-1.020103081377021770e+00,9.755183622139617095e-01,-4.029005842531594439e+00,-1.432259852708327896e+00,1.080932335032598779e+00,-1.634660121482413020e+00,1.434352804813360693e+00,1.737637134002961714e+00,-2.982890303838547919e-01,2.211273699887319477e+00,6.690441204479711246e-01,2.646035046499510823e+00,5.926500530238556497e-01,-5.294836733108125859e-01,-7.131251980015793634e-01,1.780727826237259448e+00,1.688240781767391230e+00,-1.699216000614280242e+00,2.655819748603663655e+00,2.140745827412590785e+00,3.345056505115030498e-01,1.988331918057024694e+00,4.263589091672717935e+00,2.925629791442435845e+00,2.946774349990237685e+00,-2.261961725057010320e+00,-3.521255990148617343e-01,-2.291442300382560138e+00,5.119473404987237686e+00,1.916080965326180996e+00,2.134921204215558532e-01,3.950296694014939547e+00,-3.872543350136980145e+00,1.836188738987650559e+00,-3.281657582198650225e+00,2.818339102935365048e+00,4.349710590687782208e+00,3.510381549725607453e-01,-5.791418058087800524e-01,-2.447908950493848046e+00,1.792166267996417428e+00,3.695753584649998924e+00,-2.568368573155085599e+00,2.423602121837373780e+00,-5.218730832926476992e+00,-9.314369839146126040e-01,1.030124034222654306e+00,1.892539022957117290e+00,1.014694889316675397e+00,8.298601548569288777e-01
-6.059401356223705015e+00,-9.137672579935366413e-01,2.651543000393801641e+00,2.246104916971872534e+00,2.565141074361766638e+00,4.132641606232270171e+00,-6.824503018054957071e-01,-4.305624288482120532e-01,7.986103952873813139e-01,-2.768744392199955051e+00,2.419795023393511713e+00,-1.349894486444780606e+00,-2.118296378190665852e+00,-3.913210515257614652e-03,-1.170816141481530792e+00,1.056043740647581552e+00,-2.559729685428053347e+00,-1.382713747216787858e+00,-3.523526594792076860e-01,-1.804946367927853235e+00,1.028761100423705388e+00,3.820618887309797707e+00,-3.710749561414650177e+00,-4.623056728973282681e-01,1.632516392887254586e+00,3.161908239260229347e+00,7.382596429875787347e-01,2.318504383889254505e+00,1.262926767803361106e+00,-1.548122544131460998e+00,1.086111001591331338e+00,-4.756596462626183630e+00,-2.078983281102257497e+00,1.670278796600450644e+00,7.481917610436052968e-01,-4.004759660674739319e-01,1.413457786501449487e+00,3.237654927514688197e+00,2.501434755846325686e+00,-1.639716861638817136e+00,3.508827217788954123e+00,-2.438241590129074154e+00,3.341329327195985854e+00,4.236219307380316934e+00,1.972519277002068527e+00,8.766666756855947540e-01,-3.282225973970108068e+00,4.555183830378753962e-01,-3.187030405220248497e+00,7.327249783287159701e-01,3.107237002673962412e+00,2.415093058786725422e+00,-2.612056738255250643e+00,-4.123393200286045612e+00,3.387000599090161046e+00,4.062446809741104836e+00,-1.437782353580068229e+00,2.721504986427383699e+00,-4.561866073239913888e+00,-9.193949404969288253e-01,2.386860390598884329e+00,-3.176579135839565637e-01,3.284307152739067703e-01,1.928730868544644261e+00
-2.868566638605736241e+00,2.818093715729203197e+00,4.071390688200332342e+00,7.311793725346469319e-01,-4.212067935553094333e-01,2.434383350317328443e+00,1.597442776359369043e+00,2.738905325013988312e-01,2.548309068093415952e+00,-3.496165200965108077e+00,2.726461087952754436e+00,1.089667976865407173e-01,-2.948260643612855336e+00,-1.626564298057991742e+00,-6.194692472536073025e-01,3.740512687656325053e+00,-2.013103246035676808e+00,-6.568922237574239542e-01,-6.710396791894743806e-01,-5.226149883582802858e+00,3.393327429671036288e+00,1.656966961479695799e+00,-5.232166192985183706e-01,3.427336245388867830e+00,1.835533376833837327e+00,1.673548654589975371e+00,1.731898463703856139e+00,-4.691811999845729719e-01,-1.425470548790231717e+00,-1.813686355605041101e+00,2.542881729754754794e+00,-2.637326491249580407e+00,2.135464831881852543e-01,2.549395253055565469e+00,-9.671798325326554924e-01,-8.220001421426403887e-01,2.418475893743553762e+00,1.700302994889792751e+00,3.680951137165223486e+00,-3.175349281367352727e+00,-3.563096769911209272e-01,-7.057305145059156182e-01,-6.392156279156866461e-01,4.647944962830656834e+00,1.531092098553368697e+00,3.252118565198655276e+00,-1.691225771072339512e+00,-1.199105390416531414e+00,-3.835344873002973110e+00,1.597694637635676207e+00,6.088111073530294348e+00,-1.879979616599205094e+00,-4.277063438980833965e+00,-4.522038943616015771e+00,1.525738627110874379e+00,3.578941010022749225e+00,-7.679058099004595128e+00,4.014870145445696537e+00,-2.348223659900858351e+00,-2.410656336290160962e+00,5.189963338256253778e-02,-3.736469374995285975e-01,-2.045271918453000826e+00,4.043048623859252233e-01
-4.066514469488454964e+00,-2.443570231688667604e-01,5.472089471892123136e-01,2.630478973979880841e+00,1.126041820366922908e+00,3.374795392797020899e+00,-4.193916716977338366e-01,3.292875565303354790e-02,2.554102223611486977e+00,-1.785413869399919307e+00,2.162204881826467417e+00,-2.880748080297213520e-01,-4.392548629237593261e+00,-3.530430202516499083e-02,-4.283206549864448931e-02,1.019236705646026753e+00,-1.930933161036967771e+00,-1.821418534200911266e+00,1.533309124870989137e+00,-3.029326626891307495e+00,3.237438889413873699e+00,1.944942687635095702e+00,-2.279714173667937605e+00,2.213878262507316119e+00,1.802515286627403013e+00,1.149313296301185172e+00,6.333111052428279653e-01,1.738990597769413560e+00,4.287271872919145022e-01,2.685436545814387621e+00,1.163507998544994981e+00,-2.504433271200093181e+00,1.882081736249554549e+00,-1.250752624135515578e+00,-1.147408492096819721e+00,1.953947147171601895e-01,4.634878040799398136e+00,2.983081668347446147e+00,1.121647150869564014e+00,5.760213218402510105e-01,3.049650787975334509e+00,-1.327998732571370466e+00,2.300894453229645364e+00,4.022128237299853915e+00,3.858100857654129801e-01,5.004909419134316195e+00,-5.584784423527308306e+00,7.144028601713876547e-01,-1.014394384303960450e+00,1.036985034942444761e+00,2.269665120478458142e+00,1.897465268955774276e+00,-1.861449895269670751e+00,3.455631628974966674e-01,5.032059896028091117e+00,2.962275363813653417e+00,-3.996889930566751570e+00,5.136421315983136893e+00,-2.519464268665707607e+00,-1.959681046947066463e+00,5.125268222202921109e-01,-7.208816280544978472e-01,-8.081836690523226396e-01,-1.662220866728006952e+00
-2.668301140990180453e+00,1.304244154308682457e+00,3.417918074307652709e+00,1.676357037810893846e+00,1.870779081627967022e+00,3.116205792556554499e+00,-1.776192894182110571e+00,-2.638693134537811069e+00,9.449149863232433333e-01,-8.343645682356448656e-01,3.588503890186081069e+00,1.860218478303480971e+00,-2.404162016739273433e+00,-3.978936299934106580e-01,4.743220778815981920e-01,3.705293173259558426e-01,-3.412568348512169170e+00,1.749404756861643317e+00,9.908576285447219245e-01,-1.793406559966839176e+00,1.360965849963586161e+00,2.365354964478344701e+00,4.627450122815386369e-01,4.267314475566075238e+00,2.063145191183206162e+00,2.495053881837706378e+00,3.158928517982469319e+00,5.361557872959895610e-01,1.411572261764787894e+00,-1.903357185866362489e+00,3.948964759619383091e+00,-3.419760156294408660e+00,1.487318260196330844e+00,1.948696919562107777e+00,-6.285755875515559588e-01,-3.551631934867738316e-01,2.284879330662093366e+00,2.827605697951645070e-01,4.360515837230340530e+00,-3.979735934024772881e+00,2.391133682964676321e+00,6.216176505349204628e-01,1.752987326810081958e+00,5.693440817721338032e-01,1.938593856549673644e+00,4.324990011151438551e+00,-2.829065038787727193e+00,-1.587672080995873092e+00,1.893850733824533616e-01,1.847198783928568178e+00,1.753739747448819442e+00,2.553413882016254632e+00,1.343303726734405679e+00,-4.505613284147061748e+00,5.347453209825641096e-01,5.031767965435470558e+00,-3.321251937746828808e+00,4.267898955898965951e+00,-3.453798749909775978e+00,-1.882797180157542050e+00,3.033912067781936450e+00,-8.883324776209100548e-02,-1.354613407777345291e-01,-3.837653988489890811e-01
-1.553724862933241635e+00,-2.560032263879442382e+00,2.848581841655608571e-01,1.958114767955358992e+00,-3.056670957029228308e-02,2.715122596311034808e+00,3.987080026874168515e-01,-2.170513674909123836e+00,1.987118129486477924e+00,-9.115607489094503801e-01,2.419433294601246676e+00,-3.524481271488166811e-01,-4.067315677373207095e+00,-1.904452738566281944e+00,2.317964349225726028e+00,1.705098679140787610e+00,-3.246694189554346632e+00,-1.541001030094580448e+00,-7.915639117557051740e-01,-2.356014880584683002e+00,3.575139225536085874e-01,1.454134268541506625e+00,-1.179639383753563697e+00,4.565834055633022359e+00,1.105215884774931823e+00,2.296441000251496778e+00,9.568747070144159039e-01,-1.855729334692318044e+00,-2.799349234454015622e+00,1.991458115748491187e-01,5.337944462423351855e-01,-1.198651706499482827e+00,5.372250771527714575e-01,-3.367038064943890241e-01,-1.621670898015128426e+00,-3.352084209189428732e-01,4.838080112930281729e+00,2.104626017640309321e+00,3.035683210435673907e+00,-7.467434151286069799e-01,1.561300795362310145e+00,9.513231972869597985e-01,3.097099474589467327e+00,4.412076109394110546e+00,1.829204287065930412e+00,2.267783600894524465e+00,-4.366109567765514399e+00,2.964402021747490901e-01,-2.148414166033995265e+00,9.259205084194750413e-01,2.137734082033701188e+00,1.849149671463360622e+00,-3.483613973219686688e+00,5.647371690838043357e-01,4.742320188556960581e+00,5.320272016739448162e+00,-3.552422262124300012e+00,1.110744926268097288e+00,-2.482999915233962351e+00,-2.131942547564714019e+00,8.479260812713196316e-01,-2.539292010506493558e+00,-8.364730740837287293e-01,1.382599916364048553e+00
-3.514217241642667133e+00,1.496874268397540675e+00,3.622148304450238498e+00,9.786915425106041955e-01,1.428946141791788693e-01,3.328054655640581228e+00,2.396091365706967125e+00,-4.666129044684345639e-01,2.474501715647134503e+00,-3.073646046817328781e+00,3.060057608765053949e+00,-2.886784944677587283e-01,-3.910731346575031964e+00,-6.973436303648934409e-01,-1.240978183387204670e+00,9.728882884434741918e-03,-5.122654868434291409e+00,-1.148364680503549451e+00,7.071939773052806633e-01,-2.878532483915217988e+00,1.116587333769580859e-01,3.824468058200678922e+00,-7.787585447309648412e-01,4.604086156855708545e+00,3.397580740768884944e+00,1.385285380065886418e+00,7.588006793976320719e-01,1.389554142581347129e+00,-2.798513921054825104e+00,4.556455528667743948e+00,1.891566499273612534e+00,-3.608763414231877853e+00,1.409412365096821329e+00,4.783124680904027315e-02,7.691520821145478859e-01,-1.145685016590010541e+00,2.832822083720748285e+00,9.040055497527551553e-01,1.484660477897000508e+00,-9.135804074801399111e-01,2.775557557806110687e+00,-7.867924386937018566e-01,1.881759495758173806e+00,6.224869340907773108e+00,1.424855478344711379e+00,3.249170415758254382e+00,-2.532942469547250219e+00,-7.163342993749284293e-01,-3.130625717138350694e+00,2.120021880764833888e+00,1.791644921905783949e+00,2.895933795441908654e+00,3.611909923685932000e-01,-2.511499159974016848e+00,3.306008172320210825e+00,4.674223192141776728e+00,-1.787613729469515800e+00,1.560789382872254327e+00,-1.598351455312311042e+00,-2.926378213098808523e+00,1.125502832834396116e+00,1.873171909223619869e-01,-2.015522096151959319e-01,4.178759630514167434e+00
-2.399319757134943831e+00,4.534568085557622030e-01,1.836289859257132173e+00,3.335647131362092122e+00,-3.266060626899108810e-01,1.600595272580985551e+00,-5.541837448081469164e-01,-1.426916789494153459e+00,2.226759577075740903e+00,-2.880719039850520691e+00,2.900479085609231067e+00,-1.787740281588645619e-01,-5.202245205169952591e+00,-2.072564013130805627e+00,-7.747296306240135655e-01,1.823554312912650799e+00,-2.129060874498101441e+00,2.027320075549257083e-01,-5.415244181995912953e-01,-3.845498610731403755e+00,1.351651927950313192e+00,1.493026049344576389e+00,-2.774431022200055885e+00,3.714184581548523045e+00,3.013532685207546802e+00,2.701013063193791197e+00,1.064344779741715818e+00,2.435230478747683946e+00,8.855242630450355090e-01,-1.732423614668415102e+00,6.837692851838672592e-01,-2.482378658524910797e+00,1.034212327042960400e-01,1.594336518236604272e+00,4.563330552899840242e-01,-5.488271990898161423e-01,4.215148457048583985e+00,-2.038899012086596851e+00,2.979707309495317702e+00,-2.675191070113463354e+00,2.069540202999800460e+00,-3.066924888378460778e+00,1.107915829108204075e+00,3.916784258186286394e+00,2.726411008240228195e-01,3.789055108085239265e+00,-3.511346202793233395e+00,-7.285273339289581873e-01,-2.480786875172639405e+00,2.960478001312803364e+00,4.119889195878220001e+00,2.488091722686494034e+00,-2.205061265857879871e+00,-3.630300810778661180e+00,4.816618198514271754e+00,3.266455660319450338e+00,-5.970846661041260717e+00,2.214000086213832486e+00,-1.301790715608353244e+00,-2.763758945843435288e+00,1.034060482312252560e+00,2.206992951770072597e+00,-8.659769252333624490e-01,-1.724843970320715236e+00
-2.696115802087005076e+00,-2.614384019069843745e+00,4.253364633693395014e-01,3.526586331664966600e+00,-5.207174848973408210e-01,2.183910375942863080e+00,1.703866925585121095e+00,-1.319614289587789591e+00,2.126182855365337243e+00,-1.468197305886203452e+00,3.805762344132438635e+00,-3.584138684530340235e-01,-4.946388000813826125e-01,-1.077050445395817846e+00,-4.600886646305105465e+00,5.526250073158500697e-02,-1.778552059817125830e+00,-8.796929668933866076e-01,-8.996497112666086426e-01,-3.487992234275955283e+00,2.699001868064853316e+00,3.086743903497294106e+00,-1.928718022081496342e+00,4.295386673867417571e+00,-2.010509258244055353e-01,2.187246245646865983e+00,-3.955086303476956777e-01,7.279514174353427514e-01,-1.860521753636705133e+00,7.596882188376300471e-01,3.277718861216551538e+00,-4.247564359482764118e+00,7.989247561968506606e-01,-7.173148110390079601e-01,5.890457156041297715e-01,-3.595051598476826538e+00,1.583901584643161442e+00,1.174294421702489100e+00,-2.373238695776676010e-01,-2.054104947447457530e+00,5.329122648886077229e+00,-3.384253361448278152e+00,2.244777616591075109e+00,1.507594684707536548e+00,1.471503488622096789e+00,4.484818078954501352e+00,-1.129860591157030303e+00,-2.214054822497261377e+00,-2.234125657191429415e+00,3.919270930048553758e+00,3.508617917886376336e+00,2.869411011370555986e+00,-3.585763719907227642e+00,-1.890449874811986231e+00,1.654852861657715835e+00,4.346289490735466998e+00,-7.783810469410229693e+00,2.776067047188961467e+00,-1.917883078126707108e+00,-2.698919640964521527e+00,3.314961661144110838e+00,6.366636220081596242e-01,-4.030739118357463902e+00,-2.547396559707578056e+00
-4.017699084936919185e+00,-1.371343251567459731e+00,3.025799230100126636e+00,4.154571508945810621e+00,-1.511534039945593433e-01,1.921586263230296021e+00,1.911642561279325303e-02,-1.827615862149316373e+00,1.817173250297327236e+00,-1.754816585722498878e+00,1.247860290854845955e+00,2.556150503312534794e-02,-2.826713868838390376e+00,-3.462125185930868265e-01,-5.918895951285596535e-02,1.144875971902223677e+00,-4.756941514467755816e+00,3.384011507825104292e-01,-7.103489724346898626e-01,-1.402463304158054536e+00,8.101910563451257818e-01,4.292842818229850366e+00,7.165835998377647620e-01,5.801813082056776594e+00,2.700155250012059582e+00,5.089443026590001473e-01,1.005877985538670805e+00,-5.914151602390766982e-01,-1.600719771371722056e+00,-6.154665701305850334e-03,5.026620627617861103e+00,-4.454429365166169497e+00,3.152402029217267199e+00,8.910708113214025339e-01,1.886827367506805353e-01,-7.866420897030212966e-01,2.879462929532841997e+00,6.669878763278588307e-01,3.462038104426384599e+00,-1.261521582494049776e+00,2.086179810740901086e+00,-3.827682306946453838e-01,2.635108503690135606e+00,4.189982415609435407e+00,-8.977978801892829708e-01,6.223112917022050716e+00,-1.133170432850630904e+00,6.654817749235197866e-01,-4.065959992029309689e+00,2.352035462144415501e+00,4.909515754512185026e+00,-1.108669774133332453e+00,-8.922548673450202417e-01,-3.070152780484360022e+00,6.713046138774880767e-01,2.747742382180169862e+00,-3.699334353324826186e+00,1.795510218786802614e+00,-2.269722548046049226e-02,-5.272136954049186919e-01,2.623273892587726586e+00,-7.348536701631454005e-01,7.500996912385239357e-01,2.387310037882776625e-01
-1.918271707198624831e+00,-6.511254493528400022e-01,1.954206331426804111e+00,2.293324064355675151e+00,-2.398367144276263296e+00,3.811111972714859242e+00,1.481077012891634181e+00,-2.003392707328018219e+00,2.702954259904454482e+00,-2.211984392988510351e+00,3.421203411619630153e+00,-2.716050113303465907e-01,-2.286919874958349919e+00,-2.895157642264689191e+00,4.716797722391818937e-02,2.923817304128257799e+00,-2.093508726590577407e+00,-1.075380234574829119e+00,-1.008336508240325502e+00,-2.022177697707149058e+00,2.993090515987258282e+00,2.919219237559135927e+00,4.944322135549905628e-01,2.382334004428193097e+00,3.728019036607653103e+00,1.159084204005649044e+00,-1.886883253730573529e+00,1.658772645116889821e+00,-1.996742638067609821e-01,-3.776494811061039680e-01,1.947424447432291483e+00,-1.132463108497123727e+00,-2.795447798256114336e-01,-9.970182743718898344e-01,-5.995026164000161195e-02,-2.871090949394506264e+00,4.542580185367770085e+00,1.828812756251462890e+00,2.483706433480271869e+00,-2.152176701654483715e+00,2.617281974655212284e+00,-1.656629538603297647e+00,2.740121578761327559e+00,3.091301921598034852e+00,4.371841556847374521e-01,2.328714591042641224e+00,-4.391891839137295861e+00,-2.152456862539887439e+00,-2.246302709856629942e+00,4.274449662468978062e+00,3.059596510631094723e+00,1.764867466660994033e+00,8.943416459638089400e-01,-5.010623805329421643e+00,3.196015709156567297e+00,4.683005087453693704e+00,-4.756146909920294874e+00,-6.691862661324212702e-01,-3.496916458986348175e+00,-1.886044812676549665e+00,2.181047769923055935e+00,1.927388843844408894e+00,2.004206310769878208e+00,7.291102474445559922e-03
-3.113608298922608153e+00,-7.940943154646642466e-01,1.076056597604734488e+00,2.432156017691273320e+00,-2.200844899837051116e-01,3.844459914771010123e+00,4.461523952775409141e-01,-1.698731236825351543e+00,1.480458207608256416e+00,-1.535743170064785890e+00,3.112130722790282356e+00,-1.519403116911332896e+00,-3.043408906502508948e+00,1.124094010636252916e+00,-2.461466776375473842e+00,2.638350474591375061e+00,-1.239648775681760240e+00,-6.670605867750876161e-01,7.469425166045781106e-01,-2.310063541079758753e+00,5.660108349641634895e-01,3.998460047800481920e+00,-1.430409691201298905e+00,2.774369635981579929e+00,1.572149241018147903e+00,1.594473151849362225e+00,-1.199047348262020973e+00,2.032202251202943621e+00,6.890426667402089755e-01,1.469089700782649555e+00,1.723270545404181231e+00,-4.275941523928913135e+00,3.058457065296591892e+00,2.035797283265111668e-01,7.214999914993793784e-01,-3.225008490335098177e+00,3.008487089437231976e+00,3.139559209048935706e+00,2.593738536294116770e+00,-4.041531473760882953e+00,2.726739806663812438e+00,-2.904064120748707012e+00,2.719146715977570405e+00,1.545188994155369588e+00,6.523760420980819763e-01,2.407112583003343076e+00,-3.399053309364043596e+00,1.403416220886275489e+00,-2.624345991879728501e+00,6.332164481878412854e-01,2.687393984246593703e+00,3.144541731080376934e+00,6.451493683809772506e-01,-3.734349497566892939e+00,3.061385567793221352e+00,4.246712602548143423e+00,-1.923424671306123601e+00,3.227602032512311592e+00,-2.177120092368531878e+00,-2.541625270703329331e+00,3.244638158279511853e+00,7.574108591311912164e-02,-1.777272531535414313e+00,-9.654118004543299492e-01
-2.713897764603987461e+00,-3.356063627255094328e+00,-7.549840846678530504e-01,3.804176331975779313e+00,-8.827437170116381182e-01,3.798184840582072841e+00,1.299327225859949309e+00,-5.327885780051743181e-01,3.822461445087449672e+00,-2.845392728529101412e+00,8.662280261243275881e-01,4.624377776462653689e-01,-1.665151099201547247e+00,8.864495012336750523e-01,-3.157616507616646806e-01,1.424594639779290128e+00,-4.034655610967325501e+00,-2.409458967994818845e+00,-2.037636659006957007e+00,-3.505480320198608002e+00,2.722912798879631335e+00,4.961495435596805947e+00,-3.485478803938886205e+00,1.764712197344452393e+00,3.391682210133872388e+00,2.610218755807693025e+00,-1.204655148826830890e+00,1.601445773245913973e+00,3.546845418049952015e-01,1.734565680331399129e+00,1.930782262459631582e+00,-3.533851396566914271e+00,1.164080667147840975e+00,2.373203197507314233e-01,-1.459116838017528561e+00,-1.172980318658527477e-01,6.962382180976216972e+00,4.555880104455938273e-01,4.532639879436914043e+00,-1.922606846220013210e+00,3.728113292121010947e+00,-2.920590719240536259e+00,-1.383089891622081513e+00,3.508735026127249412e+00,1.952286677868570575e+00,2.794816068492721239e+00,-3.237946314420066862e+00,1.086498740525861484e+00,9.013058299977221299e-01,2.811037764048857301e+00,3.213931511788193252e+00,2.051362914944188098e-01,8.843172730858435138e-01,-3.152863617966333187e+00,-1.463402421555315414e-02,3.342249907700403533e+00,-4.097391750113918540e+00,8.237593108639891248e-01,-3.025177570004636163e+00,-2.800507592221099351e+00,7.631299039242289695e-02,8.412087252778778224e-01,-3.691574794984665564e-01,-1.967398102738222132e+00
-2.758515229424153059e+00,1.493432776089720360e-02,3.364662642681655047e-01,4.225844276226600194e+00,-2.428622090694230629e+00,2.351745396539615562e+00,-1.478350345585995651e+00,-6.766010260446712055e-01,1.071476272013754727e+00,-3.284441366582486310e+00,3.456759127455347080e+00,1.356281201728132269e-01,-2.756512135293938570e+00,-5.501592106618606870e-01,2.880366354240446736e-01,1.107661890641517877e+00,-3.544134579118002115e+00,-3.543900572330357379e-01,-6.164562228134629063e-01,-2.279993044403609392e+00,3.279930347156540194e+00,4.601958641981121367e+00,-3.482815373981329454e+00,1.809018687588889396e+00,3.137041941186835103e+00,4.014018940292985782e+00,1.452286253387238268e+00,-4.576260307163932950e-01,-1.196189741039675125e+00,1.223507001472551980e+00,5.992919073396714147e-01,-3.259714282301715116e+00,3.492599768196398280e+00,-5.303343897754824177e-01,3.189800762372836829e+00,-1.122710136268088021e+00,1.745503236954849546e+00,2.650181070761137292e-01,-2.477531032031299318e-02,-4.178466247108354459e+00,-5.115968846103124967e-01,-4.087688655538479487e+00,2.779190266547466592e+00,3.056512500984652103e+00,1.803041829943880847e+00,1.492321479328670542e+00,-1.801049763660926839e+00,-5.074665443750765448e-01,-3.048468604617905697e+00,2.648473820894896580e+00,4.619278778397839957e+00,5.233987740943448763e-01,-4.919549346698535164e-01,-2.172411279441746945e+00,3.494742269009701197e+00,5.083171140558834011e+00,-1.676319981755511002e+00,5.374229538937282946e-01,-2.376696927868002795e-01,-2.614446913622408886e+00,1.425701174879090205e+00,-2.677208238107891880e+00,-2.362238980038752767e-01,4.471146262805821003e-02
-2.664895769272194848e+00,-1.592100411206038402e+00,2.451844875597415374e+00,3.327563908377941360e+00,1.424991959581393353e+00,2.873931952428591785e+00,-8.048838673524989495e-01,-1.087307572855786386e+00,6.945948605774565632e-01,-4.489587916393261047e+00,2.030427156063708605e+00,8.036929435490647311e-02,-2.136925428445091590e+00,-1.241544560289312926e+00,-2.536258163645606967e+00,1.463455690638780560e+00,-1.904823693957278907e+00,-2.785714034518510296e+00,-1.545350168323686990e-01,-2.183085929709949191e+00,3.366934577069982115e+00,2.422427488408221752e+00,9.147325366931635671e-03,6.036195958215038182e-01,2.156190651876273012e-01,3.206565031502847329e+00,-8.591221030884410581e-02,1.581638406185057244e+00,2.270430247454725770e+00,7.761105318631558170e-01,2.222919912608340542e+00,-4.792508484912850086e+00,-7.136515374631571262e-01,1.099357240552508053e+00,1.674106691424879001e+00,-3.373714556869713999e+00,2.431988073577955323e+00,1.093107455941160211e+00,2.809941628196189978e+00,-1.992580976057392705e+00,2.497202660933252716e+00,-9.230058254828525932e-01,3.744613451418811856e+00,6.384607388257836913e-01,5.906071018831346997e-01,4.131287602552594862e+00,-5.051636562500825711e+00,-1.744132859432583116e+00,-1.947129829273635426e+00,1.600406406395996628e+00,3.942561758261510896e+00,1.568317105623201924e+00,-1.665623297744629694e+00,-2.540119721786565421e+00,7.926653803137684307e-02,1.606841046548232566e+00,-4.932512537612840475e+00,1.029717502767476978e+00,-4.237999251241552301e+00,-2.088754646052379371e+00,1.076855742685691730e+00,6.287276141933104689e-01,4.852912273420895706e-01,5.452545148519156726e-01
-9.109578389374710650e-01,-2.119225451329718624e+00,1.883005044010798601e+00,2.622117131335699014e+00,6.769329161713358856e-01,2.853178286557608523e+00,-1.024175510139169853e+00,-1.069436473267377785e+00,7.946442226720584756e-04,-2.822023116212439398e+00,3.001025948006824429e+00,5.923101644275015065e-01,-3.791874174281535836e+00,-1.750946569612006565e+00,-5.565284848133441598e-01,2.882357907740053626e+00,-4.768186802783759504e+00,-3.765066290921307512e+00,2.059340033804956782e+00,-5.960379385972034427e+00,2.795402204577596805e+00,3.330938084158677093e+00,-4.217341650259422980e-01,2.512039244867933174e+00,1.908770823596580124e+00,7.105861142703251421e-01,6.217443887067919395e-02,3.506088283474123379e+00,8.992509629263802928e-01,7.622576202566793135e-01,-2.419075527083505150e-01,-3.371889751198752894e+00,4.093105226274849073e-01,1.230633884435257341e+00,1.418494271866864498e+00,-1.342225576117988650e+00,2.137820135032246327e+00,4.113635532473299605e+00,1.778184764303782917e+00,-2.170208003690353937e+00,2.649637540782455503e+00,-1.596820345682497644e+00,1.879376484439857720e+00,3.218707526057510648e+00,5.751744109398868599e-01,3.783247096200781812e+00,-1.283700821069507558e+00,1.830442143522394538e+00,-2.514641990608565969e+00,2.977174755928952088e+00,5.669992594655861140e+00,1.229778002632253120e+00,-8.170716650783818036e-01,6.884088413462219336e-03,1.774337439428505192e+00,3.403850200444847651e+00,-3.689196777094839508e+00,3.324763116700632626e+00,-2.790501825584430939e+00,-1.494332459776539723e+00,3.053919254170030406e+00,-7.497587866123935907e-01,-6.711755825328457048e-01,-1.495393182545050603e-01
-2.493528383703351725e+00,-1.383884401485655946e+00,5.711899175877421797e-01,4.263160979249764893e-01,2.190100585730302640e+00,5.791359182174407039e-01,5.817712529755545425e-01,-1.309619998617524761e+00,1.884532893546433829e+00,-7.394720281026112563e-01,5.072492781591613209e-01,-1.704254635612261648e+00,-3.605425221275980086e+00,4.678678413338863695e-01,-1.800924117250612300e+00,7.069123605609688443e-01,-1.697987858491137425e+00,-6.095360395088793570e-01,1.577124143173949777e+00,-3.432763231079226873e+00,1.354271153870994837e+00,2.695502305224710682e+00,-2.239565759555217639e+00,2.608078942062062033e+00,2.541722179219492617e+00,1.352156995562904473e+00,-8.343907804058725564e-02,-1.303960422294522026e+00,1.489444768031225053e+00,1.798905803491187338e+00,5.909047538822379764e+00,-5.798941609910090556e+00,-4.659550099617746355e-01,-3.068623759452804300e-02,1.533879794914653649e+00,-9.842722625265095671e-01,3.455547353124806431e+00,4.220123676539730084e+00,4.996105637675320565e+00,-1.417415024982593641e+00,-1.242654071233209034e-01,-2.362655902325460744e+00,1.789863823353358141e+00,3.662448319213598591e+00,-7.600667580790978484e-01,3.083340627353875707e+00,-1.766924888276791172e+00,-1.906798986648363226e+00,-1.326186900009842962e+00,2.398186376299862754e+00,1.022019485482758672e+00,4.006550556365301219e+00,-5.591461412228454497e-01,1.324991650131119414e+00,1.520050499176767378e+00,3.094554346186058957e+00,-4.111068105482403645e+00,4.335192486954829505e+00,-3.554226281355902461e+00,-1.553022634992855755e+00,1.259022452770864442e+00,9.134958235943402283e-01,9.513371274561137625e-01,-1.090328797721872300e+00
-3.031208666085027481e+00,-1.971170748107851534e+00,1.077622701375278158e-01,-2.964802935458070721e-01,1.550277060066403756e+00,6.006831532719605349e+00,-8.389864747414794710e-01,4.964813033618908911e-01,-2.363788898886338696e-01,-3.391909881572090057e+00,1.991472265154672350e+00,4.756630729936678348e-01,-2.664231214162178674e+00,-1.115916493766272666e+00,-1.319294645051009907e+00,1.749687686043174040e+00,-4.340017815148587310e+00,-1.351896566234433994e+00,-3.377492399597886719e-01,1.940266175741038879e+00,2.244893135020152641e+00,1.495999503858333801e+00,-7.670538407507343504e-01,2.012488776276421198e+00,2.728793712104319091e+00,9.055730557016086202e-01,9.494942961345349541e-01,-4.709655837834920700e-01,9.886487801995114122e-01,-1.293865817983024469e+00,1.590003660120681950e+00,-4.348241160983253195e+00,1.130723300327463043e-02,2.092780145886064425e+00,4.048331656375679932e-01,-3.253456773029367977e+00,1.941975410385017531e+00,1.685532126538208386e+00,1.539451219223995082e-01,-7.578250758163729284e-01,9.069245660596306768e-01,-2.284529520441902939e+00,2.362316374367879224e+00,3.440305885988112600e+00,1.216142744500573691e+00,2.837757614170823395e+00,-2.290339682939635413e+00,-1.083487941176428215e+00,-1.909749602619944753e+00,2.220334484017968624e+00,1.743785863183755502e+00,6.657353573321319606e-01,-3.941442331340877292e+00,-1.615193134389303564e+00,1.466657928873217553e+00,2.639741228512019866e+00,-3.646768508767420425e+00,2.785053171582651643e+00,-2.504741685055045242e+00,1.573524775170057621e+00,3.009572274029933325e+00,-7.297369374368978256e-02,4.531442217949046003e-01,-6.624382503473090766e-01
-3.847369184052508828e+00,2.101375709814414794e-01,1.813907321758596591e-01,3.526714247376407929e+00,-3.297449036670417888e-01,6.009240438002048990e+00,2.568959403801605479e+00,2.175309614812483971e+00,4.130243147672109316e+00,-1.521272571292801690e+00,3.844792711437857502e+00,1.592239853526941751e+00,-5.011956561829723711e+00,-1.314230028087333135e-01,-8.628343063064458640e-02,1.070977506369543253e+00,-5.722583170877498127e+00,-9.744468508300975218e-01,1.284152514927434430e+00,-1.541883900681695119e+00,8.399686564685300283e-01,3.428588332914508818e+00,-1.467524988340088266e+00,1.194650116389534222e+00,4.493411483079391644e+00,2.640999477160798747e+00,4.433304788055913437e-01,1.546853368645423776e+00,-5.212519791108063405e-01,5.441887867231010034e-01,2.177578956799849585e+00,-3.480371864171504015e+00,-1.113522095581831017e+00,1.418822597187182177e+00,-2.889271343682193294e+00,-7.363557947905282619e-01,1.681389109064727272e+00,1.417308239300851369e+00,3.877481935486499331e+00,-1.469898710913505102e+00,1.661033177434616981e+00,-3.887119549975174060e+00,3.864953726167678294e+00,5.487361227222455895e-01,3.194498582201386938e+00,3.045757490006679280e+00,-1.382050152523365050e+00,9.906235971536714313e-01,-3.013833238508562218e+00,-1.156280480187350967e+00,2.463576190304834768e+00,3.373072841371112851e+00,-1.078454093266719260e+00,-1.802438398397849362e+00,2.073294186875376699e+00,2.923390053398245314e+00,-3.879967463841639930e+00,4.174296479815096106e+00,-1.233439251138146897e+00,-4.268114890337546541e-01,4.174485384948484423e+00,5.069719433943136178e-01,-1.927835945001497464e+00,7.612349578074145695e-02
-5.196597080090603171e+00,-2.502328421184581764e+00,1.383611258680206291e+00,1.456624789209494342e+00,-6.656943566558073400e-01,6.418739550713068454e+00,3.635482354653027937e-01,-1.303022262112928598e+00,-1.649382879932223656e+00,-2.364448224016695299e+00,1.632551036480496931e+00,1.127525491060388685e+00,-3.223776203529620243e+00,-2.442401692520309808e+00,-4.988707645093913290e-01,-8.747928845958679034e-01,-2.086017976100779769e+00,-2.988690073760958743e+00,1.420617062029349231e+00,-1.914729622702097567e+00,2.430077037151681107e+00,4.975532151240312118e+00,-2.991541780926340266e+00,1.487834384412954014e+00,-6.117043524111047681e-01,1.899723350828649959e+00,-2.944095196834363160e-01,1.349367104357837022e+00,-6.663355760108442549e-01,3.458963949879907407e-01,4.155315029951017536e+00,-4.556444470496549215e+00,2.653093637288273854e+00,-6.844632171087243755e-01,-8.749853664618323368e-02,-3.868373984065891502e-01,3.294562375291520961e+00,2.183521964892776168e+00,1.813647044168378741e+00,-1.918872588592495099e+00,3.641195251995234194e+00,-1.371857159033711637e+00,3.173429571881871247e+00,4.759424899866979697e-01,1.878418868545892018e+00,5.542236780874918445e+00,-5.841193414765754710e+00,4.140100097642328558e-01,-1.121069914190875982e+00,1.384834570101113549e+00,2.265814633843433512e+00,1.185463963005653376e+00,-2.089662771653181927e+00,-1.587505295236597336e+00,3.395320261943764795e+00,4.857316324604607161e+00,-2.093163905504230815e+00,5.664856413585679817e+00,-3.627685652285578932e+00,-2.693540948381315303e+00,1.911743860762800562e+00,9.749645953785007757e-01,5.486249937761813467e-01,2.184134498683588888e+00
-2.801188404385690056e+00,-1.205003156639338657e+00,3.395413013905240085e+00,1.307455251676524322e+00,3.250212818939317572e-01,1.555630522703270291e+00,-1.476579155123587173e+00,-3.414904290728693059e+00,1.091576536367272920e+00,3.917906469055409957e-01,2.613381800521037412e-01,1.630578903836727767e+00,-4.324763054305396537e+00,-1.271549159235187076e+00,-1.361861448289668930e+00,4.265219781781071084e-03,-4.998336149226417113e+00,9.608530157641919089e-01,2.027551250184425946e+00,-3.115876647831510748e+00,1.681026400116267805e+00,3.925667896181798344e+00,4.789211146571521471e-01,3.637326945408542400e+00,-4.782392043631102929e-01,2.099456655975596053e+00,-1.124761856150643169e+00,1.501572077431168939e+00,6.140609427549696964e-01,-1.535408436999250004e+00,2.778017934566197944e+00,-1.700082735307040238e+00,1.580772288756369992e+00,3.180560904253129095e+00,1.069382144350041530e+00,-3.100039728547738349e+00,9.700030712456255699e-01,-1.823114190205773699e+00,1.423482794153685393e+00,4.589843941952083117e-01,-1.530157661605977548e-01,-3.088602825810883523e+00,1.324482738562578810e+00,2.953515742225566232e+00,-2.630395690766704764e-01,1.855985459811520633e+00,-1.908398913611473180e+00,1.320910304051170936e+00,-2.283573133892106810e+00,2.375013634833406329e+00,3.981279389343659769e+00,3.114738039937682501e+00,-1.962414772845068711e+00,2.310042693531264568e-01,3.921424894101606107e+00,2.794016492912577032e+00,-2.050011419362419929e+00,3.571282005669771831e+00,-2.098404773595354378e+00,-7.277047138546377525e-03,2.173142540793060462e+00,1.518067012109011849e+00,4.619067250718713047e-01,-1.031401445314233722e+00
-3.314678637543270412e+00,-9.366794572483170267e-01,1.598788490221970671e+00,3.123809926475004772e+00,2.291149473535268655e+00,1.466038704228401324e+00,1.667677904250181031e-02,-3.927421610990433076e-01,3.766002037867630658e+00,-2.628280902798190155e-01,2.794348984693692195e+00,-1.336904906461441334e+00,-3.324150865986306158e+00,-2.167909158376454037e+00,-1.439602015050972295e+00,1.221802350542817273e+00,-1.933981540475474992e+00,-7.199818163710223207e-01,-3.522607418568521886e-01,-3.645685947710532560e+00,3.027784850898357139e+00,4.425002642784463980e+00,5.129407817733397934e-01,4.146872520771877291e+00,2.699147639268020260e-01,1.809018010956774836e+00,3.090368941167304762e+00,1.268411911557227656e+00,-3.037730317521640799e+00,1.365327929501703341e+00,5.569836955310949023e+00,-1.906623475011884894e+00,2.390352037869772905e-01,2.791895276647705870e+00,2.985517917479822536e+00,3.209152983508696266e-01,3.232591166699539720e+00,-5.813069221719158186e-01,4.001544694442570105e+00,-1.323192122069397181e+00,2.696927493760679084e+00,-2.193513659748272282e+00,-7.939341561234192213e-01,9.145621482494545873e-01,3.416327256667111456e+00,2.911176181172124622e+00,-3.728140844128152942e+00,-2.044826148870693139e+00,-2.911659394138075729e+00,2.241511444784607843e+00,4.126493866999477511e+00,1.701264020849676539e+00,-8.311282899768711596e-01,-2.512043542508827887e+00,1.845343986305698181e+00,4.961526128762871579e+00,-3.126963483345677197e+00,3.187515932790396356e+00,-1.927729953957896925e+00,-2.190864305320124661e+00,3.930068720275674554e-01,1.777984208285072310e+00,3.950817837143689726e-01,1.728198915870991836e+00
-1.693431702981279319e+00,-9.984744387521261588e-01,-1.106424653507275480e+00,1.838402171851252209e+00,2.395113965842202042e+00,4.500910211704134412e-01,-2.772410196192563792e+00,2.811237982809904334e-01,-2.135930136734964790e-03,-2.431566512331154506e+00,4.198791227110949542e-01,2.558756921271793661e-01,-3.284843959681615466e+00,-1.962581642439301222e+00,-2.889041326548296151e+00,2.299822550141950472e+00,-1.095291276664171809e+00,-2.827550442549199516e+00,1.567460078754986386e+00,-3.963355712368277661e+00,1.929780047163972334e+00,1.074290584829802109e+00,-1.203924279380271134e+00,4.251929077164228410e+00,5.123230565200815434e+00,-1.857226274611464500e+00,-1.324827067962556004e+00,8.840846966986717348e-01,-1.745131827361779964e-01,-2.867325049223981015e-01,-6.279792549022871206e-01,-2.434892896411558816e+00,1.862794152896083855e+00,-3.112767133470830672e-01,3.687187580803034659e-01,7.861644723864964490e-01,3.148024830499640547e+00,3.033517970662383156e+00,2.389639687998166728e+00,-4.136463141568369473e+00,-6.369430358044652074e-01,-1.748444155358233942e+00,2.401549105913397764e+00,1.686394668924511731e+00,1.255303283128936354e+00,3.522252904602124701e+00,-1.710624942387344305e+00,2.072095885147073879e-02,-4.551870775272495173e+00,1.543889175084352194e+00,1.722378082955246414e+00,2.539805700082968798e-01,-3.668370992460494584e-01,-3.537822975294959704e+00,3.771063029726743565e+00,4.593182873860071957e+00,-3.884600662645652402e+00,2.876184856324535133e+00,-4.095690410586531272e+00,-6.747328916147034006e-01,1.221995394494675313e+00,4.033014667192320601e+00,2.350129179492561060e-01,-1.919358386419165452e+00
-1.862592024716211547e+00,1.293947322858389981e+00,1.640317481058652049e+00,4.698784693956087111e+00,9.042514125608029918e-01,1.732686533491766046e+00,-7.546363144368810616e-01,-6.001283006901046990e-01,4.077746611005355071e-01,-2.834350937375047952e+00,7.333764251070760132e-01,-8.221425942990218116e-01,-6.134346916685283979e+00,-1.395296001371999051e+00,-1.931846567788070068e+00,-6.353561834551715304e-01,-2.680898670572513076e+00,-2.125052332725774207e+00,-1.594432772423717726e+00,-2.479998608054710285e+00,3.645173671186341835e+00,2.767987631239156698e+00,1.683253434310572061e-02,3.484399730042946786e+00,2.188774478782385735e+00,2.323215704026420969e+00,6.763503470297366205e-01,9.146199703940480763e-01,-1.212882186075361912e-02,1.421867602183527035e+00,1.354795656716662577e+00,-3.677471324081747373e+00,-1.914973548524034896e-01,-4.693821773435045142e-01,2.074283733314193690e+00,-8.724147873832941436e-01,1.633119674027614598e+00,1.699668911429800922e+00,4.784248164037797402e+00,-1.581128195519666324e+00,3.112044293138386486e+00,-2.936092934445930336e+00,2.174328519550208227e-01,2.265249437651363884e+00,1.221319607609342217e+00,2.581852881766509622e+00,-2.994684779463303581e+00,-3.902631620193874884e-01,-2.993304516925120229e+00,-7.179716990494480200e-01,3.789065441476608065e+00,1.148395620994148381e+00,2.829609206105134778e-01,-3.150328803479097495e+00,-9.416872756290040059e-02,1.383569780038578223e+00,-5.256150691374901207e+00,-1.064917256026504777e+00,-2.651321405789309082e+00,-2.320442781115474862e+00,1.544717092974730033e+00,5.262057523240264434e-01,2.275263694478052157e-01,4.863090580955084508e-01
-2.738778245735420391e+00,-4.742318629335517954e-02,-9.667455681851300220e-02,1.408050926302099271e+00,-7.775645116859164485e-01,3.651301708474573360e+00,1.627822946896233081e+00,1.285192092657892804e+00,3.283941352308931805e+00,-9.346204819548100673e-01,3.055616175526124412e+00,1.010280369422462687e+00,-1.427531993182918235e+00,-2.287311737170263370e-01,-3.209905305114642449e+00,1.958326678767268625e+00,-1.044797520852588146e+00,-2.367190937316741017e-01,9.362748350371475903e-01,-3.925530498785398947e-01,3.955699391911927876e+00,4.636033458798714868e+00,-1.387167352439613088e+00,2.176434369836316218e+00,-9.950256866570579284e-01,8.271711356289592754e-01,-1.066021897486045145e+00,-6.011994055034703965e-01,8.388953323514065641e-01,4.386692678958716840e-01,1.861727142855488459e+00,-2.854594993949505000e+00,3.068053530909244486e+00,1.234168646845361206e+00,3.309362144448518839e-01,-1.657099906580378423e+00,4.745545047632885094e+00,1.434293809949569454e-01,4.705975196013058692e+00,4.608675206260357538e-01,9.676359730077112031e-01,-1.349156163424186872e+00,2.904903491845547414e+00,2.552674021366730717e+00,-1.496701127094766104e-01,2.438163787054578702e+00,-2.343881349649206136e+00,2.380718098050333964e-01,-1.212949723101815813e+00,1.824680560252998962e+00,4.499672721196049885e+00,1.725910587003045560e+00,-2.028117787294834162e+00,-8.167635338926844124e-01,2.997445006868417750e+00,3.198232977821743539e+00,-2.038030409020222589e+00,5.772008662210827978e-01,-5.107724956523600923e+00,-2.131212677798166588e+00,4.971660622316404599e+00,-2.835690691597814173e-02,-6.004476168763211996e-02,-8.691690042407362871e-01
-1.157512420969451394e+00,3.511800380096559149e-01,2.653128875975117928e+00,2.726806058315149883e-01,5.498373310146442705e-01,3.168120542583010568e+00,-2.857185595057233574e+00,2.079138935980694436e-01,5.276681300097010308e-01,-2.557797376109971488e+00,1.965304782739525136e+00,3.705966219482262902e-01,-4.350041963304208004e+00,-1.445150461622402460e+00,-1.091789889733524310e+00,-2.822815616804641436e-03,-3.876979569783936874e+00,-3.191072408265387850e+00,2.103607370087058559e+00,-2.109145923270415945e+00,1.391396521566506950e+00,4.803642172564752677e+00,-7.606202514195476994e-01,3.620119077588357825e+00,2.073296662075488683e+00,6.199209159492752974e+00,1.517550264153411099e+00,-3.786271204926481282e-01,-1.180856650422175580e+00,-9.563164050770689428e-01,3.396785148622128325e+00,-4.229604823542103098e+00,7.854270777004848103e-01,9.914938983851839804e-01,-1.839690030222487671e+00,-1.050559616539109342e+00,3.691468491994229773e+00,5.224646403266515193e-01,2.956819088440469923e+00,-2.202639673232952511e+00,1.889563989233820962e+00,-1.717799168128009590e+00,1.890777339507332622e+00,9.628069873181381855e-01,2.257473480477417027e+00,3.371960845639293325e+00,-1.202714266438281276e+00,4.576854243496191188e-01,-3.455572610802349232e+00,1.197667373143333824e+00,3.095672760517854893e+00,-8.571443721067573129e-02,-2.255974758005944381e+00,-8.297103579317086641e-01,4.340870698663185756e+00,2.367782960726223074e+00,-2.149826529720364476e-01,2.619072384892860761e+00,-2.608286253183608405e+00,-1.151897635278877896e+00,2.865956382920699319e+00,-9.599312529227823632e-01,-1.204835170393388610e+00,1.662194224168124790e-01
-3.679558455376259474e+00,-8.112295470928384544e-01,-1.771304803099409408e-01,2.084391630005225871e+00,5.051024379544677423e-01,1.050122899879035288e+00,1.697575114725358603e+00,1.443813975171209130e+00,4.389972664330279439e-01,-2.910176574304604191e+00,2.968663653220973142e+00,-1.587898110508405014e-01,-4.462111395601667141e+00,-5.522711839398044553e-01,-5.563934339217169178e-01,9.495944648221192885e-01,-2.298807709164830460e+00,6.036370920584557265e-01,8.084345832333289517e-02,-2.226565905682852176e+00,2.860366310367771447e+00,3.482036667280406839e+00,4.940231787701050425e-01,1.976317328906949999e+00,3.136115088528765860e+00,1.006781803117665408e+00,3.308552132742519802e+00,5.793252988851835816e-01,4.230096695638108084e-01,1.414215295377721837e+00,1.253139561222179843e+00,-4.747352166993691114e+00,4.385299714140522553e+00,2.871090457035314181e+00,2.728024696187436149e+00,-9.381565130396511965e-01,3.345291179148429883e+00,1.039498940994831422e+00,2.556972352523214198e+00,-2.184051295706264550e+00,2.524599877351155541e+00,-9.954016913725476368e-01,8.544298822871746468e-01,4.142330856718885457e+00,9.321411079919390552e-01,3.204971010541546761e+00,-3.297248173482179467e+00,-1.633143916247475902e+00,-2.968199009413485356e+00,2.882627846113559933e+00,5.202292310686058130e+00,3.443128306417622131e+00,-3.199585262319351031e+00,-8.524339669221214777e-01,3.819330749340374531e+00,2.557230958548803557e+00,-3.289668582980020073e+00,3.502840877906598926e+00,-1.896750195794435268e+00,-3.997776277064885697e+00,2.432678192067348810e+00,1.404601328903113622e+00,1.741277469650646115e+00,1.054545328175106045e+00
-2.665235477704109179e+00,-1.188279103606175724e+00,1.831196337065621016e+00,1.778421409104531392e+00,5.375803160529156743e-01,1.871481690189441771e+00,2.805634315069600593e-01,7.272998162850554671e-01,1.230655415095379901e+00,-2.602811070574233110e+00,2.959933991593064473e+00,-5.777378035500855269e-01,-2.754693918872798797e+00,-5.646277820566485417e-01,-2.614300352524779214e+00,-2.197647152218877853e-01,-1.488250888518518833e+00,-1.798864233010437852e+00,2.211673178624751213e+00,-4.310265887937183571e+00,5.639735418647250142e+00,1.058367442940996828e+00,-9.201832296918144305e-02,1.946493660982130169e+00,2.542518350360933876e+00,2.674934071201773289e-01,4.352248323653010731e-01,4.535323840587621724e+00,-1.009557302307829918e+00,-5.055684371823745415e-01,3.350967453904940996e+00,-2.515300707870504304e+00,1.610256480223460906e+00,-3.551395945894781914e-01,-2.636761470988423284e+00,-3.266643960329575602e+00,2.007547770175425406e+00,2.808085677956233539e+00,2.990795266330917634e+00,-1.048706854657756704e+00,-4.086985993208149814e-01,-1.054123789458241145e+00,7.548412561330362092e-01,1.448090069798378510e+00,1.330243785566575188e+00,4.106906727358154541e+00,-3.830928730110795488e+00,-6.862372750770844299e-01,-1.952194635129136158e+00,1.534475342733572889e+00,2.648156889310222084e+00,1.478010502658683167e+00,-2.640315117331136996e+00,-4.547703713912885526e+00,2.226630702683972451e+00,4.962584268935557041e+00,-3.019277255878493271e+00,1.930972964628309363e+00,4.325921369557290674e-01,-1.600952804418045217e+00,2.202379661029107538e+00,1.132088465946324174e+00,3.102099277995250315e+00,1.111390347306379311e+00
-2.678287750895225194e+00,-2.233825310292100852e+00,8.870853613601950016e-01,4.130560408651265725e+00,-8.836584943556020644e-01,4.024849436750554510e+00,-6.950787172469052866e-02,3.238034314963071925e-01,-2.531967363457294784e-01,-1.545594645901798181e+00,3.148798182661744161e+00,-2.684003627834826933e+00,1.788153677148995868e-02,-2.814963860136665552e+00,-1.035004328916484972e+00,3.288069940572008409e+00,-5.023620062396711994e-01,-4.761258010006829799e+00,-8.916187073431036669e-01,-1.691702318182264575e+00,-7.126211465945857526e-01,2.761478745677945934e+00,-2.059593375968600704e+00,1.222448755054158509e+00,1.448968921140052268e+00,3.397477905826093103e+00,1.963434251967052013e+00,-4.953117899458090445e-01,1.545711116433424959e+00,1.361553380220468457e+00,9.599438546044127829e-01,-3.456411717314584742e+00,6.783890671188541610e-01,1.827905342660061550e+00,-1.066497811406962537e+00,1.002437071082771247e-01,1.229327460358022428e+00,1.649493343912571630e+00,1.836885925689410337e+00,-5.763396482318794423e-01,1.951198555671740387e-01,4.567802719938478528e-01,2.880245600114514026e+00,2.595506143997168724e+00,1.473995350950419558e+00,4.706433114961562580e+00,-3.018068523602251307e+00,-1.183653671564103282e+00,-3.286455467410910991e+00,3.688456428551460498e+00,3.757049495773340020e+00,2.830236965282044714e+00,-2.203344966287412721e-01,-3.426428806100634716e+00,2.710170201688507863e+00,5.010654266857191175e+00,-4.080082641650689013e+00,2.793925856662744511e+00,-1.598426637548750140e+00,-4.291190292325326894e+00,2.165821566336773252e+00,4.770254636299043893e-01,2.471965152949940348e-01,4.133327122372564832e-01
-3.813507372270979801e+00,-7.268292933694675551e-02,9.062327860980602390e-01,1.829550175588475769e+00,1.207330208864527687e+00,4.115574280516349326e+00,1.142554238647742526e+00,2.600291052258746349e-01,2.792258623380574623e-01,-2.056524171018895508e+00,1.897631438404286275e+00,-8.949559109634185328e-01,-1.195754160651408826e+00,-6.477817141125694622e-01,-1.797101722130884704e+00,2.958337995836547218e+00,-1.834003177622780534e+00,-3.322879228334161272e+00,-1.398247217109934049e+00,-2.402036842854756493e+00,2.048647172479064693e+00,2.621079104101794233e+00,1.659391412667399646e+00,2.143530105066068447e+00,2.403192625068494070e+00,7.710332976597282784e-01,-5.123210533257256394e-01,-9.925600246948469429e-01,-8.983939105806341141e-01,-5.294037508461759689e-01,2.369558841375937863e+00,-3.418207936605622610e+00,6.158659306152546309e-01,-6.884616267525380806e-01,9.831896238590198678e-02,1.070741580988262331e+00,2.809237401317961957e+00,5.497688267370626214e-02,1.067395174812089564e+00,-4.057793593000238452e-01,1.955139892304906368e+00,-3.437934714033849204e+00,2.848416237125524830e+00,2.484348603675001765e+00,8.836314850071372851e-01,4.107176588188593769e+00,-3.537443257794426810e+00,-1.797162771286815730e-01,-1.875301015337038191e+00,3.927462587841311858e+00,2.727148139823299733e+00,2.665590608862104638e+00,-4.305808811869977770e-01,-8.635425725763361537e-01,4.816280970001041162e+00,4.131353418722643056e+00,-4.194207646471902251e+00,2.290953918616145835e+00,-4.483486238398710633e+00,-2.244506235088901569e+00,2.599888112579491928e+00,1.954667041088374857e+00,-1.526885305126386649e+00,-1.241807072776215937e-02
-2.166232869141996975e+00,-1.020728699585122357e+00,1.219212896730049067e+00,5.709620880360199990e-01,3.071630740197906828e+00,3.226277500138019505e+00,1.247279686873483395e-01,-3.601497606787773531e-01,4.387746992315369354e+00,-3.084711000416799465e+00,2.216393422480553710e+00,1.402292884051659083e+00,-2.851431107857208325e+00,-7.807860521347054217e-01,5.141537145354153626e-01,1.224709810457496939e+00,-3.265635897493526230e+00,7.762545576396506775e-02,-2.938339169884955915e-01,-2.913595118877088996e+00,2.180256748691049129e+00,2.652816180543156044e+00,-1.837021729959080529e+00,4.240376579735361418e+00,2.098185065720303388e+00,2.234575556916575056e+00,6.010861761252733748e-01,3.354664876998328937e-01,-1.772891065548006573e+00,-7.678954433091134124e-02,5.038933105556951730e+00,-3.816830177805933921e+00,5.135945295381917353e-01,-5.948484480350935133e-02,-2.905339768908223874e-01,-7.541294064774750616e-02,3.313382038011036812e+00,9.489195140259663042e-01,2.974864686241319056e+00,-2.869059536827283985e+00,-4.870086765341259394e-01,-5.192257077108976659e+00,2.127378653440184397e+00,2.347935908606763267e+00,7.453053168272005813e-01,4.039131809659172845e+00,-1.523475403380812221e+00,-9.523803692251666675e-01,-2.554636566620705818e+00,2.438946386191884308e+00,3.157125885748728766e+00,-3.484509314802768376e-01,-1.958144484401465935e+00,-5.899291164979370006e-01,2.339284173497253150e+00,2.568316870573247535e+00,-3.460888939955963473e+00,2.168854466432459382e+00,-8.736966136530426308e-01,8.566387661923522412e-01,3.795817102712045976e+00,1.455152332057378484e+00,-5.732916057904275942e-01,1.266450742315345934e+00
-1.224302363770680024e+00,-2.183110323904751127e+00,1.476251866372742638e+00,1.928333106340649472e+00,1.888013336349906091e+00,4.040013138254217928e+00,-8.754981129032890497e-01,2.524617045560778594e-01,8.123676200856626561e-01,-2.755101028645984051e+00,3.952706026710492537e+00,8.113988322620302451e-01,-6.886208714398856401e+00,4.319995765129738263e-01,-2.460291166183965039e+00,-2.929337851892008793e-01,-2.860799031929456948e+00,-1.123163928796101718e+00,1.677628113783324881e+00,-2.834899576868871840e+00,1.938027634963275236e+00,4.364410063501805936e+00,4.717826924312318315e-01,1.619921721939554304e+00,7.542505958915888264e-01,4.678775585890825539e+00,-1.179166024471212770e+00,8.536520931915372312e-01,-2.312566754865969632e+00,-9.924628454248756171e-01,3.964706764371872971e+00,-4.850614615682721897e+00,4.540412693791147092e+00,6.323892798198808007e-01,1.500022780270423572e+00,-2.260744881790941463e+00,5.507822489376267505e+00,1.272844240311658215e+00,3.281230052351991056e+00,-3.185454553581140935e+00,3.172914180078352242e+00,9.460265363419084750e-02,2.199407477334961225e+00,4.972353690518097835e+00,2.864086953774057420e+00,3.709705493676896282e+00,-1.198521417881422524e+00,5.023428663453023413e-01,-2.858663523121265371e+00,2.170791970973702689e+00,4.893547600475831594e+00,2.100693119771901429e+00,1.255781390336034864e-01,-7.365608022095881946e-01,1.207017306108612464e+00,2.733878162654003852e+00,-3.252853961306120034e+00,5.088711324805358593e+00,-2.890584443830236605e+00,-8.177572226961223878e-01,1.069375911728739803e+00,4.279530322539483178e-01,2.120579418325697907e-01,9.852441137511306346e-01
-1.203832155362118961e+00,-1.882933322120364128e+00,1.549125626669097144e+00,5.012854507875710297e+00,1.209135233017125111e-01,2.927692699551630362e+00,3.544651196855460595e-01,-3.879101172300565281e-01,1.509872907695727351e+00,-7.694803924687898533e-01,2.377005953601402322e+00,5.632578616119837678e-01,-4.134062288818547870e+00,2.755625774861263366e-01,-3.796832675227320486e+00,5.293076920631585303e-01,-4.338774456292921577e+00,-9.916978251684394063e-01,-1.442887567078935396e-01,-2.827372920473250506e+00,3.656071023442865275e+00,4.656660580664377491e+00,1.820373345494353812e-01,3.076871162771648294e+00,4.950026263771036383e+00,2.900503897731639746e+00,4.043683998128587476e+00,-1.580358848783949277e-01,9.447322649413236739e-01,-2.534704847002082762e-01,3.216846385262249974e+00,-2.792287291738341004e+00,1.612804433008957483e+00,2.889735680314120092e+00,9.449234183147667832e-01,-1.546168113839511582e+00,3.957578635211597806e+00,-2.082913649389486199e-01,3.539782652956205311e+00,-2.527927401834289878e+00,2.309674715130215716e+00,-2.856375060916369613e+00,1.541659307872626616e+00,1.816049072399058772e+00,2.589823164997469007e+00,2.858974692667321627e+00,-1.240608689043072754e+00,-4.067445669149194032e+00,-3.083274299594047640e+00,2.416932150336509100e+00,3.497108730943143229e+00,1.781281889135125418e+00,9.955078807614219372e-01,-1.348196015449264262e+00,5.962916443030412239e+00,2.167728837554138366e+00,-4.103390615907496652e+00,2.423503200420254355e+00,-1.228948671878237864e+00,-5.791487059144941885e-01,2.095804390609896650e+00,2.559797361851352537e-01,-1.453695072882718931e+00,-8.013123996853753761e-01
-2.607751818011321721e+00,-1.939748797389592161e-01,5.164429655160101440e+00,2.345695130762617264e+00,-2.202751045110333372e+00,2.778031748178525273e+00,9.239965115959407616e-01,-2.085830087359559659e+00,1.513732824770898100e+00,-2.838261230501158749e+00,2.460747448921486669e+00,-1.524083703883834517e-01,-4.558879031476409160e+00,-7.783667785557948360e-01,-2.691830061389659523e-01,7.800217062039804805e-01,-3.604932019792629116e+00,-2.146116007024410077e+00,5.888155675680144530e-01,-2.365490803694559663e+00,2.998963963683081602e+00,3.936356522196166274e+00,8.543940565675200993e-01,2.339230656898250160e+00,3.835131573422149387e+00,2.407951864300902578e+00,-9.468961410052776362e-01,8.535451680387236006e-01,-1.678027160675183094e+00,1.244636179047859947e+00,-1.686479341990230196e-01,-6.481201047645184232e-01,-3.971468050478197398e-01,7.109204965266840981e-01,-2.738506992997333800e-01,-1.375951397629034512e+00,4.926073415008934475e+00,-6.058909613469456446e-01,2.838287506878666377e+00,-2.432189431376720723e+00,4.191342386807370701e+00,-2.509896373807630532e+00,4.438658031385209313e+00,3.591640339995081366e-01,-3.480398477260397083e+00,2.513171065970196683e+00,-2.166772769101533047e+00,1.125247971056677621e+00,-2.382216564503480072e+00,6.711525478156290525e-01,1.675783556048919376e+00,4.284426953037165475e+00,4.361896781346223939e-01,-1.601561130430336766e+00,6.754836718209982216e-01,3.926061164296073880e+00,-3.336691055286633123e+00,1.426799095838013010e+00,-1.226670794926659980e+00,-1.918526117641859985e+00,4.432602895641622354e+00,1.218676141075322183e+00,1.524345317110259002e+00,1.543719580358659638e+00
-1.568884404639710350e+00,-2.305792763038501114e+00,2.411621098438867516e-01,3.485460036741937273e+00,1.787955345147951292e-02,4.733942126165187503e+00,-6.658701157259836467e-01,-7.923071351532832152e-01,3.172839777119955684e+00,-3.614696730046805584e+00,4.003287847088099483e+00,6.205263997529977260e-01,-4.015729386005170376e+00,-9.024205357846477593e-01,-1.963974783701521121e+00,9.052589037454539245e-03,-2.046135104378592029e+00,-2.662458176252198161e-01,9.799850746994530626e-01,-2.816322649522520205e+00,7.074513093306540323e-01,4.010643479274592416e+00,-3.409753056569418961e-01,1.027227330622822565e+00,2.193777073063774452e+00,4.725901312175326829e+00,1.752943998801943737e+00,2.983281576646902966e+00,-1.505739098538342313e+00,1.964868404605660368e+00,-1.974397775523840437e+00,-2.256185338317121314e+00,3.745430981423316652e+00,5.556703025753912950e-01,1.205305579656905213e+00,6.548693527705371498e-01,3.189568232950910076e+00,-8.748055860041734633e-01,2.893885923711507768e+00,-1.963742729130714570e+00,1.517671586437312037e+00,-1.473510942516775835e-02,9.825916393802549553e-01,2.301162301523715481e+00,-6.654960726278842387e-01,4.457854001689504742e+00,-2.733268824283745957e+00,-1.349023088506013490e+00,-1.932935217452506738e+00,3.758394385557632056e+00,4.108176247678699156e+00,3.788650439791839908e+00,-1.751688567322397860e+00,-2.390127782981530391e+00,4.154884397752952374e+00,3.977522411220039800e+00,-3.995821086778474918e+00,3.214143240285127323e+00,-2.170999144411356774e+00,-2.740680699404492771e+00,3.469185571768075960e+00,-5.273587539671666935e-01,9.887300284539556339e-01,-9.654532599820292438e-02
-1.126268130166194759e+00,-1.038125236911089599e+00,1.774170127920269291e+00,2.543441738278780839e+00,2.064931365902345384e+00,3.391352462927116118e+00,-2.676036079993484584e+00,-1.827672166756451722e+00,2.995490831175994018e+00,-1.555466028566020675e+00,3.046413896523443743e+00,-1.039961164306501207e+00,-3.223864043579963035e+00,2.411546001270749029e-01,-2.054498435906385589e-01,2.072133379278409571e+00,-1.163494990586799060e+00,-2.004651850935388779e+00,9.429177406685465002e-01,-2.852323528686894871e+00,3.325491837526280747e+00,3.616123882157201486e+00,-3.114900102363310719e+00,3.698835084792238881e+00,1.156833939482489360e+00,2.203304057941622762e+00,-9.467014547330843133e-01,2.838204449941657437e+00,2.012608793158341847e+00,-6.821359224809167010e-01,1.066682592151357856e+00,-3.063342963325564217e+00,-9.664124584764799408e-01,3.598061973747324060e-02,1.662265754480395374e-01,7.646928087280324693e-01,3.281347731390683364e+00,2.808336310566344807e+00,3.074582462532271521e+00,-1.768033970274104805e+00,1.873327094871444443e+00,-1.648190817285124288e+00,2.779103074077375446e+00,1.987708813421218412e+00,3.097415733337334220e+00,2.417456327142313288e+00,-2.192880190766462345e+00,-1.254734994445331431e+00,-1.930348809534915500e+00,1.944012305854645239e+00,4.957972420306830941e+00,-2.086327362937039798e+00,-4.749942925882231215e-01,-1.507851633460814522e+00,1.375915810844103637e+00,1.848963970302475834e+00,-2.911077673343996697e+00,3.321809051604132978e+00,-2.523842037803686988e+00,-3.431665238945317498e+00,2.210078966566548786e+00,1.697083078011736745e+00,-6.071862143609291218e-01,7.061695163860071123e-01
-1.548676674430097489e+00,-1.884252342664761493e+00,3.009869279889981541e+00,8.674497982245907846e-01,-4.661578174408571584e-01,6.229343103424136885e+00,-5.626648045605189274e-01,-1.494461318604291211e+00,3.513820890039679234e+00,-4.416818198271160512e+00,4.410699925177823388e+00,-1.519336937043411329e+00,-2.785377427823638730e+00,3.374036564903348800e-01,-2.332523435059417505e+00,7.310718341542186138e-01,-4.878885277868498349e+00,-2.277062947197283638e-01,5.557653770663190107e-01,-2.793323051591572348e+00,1.649913873058491465e+00,3.338771589453862987e+00,-1.195797781066518350e+00,5.936683889603232345e+00,3.831801332940009353e+00,1.963935766986385278e+00,6.065707406489480036e-01,1.559843462675861492e+00,-2.593281955201511835e+00,7.802703567638984428e-01,2.568484660015948329e+00,-2.792397241714882128e+00,3.080150345696275771e+00,2.663728370288707126e-01,2.290539052831107369e+00,-9.477218060464871474e-01,1.719834059541524907e+00,2.874653529307401367e+00,2.322831275915569815e+00,-4.252341277388267393e-01,8.567585038276653853e-01,-3.598353507560579700e+00,6.966063099383823509e-01,2.345525145485007013e+00,5.343476219857788978e-01,4.076689542005205169e-01,-2.418024686220530572e+00,-1.172112833291717005e+00,-1.014876640333701729e-01,2.067141348775202836e+00,4.137754607993304745e+00,2.743431984769459486e+00,-3.289218198241083524e+00,-1.149707934594197400e+00,2.342234266543673282e+00,2.359510567128993763e+00,-2.800795788329958125e+00,2.439664094012028883e+00,-3.281413047137391459e+00,-2.051628482234513662e+00,2.082591172331613727e-01,1.610496856290640544e+00,7.742900785783010109e-01,-3.690949852374342255e-01
-1.465637955997733277e+00,-6.229463668823473910e-01,9.332766551468546501e-01,3.690906221112906227e+00,2.533359056671239617e+00,6.278386300732233138e+00,-7.943392176409462824e-01,1.371821752269648975e+00,3.337143755425109770e+00,-6.435422377745603217e-01,2.312519373278425938e+00,-1.948563806769697759e+00,-1.868931769267248688e+00,-1.388823660339931099e+00,-1.363874981811152409e+00,1.404558468519121917e+00,-5.438310195714496587e+00,-2.706681729045804730e+00,4.554395520703719002e-02,-4.403998470006438737e+00,8.602416193943354106e-01,1.398973809624734166e+00,-1.107782006760404725e+00,5.447535015338106135e+00,1.100326513776579862e+00,2.001927545912947082e+00,1.824558207549315858e+00,1.508761024467899059e+00,2.504217124299985553e-01,2.328457619848325888e-01,2.466530977403503577e+00,-2.129121820797749365e+00,-1.474843690034921551e-02,1.094104844127796516e+00,-1.783337947085860797e+00,-2.785147008064245533e+00,3.121961771964241628e+00,1.632517763602847172e+00,1.641754526860840446e+00,-1.544597650102498054e+00,2.195288201211856638e+00,-1.975565439830690107e+00,1.271784892253233767e+00,2.564067939459389045e+00,3.168774839336669036e+00,5.473314536830638843e+00,-4.042614626754490459e+00,-2.017506903817153585e+00,-1.625642112798916683e+00,1.333110865552417090e+00,5.054950289836113164e+00,2.550112480082628252e+00,-2.000822822969639869e+00,-4.400868637510195747e-01,4.070125941266345748e+00,3.687248411804015191e+00,-4.861834856605501187e+00,2.486139433393637521e+00,-3.891509151753849594e+00,-1.032562408170950352e+00,1.332415611520898047e+00,2.008395799731506948e+00,-2.128441143134468749e+00,3.541345567917668635e-01
-2.062368490492926032e+00,9.496221914168665457e-01,2.746687124400582825e+00,6.352480575855756761e-01,1.462750629425284998e+00,3.021620494189232176e+00,-2.544587053682664024e+00,-2.362674524883513261e+00,3.586624508375949816e+00,-4.046287804324620652e+00,4.411142063988629403e+00,4.014701840232445251e-01,-2.434578841202637456e+00,-5.086434589413865170e-01,6.148618401339649431e-01,-9.664726566513073269e-01,2.077036983269682224e-01,-2.747564324807185265e+00,1.732647130876184383e+00,8.658818535284851237e-02,4.313761641992796214e+00,1.770549265287354013e+00,-7.933133305937472013e-01,2.179489441675542150e+00,1.452215152180391211e+00,8.804373439543133895e-01,7.851553324915874210e-01,1.585936939969683657e+00,2.103189748700151629e-02,-1.776287742300023620e+00,2.939566396827494543e+00,-5.372786274045724397e+00,1.652407955300326137e+00,6.092211482929430488e-01,2.096810940670691625e+00,-2.390940983374499673e+00,2.144617402607771339e+00,1.354704707196157321e+00,1.511313197974659905e+00,3.232790164309891079e-01,6.194628321366679735e-02,-3.762085299119059201e+00,7.957428361656035953e-01,1.941647584730814113e+00,1.024931419728922988e+00,3.235919392451754639e+00,-3.395465561481370909e+00,5.490532989345018322e-01,-1.234685689582986745e+00,7.788680479075731355e-01,5.246944369677888353e+00,1.399454043912350620e+00,-3.773911831233271563e+00,-4.809334794044906047e+00,4.203845432565053386e+00,5.194103305843713159e+00,-1.837840132605880639e+00,3.855613679732767807e+00,-3.918339566695730802e+00,-3.044774335468487525e+00,4.751990971870638347e+00,1.150594019297263015e+00,-1.087944800800964007e-01,1.265428101590602150e+00
-3.986190238217225623e+00,-1.033179862000798366e+00,1.162492390828443911e+00,4.831498976238524534e+00,1.357206494444442857e+00,2.004018609812697527e+00,1.548499127544468612e+00,-1.463936684193321680e+00,3.842994160924591451e+00,-4.113118728634566068e+00,3.509282008241685347e+00,9.000126922080649017e-01,-3.181433774096781519e+00,-1.873773422164976887e+00,-1.137094633380914210e+00,1.484655718453017359e+00,-4.381935952212141494e+00,-2.685841013879224803e+00,5.302050194366039193e-01,-2.527966674947433656e+00,2.932988600455523009e+00,4.949547038236638663e+00,-2.116488593608545798e+00,3.691799850718056497e+00,1.276575017181046157e+00,1.709397821034518428e+00,-3.358702631126432303e-01,8.122449524261521336e-02,-3.743400947037864857e-01,1.805160735962135554e+00,6.029937451091440526e-01,-6.756251290858388714e+00,2.002034818734589106e+00,-1.932442198103942133e+00,2.553435201846137592e-01,-7.226057316357357152e-01,3.038750231768107213e+00,2.593292521648559390e+00,1.347108018863802492e+00,-3.920578379489463750e+00,4.275800317222508973e-01,-1.697878578012315343e+00,5.751463575934585570e-01,3.343003538632617122e+00,1.732812439365916335e+00,2.781129443186245886e+00,-1.858319847693304272e+00,-2.374342576025577412e+00,9.924150344699911308e-02,1.606557963702524239e+00,4.043510787313724819e+00,3.258415307540690975e+00,-1.441646255525268261e+00,-9.662002631065957914e-01,3.354786634748633478e+00,3.339463790445683422e+00,-4.477731579681443641e+00,3.698085592371984642e+00,-2.363891780949470611e+00,-2.374962989381643741e-01,-2.844502409021387734e-02,1.347429387007619273e+00,3.481408385038297082e-01,8.304810477764086318e-01
-1.552629303408580075e+00,1.030792075539746389e+00,1.118044839965274928e+00,5.661084163132574787e-01,-1.074443833460233533e+00,4.687539530800592047e+00,1.669156164928072172e+00,1.661244348117233427e-01,4.019790817445538345e+00,-2.128046358186584719e+00,4.381423403646960146e+00,-5.550912270821460881e-01,-3.896308423645777008e+00,2.140036655113660480e+00,8.853765896105643129e-01,4.170751762772568760e-01,-3.431031133045303161e+00,-1.460412377437909637e-01,6.634426811773073140e-01,-4.595265469749404197e+00,2.377148556444659278e-01,2.906656398710717237e+00,-3.526808792436184059e-01,2.673697890455456250e+00,3.947418886343901701e+00,2.903453826921992054e+00,2.152471042918622679e+00,2.821920254315901211e+00,-9.882272591997731670e-01,-1.837931483517603937e+00,1.829699410574665119e+00,-2.172781377547022608e+00,7.416695683183831544e-01,-1.801392875085716661e-01,2.259576018721383583e+00,3.406970082644480424e-01,3.860499393709423188e+00,5.588257164494159213e-02,-9.150479653626191201e-01,-3.891360719043942318e+00,3.521280866153506217e+00,-1.550518842214589910e+00,-3.334071510325165022e-02,3.010813984613843530e+00,1.552241012727699765e+00,1.314082033098549651e+00,-1.248039566264264488e+00,2.859877293566392087e+00,-1.090092797073272335e+00,1.801841301390107564e+00,1.582814965479716118e+00,9.396478376353157858e-01,-1.339787570258722305e+00,-4.355779693348813097e+00,3.875671965676626307e+00,3.270047563299808502e+00,-2.857316390686841956e+00,3.787444455908261620e+00,-3.966607523648694400e+00,-1.904188702193344351e+00,1.947502069057562180e+00,1.828386104377094812e+00,-3.805624217225153094e-01,-1.950833609049866357e+00
-1.275574031043975154e+00,-5.216264919774233899e-01,3.180709355054895937e+00,6.120114692041462856e-01,9.882825731674170777e-01,3.871391983999223463e+00,-1.128527998215258510e+00,-1.892951634372356251e+00,1.930268171299065472e+00,-2.176263621304975082e+00,3.411565874356423222e+00,-1.773035014830079970e+00,-3.880007446934591542e+00,6.013766112429486110e-02,-1.491194567794701609e+00,1.824208415549113393e+00,-1.968292559124602548e+00,-2.023883875453504455e+00,9.502856227353042584e-01,-2.015736603663828674e+00,1.984838256475297547e+00,4.676497469122047335e+00,-2.140739972020623938e+00,3.118299764148124265e+00,2.272347035925745828e+00,1.541961206075825430e+00,5.984354873783959139e-01,-7.735042649370438284e-02,-2.409673589232293356e+00,-4.383029231193968922e-01,3.048244623810136389e+00,-1.708103768034366698e+00,-1.409159084863946809e-01,2.821162686298377409e-01,-3.116371393842477522e-01,-2.784309828325230995e+00,1.574403068599703692e+00,2.795669058049781608e+00,1.349678754701931105e+00,-2.708252379656792108e+00,9.832334848773947034e-01,-2.188872757114743273e+00,2.006135483091862959e+00,3.639502590380872427e+00,-7.228183797886624795e-01,3.540005192328868677e+00,-1.828036569879875284e+00,-1.008039335324761199e+00,-1.070746844366060602e+00,1.729808945397788733e+00,9.892869652862605889e-01,1.982608219855651610e+00,-2.152109433478138101e+00,-2.641177160936472923e+00,4.622124761398993087e+00,3.663080955950817064e+00,-1.124653270531239091e+00,4.083282376475287911e+00,-3.138692370861387637e+00,-1.397179189551685852e+00,9.384626231210557723e-01,1.589649386552625998e+00,1.841718609832593279e-01,1.004465189681757131e+00
-2.403317625053213558e+00,2.012411531139428611e+00,1.498882077320601747e+00,2.704010651299383561e+00,-6.804094538753002741e-01,3.355502701539189392e+00,3.599961440844363647e+00,-6.481427066509648505e-01,1.563289957270759478e+00,-2.407256165606087794e+00,2.590376812189927325e+00,6.740888319020067465e-01,-1.559425622123853383e+00,1.179087109970747838e-01,-1.374377618177713423e-02,1.628761028882178330e+00,-2.266788347335038534e+00,-1.805789037740287206e+00,7.698168106826830392e-01,-1.530463425799178045e+00,1.048675641810908887e+00,4.424501284840998139e+00,-3.227234050898158735e+00,4.752451354152255725e+00,1.117941636256253091e+00,3.261328664626393703e+00,5.946198263877564560e-01,2.763886846330243507e+00,6.024191016155553413e-01,5.398271547838087159e-01,6.749367261658998363e-01,-2.818239826939216819e+00,8.976483592345598783e-01,-3.735739649705422938e-01,2.468957021495940207e+00,-7.151012986339621014e-01,3.885823254978115759e+00,1.243821566176982030e+00,2.255340276928563537e+00,-1.167874579532466761e+00,9.092715860046123311e-01,-1.440086733011062270e+00,2.714894090054575049e+00,5.990064835992745529e-01,2.086929694837393434e+00,3.752111116794190071e+00,-5.662925186351276174e+00,-5.438095291535729459e-01,-1.964440759522019242e-01,-5.825119318749769626e-01,3.493867076405399175e+00,1.623968202311385722e+00,-2.613973997993247700e+00,-7.573921950364803646e-01,1.944088504308573162e+00,2.560978705277577205e+00,-7.240741763827580613e-01,1.926741219954627216e+00,-2.639935101309794252e+00,-2.700503534284573348e+00,2.070923440275275418e+00,1.475702778649607971e+00,-2.061601257190897485e+00,2.635889508083767208e+00
-5.223268690140611348e+00,-1.499695112371222550e+00,9.716198316286779324e-01,1.788319752424440745e+00,1.639255630879646430e+00,3.003187821863575913e+00,1.663810130565327006e+00,-1.675435906882548842e+00,3.459968775421032205e+00,-7.496409557297785131e-01,2.356251017823876914e+00,1.740100266237734061e+00,-4.505544795185883800e+00,-7.769562990953330361e-01,8.984739131489394293e-01,3.403645315386292669e+00,-9.905521078380377098e-01,6.599788635557568561e-02,-1.053056639634164293e+00,-2.376190442601002761e+00,3.047221175950283190e+00,5.550782105392133126e+00,1.022205670337886785e+00,4.758986419061074002e+00,1.243472382950039812e+00,3.389966585381688713e+00,5.889015852141299412e-01,-1.374964571807720137e+00,-3.110345931568658795e-02,-9.990698833336741913e-01,1.776279819176840080e+00,-3.286208759298211213e+00,-2.385908348089877951e-01,3.408038438104519230e+00,-1.745685281344739881e-01,-2.132822996971352580e+00,3.026413094444479590e+00,1.428424359313445802e+00,1.609946733450225320e+00,-4.005370860988819448e-01,5.956568020002901420e-01,-1.503696488428550859e+00,2.587157479234171387e+00,3.498690931032671259e+00,2.212764187711913522e+00,2.382753667293605382e+00,-1.473238104404506865e+00,-1.684505349945136121e+00,-3.451589127420799041e+00,2.430323963211821869e+00,5.131816309089240136e+00,1.360310495481134918e+00,-1.291512431179856701e+00,-9.022461780826533939e-01,2.705182198257062520e+00,4.787997020631952871e+00,-9.082524061334895649e-01,2.613806830604517462e+00,-8.558802294768639296e-01,-2.671737707450869692e+00,1.480030841039705614e+00,-2.302106667389164141e+00,-1.815572851624159822e-01,-3.334476518397464506e-01
-2.360172435456273199e+00,-1.070726804729865922e+00,9.916680859603599352e-01,1.833111252410108527e+00,2.123873018291837500e+00,2.830677952447826051e+00,6.417411281202207718e-01,-3.391074351443322810e-01,2.183430155613402590e+00,-3.120184197075758004e+00,7.973263013588045567e-01,6.267763514227565613e-01,-3.755691357046115453e+00,-8.111219906117212997e-01,-1.087826766170315818e+00,8.508214829633297116e-01,-3.629505097408644687e+00,1.587961572587781589e-01,-1.547344289839165388e-01,-3.006892718962947075e+00,4.229420382123299404e+00,5.909630626156885391e-01,1.004105064337295072e-01,3.378521236076823087e+00,2.648667659906148053e+00,3.799565860786819460e+00,-1.866410763138957041e-01,1.972407403317124830e+00,-1.801137938529997040e+00,1.355743931685769343e+00,3.494196514786869656e+00,-4.978591933370865696e+00,1.466668096227708551e+00,-2.116438202372283861e-03,-1.398508963064978294e+00,-1.806898052492635465e+00,2.955341682413444637e+00,1.961374954169966767e+00,4.451815153279884640e+00,-2.024638390716689607e+00,2.563486104895804640e+00,-3.147907005885072884e+00,2.850168452339297609e+00,2.682633413201764405e+00,1.128386236274805832e+00,6.753265638099541945e+00,-1.517842460692166107e+00,-1.475398657903272515e+00,-3.405445426868618508e-01,4.693831447584886352e-01,4.014889882729113957e+00,3.197735489157301991e+00,-4.378240191520192948e-01,-2.314938843773376664e+00,3.371909429560782101e+00,3.289839905955532551e+00,-3.893525563519339538e+00,9.961646801647081606e-01,-1.574982182980074086e+00,-1.533661135045022217e+00,2.290546873359870172e+00,4.001727788730550794e-01,-2.445849610000930263e-02,-1.635689859165470716e+00
-4.366720005188915010e+00,-8.541914534414004612e-01,2.088736760227620781e+00,1.409242717698486969e+00,-3.952385976757589736e-01,4.078452544886030928e+00,2.073693878992321160e+00,1.975665400167784247e-01,1.409947018529067231e+00,-2.590459902075677334e+00,4.245558561472201120e+00,3.138836256085028031e-01,-2.938221139855672792e+00,1.830770551234103927e+00,-9.887260340342487464e-01,2.359314098583347175e+00,-3.960905544472021589e+00,-1.326402527686224131e+00,2.359239860217713591e+00,-1.228345548296140954e+00,1.337715903989542987e+00,3.109184078345662350e+00,-2.918135084152036374e+00,3.912821381962542144e+00,1.012910431622963792e+00,-1.473428382371064771e-01,9.114774830385388160e-01,-4.194004506948010302e-01,2.121573793521438933e+00,-6.340912491181285304e-01,1.347180689320269797e+00,-3.175654019812664597e+00,2.091793473231909228e+00,1.163715178813761408e+00,-7.931775689169677790e-01,-2.260537665692890386e+00,4.010026898964301978e+00,5.900400373234973017e-01,6.917954660937519762e-01,-3.235177804334354867e+00,1.181888085141177935e+00,-2.038702946352314527e+00,1.034202338592253190e+00,2.054059388998339841e+00,-1.247519957423977921e+00,5.423285488155605627e+00,-3.452672144147799216e+00,-8.497613846533371706e-01,-1.005117013276082494e+00,4.189432219058060181e-01,1.749294525047149440e+00,1.387833792924177301e+00,1.060933477883835074e+00,-2.472779690231686089e+00,5.224213940039314608e+00,4.766146514132465484e+00,-5.757648180699096230e+00,2.475982597005764951e+00,-2.952552926081374540e+00,4.119737483652412546e-01,3.093490717665043910e+00,1.772239837513097882e+00,-6.288087269557315340e-01,-1.536129497889656692e-01
-8.859763129789068881e-01,-1.662271460868078865e+00,2.347046450815428731e+00,1.038457108402598861e+00,-4.194907135916597918e-01,4.092948199653265284e+00,1.550478496084804370e+00,-2.406576127894924255e+00,9.114066154510302997e-01,-1.699754980436952279e+00,3.898177184815707630e+00,7.396876464419019914e-01,-2.021697706510317882e+00,-9.811237120867161154e-01,-2.893966188042576437e+00,8.924903113512941966e-01,-2.116529122847349509e+00,-1.203618180150967998e+00,-5.470866625989161403e-01,-3.553773895258302673e+00,3.530463636997101418e+00,1.549354210862526449e+00,-4.219845538245792227e+00,2.290348234610489975e+00,2.340887597603842796e+00,1.993682309022720034e+00,-9.901502833075215282e-02,6.538828371411206097e-01,-2.566228519242024220e-01,1.851819640824744706e+00,4.582301944501605107e+00,-4.419950001171430998e+00,-1.332261462302040567e+00,1.280512874334218676e+00,1.348845085214333661e+00,-7.167776753150830737e-01,2.426373209578801315e+00,2.438856938968227528e+00,4.300235677067847817e+00,-3.430405406296610948e+00,2.330953445650029376e+00,-3.023140979489960412e+00,2.543361139925230940e+00,5.371132208881261860e-01,-8.076609031576569286e-01,3.645598845804673971e+00,-1.424552742158354368e+00,8.499699398890048219e-02,-3.009338593680292107e+00,2.270085080556920154e+00,5.152651514787773834e+00,1.712711354880369408e+00,-2.168445909876600908e+00,-2.278811121747804869e+00,1.626562566437461221e+00,3.922503419643333267e+00,-2.191930500506264146e+00,2.743015390263034536e+00,-2.574865698431618277e+00,-1.438763891165948827e+00,1.313629484077361909e+00,-8.350008451983044200e-01,-1.127523010731992903e+00,-4.144199294777012321e-01
-3.057878559636594051e+00,1.065612769780980074e+00,9.410507494233301129e-01,2.505405515281307949e+00,-1.242581819534447796e+00,1.590048811050120303e+00,4.854925872781635787e-01,4.853421919738609702e-01,4.168059309979895488e+00,-1.677285242812148081e+00,8.351392951324498881e-01,2.435632017988229148e+00,-2.032302856043588957e+00,-1.213106839276077098e+00,2.805071521863136574e+00,1.355035512271055342e+00,-2.370990053398103203e+00,-7.230897690746280748e-01,1.342463565291492023e+00,-1.699282190867097864e+00,6.101862179193893176e-01,2.366375314185377388e+00,2.166051612279912275e-01,2.829573807919889994e+00,7.864122344803314846e-01,2.824057273543399305e+00,3.156559344286991475e+00,-1.212647008058936215e+00,-4.962943029698649311e-02,2.036944347117887855e+00,2.863819809091882718e+00,-1.234554828276706928e+00,1.733860514773649886e+00,1.961351250809472146e+00,1.100352962507185062e-01,3.246589463313229729e-01,1.398213510250241765e+00,1.190223715170365182e+00,2.219369241410023008e+00,-2.904174733399616848e+00,2.209912382839961165e+00,-9.802116851613806858e-04,4.007549465684224543e+00,9.664307224319359513e-01,-1.435500956280072682e+00,4.171288813478600588e+00,-1.070687866823551770e+00,7.474741047490427448e-01,-1.139008399704526386e-01,7.775979542155917468e-01,5.161920846592684242e+00,-8.096011693484186367e-01,1.068773989023277249e-01,-4.186481339793439727e-01,2.898653588764954492e+00,3.139757236880786007e+00,-3.609972666642390582e+00,3.273190447975462547e+00,-9.745867970761445953e-01,-2.426559779300398567e+00,-9.271163173975693894e-02,1.563468861527208542e+00,3.599285049214857590e-01,-1.636001088028069539e+00
-2.596770523601461544e+00,-2.083647083284136947e+00,1.072638181865360973e+00,2.232921512516790497e+00,1.617183498679202858e+00,1.611371490099970938e+00,-1.566630835034357183e+00,4.307485301394942123e-01,2.621176724589898477e+00,-2.060455716080067390e+00,3.180196039581542067e+00,-9.476785012804296304e-01,-1.789865077777337943e+00,-1.720430394696640830e+00,-1.060089765304118581e-01,-5.690947561439614333e-01,-1.866333161869725643e+00,1.859746191329331833e+00,2.064575063098074703e-01,-3.365292942911097374e+00,1.581049912814903147e+00,5.664715347905488585e+00,-2.143206649503101691e+00,1.091256511096303505e-01,1.771536396668906388e+00,6.030813897631672749e-01,1.432193379503274855e+00,-6.791302272288950448e-01,5.024263981160527193e-01,1.826540535453932801e+00,2.665035932106089689e+00,-4.123327837646673544e+00,2.016366900127774642e+00,-1.669735022516547485e-01,1.121145767331631404e+00,-1.938749194161980549e+00,3.424533765779789185e+00,5.039611560140838664e-01,1.688034975181162967e+00,-2.943482794034826266e+00,2.186881383459899908e+00,-1.537429788307882461e-01,2.126746324430766499e+00,4.197544251118625169e+00,3.596200170830930798e+00,3.669201131425425810e+00,-4.484928284284062983e+00,1.883613822152268469e+00,-2.339994727038448907e+00,1.990500248389760696e+00,1.027135979178825043e+00,1.428733501271004513e-01,-3.208775309003550458e+00,-1.351998703306219074e+00,1.558425144790528405e+00,3.103744956765956076e+00,-2.457580484595155657e+00,3.400766021383438975e+00,-2.425091452603027165e+00,-1.453086810680447316e+00,1.659271360234533699e+00,8.682445620869863045e-01,1.578055173591463411e+00,1.307599323073594944e-01
-1.255371088420227377e+00,-2.403023678065613566e+00,1.243011351669702114e+00,1.875797284676969268e+00,1.375560984043161072e+00,2.211543465456445645e+00,-3.969773922405918087e-01,-1.451313792613828646e-02,-3.822922938701536211e-01,-3.190009139598106724e-01,1.764935634453582924e+00,-1.811380565396844000e+00,-1.757101595535960126e+00,-7.809450570499355537e-01,-8.635524162106392732e-01,-1.280547262794326180e+00,-3.147798601833514454e+00,-6.839775568169776943e-01,-1.394688082554440101e+00,-2.978797544753652549e+00,2.164005277309592579e+00,2.228186378564629866e+00,-2.346380599462485783e+00,2.842616591033120699e+00,-7.574938384140774694e-01,1.990284487213335840e+00,-6.441283953039511623e-01,1.044803336420200957e+00,-8.896562333612653140e-01,2.012268071426134064e+00,2.026807761184196366e+00,-3.858953411097563624e+00,2.028798654544669677e+00,9.905037173089663582e-01,-1.290473175933135597e-01,-3.575334936052918522e+00,3.398541581044887128e+00,2.646565753473348881e-01,2.910978567452318089e+00,-7.923872140338319436e-01,2.873544154115379001e+00,-1.451013413252471018e+00,2.359810953215544682e+00,1.989473524223841938e+00,-1.087522618908336458e-01,1.536788895958722811e-01,-3.112617497457955462e+00,1.735156868131426222e+00,-7.884967978376156150e-01,1.519352258364208730e+00,3.077928452211017518e+00,2.469346747063358993e+00,7.835724713121221541e-01,-2.337097505212581083e+00,2.296843453109641331e+00,4.531310140821340759e+00,-1.057823851414493532e+00,5.526628679356750951e-01,-2.910627930101923777e+00,-8.999380770873540714e-01,3.037646432109115668e+00,4.216811816829634796e-01,1.406879884070966868e+00,-9.774794723942987762e-01
-3.426480126996550801e+00,-3.754402113909753869e+00,1.789445294102592898e+00,2.318693778757346280e+00,3.927294560195958573e-01,3.659493806797723181e+00,-2.635531024244115006e+00,1.143793523476050567e+00,1.492702562499572894e+00,-3.155607883086084975e+00,2.649455879109476442e+00,-1.973856849046332074e-02,-1.423501901183699347e+00,-2.003294656875534319e+00,-6.899151066222073414e-01,2.263938184680914567e+00,-2.127366912298220836e+00,-1.536590054253264226e+00,-2.486110027387632426e-01,-3.060002105398942795e+00,3.815384340770190175e+00,4.032755255249395709e+00,-1.235773424978824364e+00,6.792173067944520248e-01,3.961572950076680755e+00,6.525714833896216760e-01,1.693227604306748457e-01,-1.443190281201157443e+00,4.994766908196197619e-01,4.440582732871256599e-01,2.860068530213742299e+00,-2.035124073481040963e+00,3.014605269524949449e+00,2.112376787202751238e+00,6.828786378818575420e-01,-2.693614633053504903e+00,5.796443895734022078e+00,9.429611236796596740e-01,2.087694583832875761e+00,-2.858167628194797860e+00,2.217059081535651899e+00,-3.552154187784167583e+00,2.314455199740524272e+00,1.963982898420354228e+00,1.159849708726913953e+00,1.026458901331075868e+00,-4.914626581517339332e+00,-1.069316204935322645e+00,-1.367130794102557889e+00,1.839670994052596376e+00,5.928103116748276946e+00,1.889960227432914364e+00,-1.754643346220622790e+00,-2.322429104988689375e+00,1.410887476552989739e+00,1.549698643047995317e+00,-3.909066933785041442e+00,1.762567812697941605e+00,-3.979984992674576283e+00,-1.618318308789451043e+00,2.284206908832104865e+00,1.552474004809405006e+00,-9.650005511481944964e-01,-5.088444880778835167e-01
-3.756641424045405131e+00,-6.115472852137475712e-01,8.121888068579807829e-02,1.691536483130605450e+00,2.590524459960968251e+00,3.928369016527994528e+00,-1.161517917288281687e+00,-1.692665102419733891e+00,3.087729045456626409e+00,-2.752494644343778774e+00,3.535562068908335576e+00,-2.387573430105343064e+00,-2.363594383328018189e+00,-2.054418592267742483e+00,-8.289515819234384297e-01,2.057554441267873013e+00,-5.887198035829081633e+00,-2.323949412147386706e+00,3.401439440725623209e-01,-2.957969511165825516e+00,3.532253665751581728e+00,6.275333957417817743e+00,-4.413167134384037293e-01,1.437264139160707943e+00,5.804960132655239136e-01,2.881631795199327772e+00,9.232967873299448014e-01,3.740835736887276219e+00,1.257894090495043082e+00,-1.684770881619131799e+00,2.569373718376402493e+00,-4.052129292355688861e+00,2.191025648839563189e+00,-1.286695833396097610e-01,-6.108635316557526895e-01,-1.282669163578780358e+00,4.004821305258098540e+00,1.319577862531913226e+00,7.456221515079681783e-01,-2.983996070470017692e+00,2.138863415519014044e+00,-1.740220144879802699e+00,-2.651435162257640421e-01,2.117215158027462074e+00,3.049141771144910251e+00,2.854464460994261987e+00,-3.185604885519873974e+00,-1.532671490715616702e+00,-2.808060358305435322e+00,6.638894934165593398e-01,2.578715449478008459e-01,9.724569855819097386e-01,-2.476355922712027535e+00,-5.028538825591528649e-01,1.578838903837674890e+00,3.319401726221658855e+00,-1.140241439110404542e+00,3.064746785794068007e+00,-4.036857499180269038e+00,-1.503322343718441090e+00,1.159152024629451772e+00,8.669511434687376950e-01,-4.176829166185076492e-01,-7.366537257564069741e-01
-3.538153856593638569e+00,-2.617361194593970986e+00,4.950988053022160607e-01,3.597816010953220456e+00,-6.886663380815336577e-01,2.329212477625156819e+00,-5.206879679021833018e-01,4.319959222577065550e-01,3.509040465965607147e+00,-4.112244862049585947e+00,2.428934123543214696e+00,2.492956548814203810e+00,-3.827085769435722096e+00,6.094400210538060136e-01,-2.308352419880070450e+00,1.255727221364503210e-01,-2.585655986849023869e+00,-3.333427074209944330e+00,3.591006679771758803e-01,-1.968117176966554194e+00,4.506523413516920762e+00,3.759043429765227096e+00,1.430070875640748973e+00,3.695458953688716353e+00,6.873748632838723172e-01,2.456408207849174463e+00,-1.178919014094829576e+00,2.201887417074303244e+00,-1.881371103280022328e-01,-5.094655576667446173e-01,-6.513660827244387441e-01,-2.314218728589270135e+00,1.824600835573004787e+00,2.623641577263481572e+00,4.261417385796414381e-01,3.826194904948418962e-01,3.340424944584975631e+00,3.243114579515549156e-01,1.826588374128136572e+00,-8.870694159419585390e-01,8.741380720265752302e-01,-2.039136544277817542e+00,4.928045875470163928e-01,1.024216506253488035e-01,-1.224894297987360936e+00,3.453293950077651608e+00,-1.904528954231373028e+00,-1.422167034596830970e-01,-2.196032050402776381e+00,8.936013447584945091e-01,3.246112754433964742e+00,2.265756400870524878e+00,-5.308843100401765547e-01,-3.683173352747592055e+00,1.700444897616601780e+00,1.941178119870582641e+00,-3.280336636725992072e+00,4.486366126520969111e+00,-4.736010152472744039e+00,-2.853819575519456642e+00,1.205084503905372806e+00,-1.469556914223215216e+00,2.080104906299094836e+00,-6.542673699600859427e-02
-3.244633350931103166e+00,-2.229491791515424204e+00,6.575295198492534521e-01,1.729990906356040803e+00,1.843142063203945247e+00,3.630799331287216880e+00,2.172703350866317606e+00,-1.413510217310139705e+00,1.502753118330117266e+00,-7.689346696738892373e-01,3.527625017253621209e+00,-1.134335143365644144e-01,-4.341167120490842635e+00,-4.086724911268579952e-01,-1.594323242051921774e+00,1.989590880714042775e-01,-3.053861416061559808e+00,2.469464336188382791e-01,9.085267854588396919e-01,-4.856506758316339045e+00,4.702982489957056700e+00,4.235984166301527409e+00,4.576673198257148467e-01,4.934073467670344826e+00,1.289058288418113207e+00,2.261565036536703932e+00,7.940352910311143653e-01,1.102102864573970109e+00,-1.386278622385488601e+00,-1.055106085851953424e-01,4.913147715886472255e+00,-3.201181660098399107e+00,1.840986236785598251e+00,3.917411973282703408e-01,-2.192427387077685585e-01,-2.112453670121396065e+00,4.388452209328480791e+00,4.592150823466415455e-01,2.233806187108496655e+00,-1.979282530938177631e+00,4.225282189850451786e+00,-1.963500644497542247e+00,3.397494135777163748e+00,1.282110715500143661e+00,9.400071162629299870e-01,3.368934214005860017e+00,-2.927542834806104111e+00,-4.969739202956595658e-01,-2.186295690804149316e+00,1.970977987730009762e+00,2.485003095738002266e+00,1.910245444134914372e+00,-2.005189941628939376e+00,-3.122300156274404603e+00,2.721550165805277643e+00,4.470541231117731940e+00,-8.825033032914624265e-01,1.783190519054819845e+00,-2.671625269770517619e+00,5.535182919037178184e-01,2.817039511944381402e-01,1.330055956056705568e+00,1.002676618390927921e+00,-2.751811083115238699e-01
-1.902413209054407472e+00,-3.372575325361109044e-01,3.959086475160512819e+00,1.845897191683407712e-01,-1.196831332480569277e+00,3.750997969042472846e+00,-2.367281184603675204e+00,3.169305700992952612e-02,2.185907876726871368e-01,-5.210299687837051330e+00,4.053218251661180105e+00,4.239012403300230769e-01,-1.119144583400832005e+00,-3.300279195633458729e-01,6.508289630846790796e-01,9.579436545789856705e-01,-3.093041469331180515e+00,-1.665235271979641940e+00,-5.943868333001900428e-02,-4.138563116226447569e+00,3.677496159521749242e-01,1.939134079774184505e+00,2.437359554724958244e-01,2.878432726120371488e+00,-4.249560896823876277e-01,3.436852493406608033e+00,1.485084694869928112e+00,-1.066750216557951436e+00,-2.007982549447075549e+00,2.625890291015652300e-01,2.161358975102735780e+00,-3.484345035707947957e+00,2.040250708251093226e+00,1.584882019094426386e+00,-2.004643506917079598e+00,1.242012671769054943e-01,3.009948594138779576e+00,9.577498034995621801e-01,1.218479085303234566e+00,-1.695633706924330131e+00,1.917179259797311852e+00,-4.996374858423624499e-01,2.940361843254946095e+00,3.699798459598752753e+00,1.256554156893967988e+00,4.333282934887797921e+00,-4.342498653350090443e+00,9.132523026118792853e-01,-2.237376850822205832e+00,2.866552483589179801e+00,2.379110613536941088e+00,4.304287178194536878e-01,-1.388043184233435090e+00,-3.548888486719274482e+00,3.340930840791817680e+00,2.989379005967542913e+00,-2.937542044947031528e+00,2.785783942515617007e+00,-3.155147671029756129e+00,1.725684636259710025e-01,-8.708736828018377452e-01,2.479710787675335038e+00,1.252541966608140545e-01,2.437569808472182853e+00
-2.313341784447742633e+00,-3.414817878626940306e+00,-8.103752940291366613e-01,3.034363835201105530e+00,9.800732110210330639e-01,4.438758870923855682e+00,6.550372249939533376e-01,9.095296552613880703e-01,1.984776142693521539e+00,-1.433067939629102838e+00,3.099174362665888527e+00,-1.208731537521151589e+00,-4.632508550241262846e+00,-1.548338170111198009e+00,2.931621658612362236e-01,2.051097305818927907e+00,-2.728598542973377228e+00,-2.241375920247520082e+00,8.649017919000483445e-01,-3.172321044942290058e+00,4.684388476554359748e+00,2.394131580172523144e+00,-1.741009480410483423e+00,1.369273649554035188e+00,-9.115764539375001974e-01,-3.820946277275449887e-01,1.724855269957640047e+00,2.653192734202379555e+00,9.868659185998724936e-01,1.404475277757168072e+00,2.830281661852962927e+00,-1.429659616553569323e+00,-3.990191351287211141e-01,-1.632623579217639120e-01,-1.168860881988787570e+00,-1.119028412836460040e+00,3.907598141510052692e+00,4.124357851031656974e-01,1.505803240789401976e+00,-1.932064621972570784e+00,1.801121021508412134e+00,-1.753754975495924739e+00,1.181979981932394619e+00,2.685271200432049366e+00,2.818355580329153121e+00,2.674255169175180136e+00,-3.371294116593925416e+00,3.626026113873069612e+00,-1.372349961817080244e+00,-7.373157126331597588e-01,3.165600710477619373e+00,1.550071940562765871e+00,-2.129186162962085405e+00,-3.292283872256044575e+00,6.165703210921131827e-01,4.518478449964964838e+00,-6.764889245217769798e+00,1.185677982252886675e+00,-1.743671490618440956e+00,-2.450971996756202920e+00,4.366662830630518854e+00,2.830998831213434874e-01,-8.211399147477149718e-03,-1.576849899574092051e-01
-2.968716898024386985e+00,9.572387152846875136e-01,7.485005702708065201e-01,1.850213991080431164e+00,-6.614869562462877273e-01,1.821882970055288320e+00,2.710202384072282200e+00,-6.987931980915439434e-01,7.604534107291140987e-01,-6.087644665240516950e-01,2.658843487514909398e+00,1.806995164825870415e+00,-2.550294747808890872e+00,-3.786953344006619204e+00,-1.155568687470284406e+00,2.947910267946635132e-01,-3.649826130968406801e+00,-3.939081794413700433e+00,2.801412636573592962e+00,-1.306690361642773635e+00,2.367530715432590860e-01,2.029678411370660740e+00,-3.391471496383079987e-01,3.124324535911357614e+00,1.045966936527810143e+00,1.741187809247992213e+00,1.234203225343173393e+00,2.217394466132867059e+00,-2.696563189039664077e-01,1.111751315278069585e+00,2.087761954878814219e+00,-4.581782329592013703e+00,-1.075558789955997074e-01,1.974193253570704965e+00,-1.894407611815262626e+00,-2.412458009999753905e+00,2.754984621848352688e+00,2.242768722709976181e+00,2.967784511578654083e+00,-3.960509107012941676e+00,1.284164849354160420e+00,-9.136850649855067230e-01,1.958921527748490599e+00,2.302629952560924398e+00,2.283830698366809742e+00,4.475275124186749665e+00,-1.762892746891316920e+00,-9.043188286339406412e-01,-6.801798625458621572e-01,-6.888691757041964792e-02,5.373769364126811610e+00,1.191295643511198099e+00,-8.972378539792972285e-01,7.703427941242528831e-01,3.563418531766227471e+00,2.288659975553692050e+00,-3.423387060390491232e+00,1.981877693011253161e+00,-1.584881799612378517e+00,-9.307228605460503568e-01,8.575746843984062284e-01,1.256938591361957958e+00,4.143869518204549962e+00,1.580578141967873051e+00
-2.608754906388119466e+00,-4.582032504124343708e-01,1.976215429885827657e+00,3.323457894378976540e+00,1.372722022027860200e+00,3.099644815363653549e-01,-1.019554787129185458e+00,-2.702314451427880737e-01,1.613545324071604892e+00,-2.785730295366799503e+00,7.144361211453249538e-01,-1.263259586149464209e+00,-1.927068785014655505e+00,-1.771516310421204610e+00,1.390942175028097694e+00,1.452544284233454608e+00,-2.900805666877258382e+00,-2.182729816976682891e+00,6.015464282516652661e-01,-2.203893448222611351e+00,6.920673540994940254e+00,2.333574611537967858e+00,2.230531629589660447e-02,5.344958058318534100e+00,-9.966661708210793336e-01,2.522004233878966772e+00,5.812330596903663160e-01,1.850530897048875412e-01,2.601289812513751798e-01,1.546398318565852303e+00,7.070323591866696233e-01,-1.119217052843750171e+00,1.729215354484544331e+00,1.568153111026306501e+00,4.877110980066598489e-01,-3.315278191535364183e+00,2.563576932994875879e+00,3.370338954962837530e+00,2.583461587574557683e+00,-9.106749891705785416e-01,2.928953587036819517e+00,-3.289754502220391341e+00,1.468328190881837969e+00,2.917023841658186178e+00,1.527233218938785386e+00,8.410884000168317165e-01,-2.214633779533185631e+00,-8.394228005440786955e-01,-2.622460628187297083e+00,6.013811828713064855e-01,2.550743066551659943e+00,-9.704724562533448839e-01,-4.527859430398164520e+00,-1.475896799184050145e+00,1.822919218127118768e+00,3.897990293250670923e+00,-2.357198091375543925e+00,1.027002642325801629e+00,-2.394032700901433941e+00,-1.125715511357237908e+00,-1.301587568235997860e+00,-9.996993697873415297e-01,6.596973006529480710e-01,1.142282293107321767e+00
-2.744856197811815779e+00,-7.954274998544974551e-02,3.184589285253017099e+00,1.116918744716406175e+00,-2.418994314062931084e-01,2.533081573086972682e+00,1.221433475203024699e+00,-1.994008082459272746e+00,-1.745038491740724229e+00,-5.236388380489014338e+00,3.447882783858681410e+00,3.328269539964952006e-01,-4.083702384549656728e+00,-3.426032601054314064e-01,-1.487795472178124356e+00,3.286651338726536142e+00,-1.981680728528104174e+00,6.800767672075580528e-01,2.113165349158429684e+00,-2.495924960509254831e+00,2.597295785847219651e+00,4.084823517003682625e+00,-1.026546888833662630e+00,3.635797257874472610e+00,2.286395153070663433e+00,3.662247282156964712e+00,1.571691882543263530e-02,2.356686918942511255e+00,-4.690465986082708039e-01,2.158006993264930173e+00,1.899935888464674649e+00,-9.661173346671581008e-01,1.680163452427160253e-01,4.153845825283358772e-01,1.561117818607987262e+00,-1.927755087499068987e+00,1.863098668888986342e+00,6.602317128620248665e-01,4.110636393855372717e+00,1.159454169140894608e+00,2.239752275846846885e+00,-1.754314300179533159e+00,-4.121813067861852531e-01,2.654023780548028455e+00,2.065369850701540777e+00,3.292922527427746715e+00,-3.565763934753651831e+00,-1.941151330118694451e+00,-1.512078898820415684e+00,1.460154548377526673e+00,3.863420979365179253e+00,1.441967502527903289e-01,-2.126701670440109826e-01,-4.313200861150008336e+00,3.529904854301724626e+00,4.086806391489740342e+00,-5.359082426578638980e+00,2.532432559163774854e+00,-3.795723858499504111e+00,-3.578631684490349407e+00,1.891626044413059260e+00,1.071013738920625125e+00,-5.024820159906215888e-01,7.237828451918002504e-01
-6.026639807981126751e+00,-1.591211161402278584e+00,1.402994514720032448e+00,4.198331017792034103e+00,1.253539748398888376e+00,4.700606901450615993e+00,3.809784915552665296e-01,-1.335334406207497882e+00,1.796282450497058036e+00,-2.207578488066360478e+00,2.094213815129823075e+00,8.496231099846174306e-01,-5.125477727705346709e+00,8.129278129058876701e-01,-2.337061277877448440e+00,5.289963107105299933e-01,-2.211781199459957215e+00,-7.944717920875854489e-02,-7.181204706912014402e-02,-3.555226612137100339e+00,3.946246792574131135e+00,3.965676507076183910e+00,3.397906215869352931e-01,4.843389107608528477e+00,4.757179439381369335e-01,1.416713408489133963e+00,8.940717861430760305e-01,2.790074289792023432e+00,9.096583901333503697e-01,6.504106437132974872e-01,-1.550208437501535474e+00,-5.074539804987435510e+00,-1.005792403658666512e+00,1.109859610712898181e+00,7.542946781918695720e-01,-4.229987060483633154e-01,1.765465211450601313e+00,3.112451092007745945e+00,2.933675028420895003e+00,-2.059836836630172474e+00,4.548777793617600373e+00,-4.577710393131761535e+00,1.079113479462963543e+00,2.053172435686278163e+00,1.444658689754587222e+00,6.750021883328223282e-01,-2.350716269999653107e-02,-2.173817601420536150e+00,-2.350782253680289369e+00,1.358248766356111359e+00,2.762509336689316974e+00,1.796973289885976932e+00,-2.920510693817316650e+00,-2.998649192590154833e-01,2.591072039965029994e+00,2.987954390117687709e+00,-4.757925039163624525e+00,2.723534046155634769e+00,6.795492237191780305e-01,-2.741874942808460780e+00,2.078290960365891671e+00,-7.661998073019773425e-01,-9.946708929499199492e-01,5.037866707042875092e-01
-4.214483141965860824e+00,-8.086520726291497319e-01,2.133377852690168552e+00,1.717412199459598998e+00,9.107261471808734132e-01,3.097259050979023431e+00,-1.627197102520155925e+00,-2.106637830966929137e+00,3.166397259228618921e+00,-3.516121483546971849e+00,9.695607127414218596e-02,-6.367305048903908471e-01,-4.223723661089949566e+00,-6.071638984273244333e-01,-1.046749810201957898e+00,2.481124918661516965e+00,-3.256944914900005372e+00,-1.451284066468297551e+00,6.056363264474456942e-01,-1.509420141881146593e+00,2.217331121826906060e+00,3.764118182414621483e+00,-2.312571480612686248e+00,2.199207114673328967e+00,2.077271920454046406e+00,2.639998120536417581e+00,5.449962927337640428e-01,-4.263127943771742867e-01,-2.508069493897581159e-01,-1.013036392206693836e+00,-5.153765749304501931e-01,-2.697023343535213780e+00,1.200638879183576258e+00,4.898441631219657144e-01,-5.162087926569257634e-01,-1.171791591664947729e+00,2.811692989328013592e+00,2.262183311600627356e+00,2.598205173699656534e+00,-1.835386851370513384e+00,2.214796956263569427e+00,-3.267628511016633652e+00,1.517874000448300453e+00,2.316586573593653053e+00,2.544870276611513660e+00,4.512974690131644095e+00,-3.180842231676574094e+00,-5.117470616189924160e-01,-2.323520922865937699e+00,4.534892729068469741e+00,1.870447785255220374e+00,3.293941239865743498e+00,-3.609564198869219975e+00,-2.929942746133223253e+00,1.441413700359429839e+00,3.574068365322025542e+00,-2.617507050888016273e+00,2.316288337968144706e+00,-3.202739262195299030e+00,-2.650459380258165076e+00,3.218948825709847306e+00,1.732855061263949281e+00,-7.926143408496826304e-01,9.105582749262253195e-01
-3.326141469363697034e+00,1.144981625626680710e+00,-2.611856291333749525e-01,1.330657896300960985e+00,1.525172139875852428e+00,1.612744127448640041e+00,-2.123024974761876793e-01,-3.170585254526025132e+00,2.031239367259179751e+00,-2.372553415314517355e+00,4.377955717803400759e+00,-5.903085942592124491e-01,-4.854485621716817079e+00,1.413667632490444692e+00,1.786429110981357926e-01,3.188831217673335772e-01,-3.809439321764965136e+00,-2.473206748519150011e-01,-2.579585150073218092e-01,-3.841126780197170909e+00,3.323412506882125417e+00,2.789902131391594153e+00,-5.616724481953845327e-01,4.147696581569411123e+00,2.951574103886546396e+00,2.517455353727519718e+00,-1.305406070462881152e+00,-3.725050821055237993e-01,-9.660548524670107273e-01,-1.004683812217104233e+00,6.243456944547210341e+00,-3.106232087911736883e+00,1.205357465869411282e+00,6.287470216790420618e-01,2.000375221265060510e-02,-8.977393590640991849e-01,3.631232455855141428e+00,8.922622546515764919e-01,2.979046023445157676e+00,-1.155792853092640016e+00,2.520536040810083200e+00,-2.670986777119687794e+00,4.370762121839284475e-01,2.517587508830712029e+00,1.578004414133149957e+00,1.876067827895703033e+00,-7.486550027981890842e-01,6.629813637844699237e-01,-1.352059946370021581e+00,2.300825810339285571e+00,2.104662551142693960e+00,1.408697880775251710e+00,-2.366394939555385157e+00,-1.647974910490219713e+00,3.837031099561350356e+00,4.065612416287333275e+00,-1.046206527860835234e+00,2.961442253860415263e+00,-1.702295250198762933e+00,-3.658444569166366733e+00,1.680168717308309301e+00,1.271623253315368629e+00,-2.116417616333182927e+00,-1.012856088554836109e+00
-1.321527798614569260e+00,-2.035016476009074982e-01,3.931803210580834040e+00,2.127177389697738175e+00,9.031049154636565657e-01,4.017370677796955114e+00,-1.089332988066759933e+00,8.021665810437339506e-01,1.253079075609029314e+00,-3.058845695496186678e+00,4.390833834268601521e+00,7.025149995247864654e-01,-4.839724862253283355e+00,-1.246053550409638389e+00,1.639460138028911995e+00,1.611378520687672733e+00,-1.975822095273346068e+00,-1.195266684369150845e+00,-5.132551996668575089e-01,-8.470455529719125298e-01,2.373643270003864991e+00,6.320732445921692033e+00,-6.622676273214670450e-01,3.841805564069193935e-01,2.379894325288773871e+00,2.439431286877436378e+00,1.137508285276183528e+00,2.261000847969378835e+00,1.228599571642197130e-01,9.505116107501538902e-01,1.489663105463678860e-02,-3.132541506961445066e+00,2.809422201446707845e+00,2.917385038042770606e+00,2.344448353116677985e+00,-1.593441310972113500e+00,3.510666307346828940e+00,1.449719893776379331e+00,3.120905366615711607e+00,-4.582078242656040246e-02,1.711644324865075451e+00,-7.709291010211835049e-01,1.385524267277536081e+00,1.219456347986948686e+00,3.615614301552536602e+00,2.646845478701238985e+00,-2.865496879555392340e+00,-1.313273532126313814e+00,-3.506152902628731916e+00,8.923573921303511458e-01,2.514575201912949254e+00,2.793654990749129929e+00,-2.011529065078584200e+00,-3.741949045350247971e+00,2.193068956647743484e+00,4.486221985980960447e+00,-4.550896917717416557e+00,1.586847566154658384e+00,-2.974426397856412496e+00,-2.625506732511400543e+00,1.049698670879047224e+00,2.325303983532159613e+00,2.771410504634497673e+00,2.055784170803418576e+00
-4.968058304542648962e+00,-7.756164387103636759e-01,6.496699721836582953e-01,3.814253554450922845e+00,-1.568902483980332718e+00,3.728950306164006800e+00,4.948267135092500046e-01,-2.114159282894482850e+00,3.444954822315276832e+00,3.972474995043921986e-01,2.344155768791727823e+00,-9.256745603545162016e-02,-1.860243079368280927e+00,-1.554013733843057299e+00,2.455522841547197466e-01,1.493388866036482021e+00,-2.087701871757920991e+00,-2.670780132523165040e-01,1.793750705788681232e+00,-1.668075378754009019e+00,2.392155282403650940e+00,1.777480293397392108e+00,-1.732106025588826537e+00,-1.444318580228514115e-01,4.408548059631215210e+00,2.352796769086317408e+00,-3.225987817766848842e-01,-5.605139036563140387e-01,-1.419079743459677578e+00,1.918141811072594516e+00,1.796535172389889246e+00,-2.169822991926100730e+00,1.058456874470226072e+00,-4.690514518602693084e-01,-3.909525446687378558e-03,-1.656489086754313167e+00,4.588470225359981391e+00,4.425437906520707898e+00,2.734931370757217817e+00,-2.054509714343427440e+00,1.255102691012719207e+00,-3.196053827696290206e-01,1.783844433525568984e+00,2.982888122887983329e+00,2.326845335100002909e+00,3.315036396028559373e+00,-2.997244972113152883e+00,3.508998965124957570e-01,-2.028954276864853856e+00,1.322809143843011626e+00,-1.654319003850223790e+00,1.771989623852149753e+00,-1.101934939598584462e+00,-1.940716093825936017e+00,1.432664872641445930e+00,4.649408425373469100e+00,-3.979829731394842085e+00,2.352403049816476521e+00,-1.897472797057271565e+00,-1.766797474592674666e+00,2.836038414999242363e-01,5.746519119054815938e-02,9.301389678621098112e-01,2.505820677920199469e+00
-5.054830586898587441e+00,-4.813548253445427139e-01,8.877175810546859003e-01,2.826562978298538642e+00,-2.387929659636657265e-01,2.851392569177418235e+00,7.271709953710679963e-01,-1.894231699325870988e+00,1.144541074528797164e+00,-3.595796733939788492e+00,4.116507210088812485e+00,-3.014754111186333518e-01,-2.167893230202595056e+00,-1.035295467013784165e+00,1.461069086952304641e-01,-1.626872279144264688e-02,-4.017066556341207573e+00,-1.103491202289152096e+00,6.120390571182379169e-01,-1.015801450639378212e+00,2.700512052726287138e-01,3.416109495575285315e+00,1.171711133610451983e+00,1.438763933047421784e+00,1.954153198060889496e+00,2.415563087910931106e+00,1.734005606468690175e+00,1.302445074967669925e+00,-1.373603757702157591e+00,-5.414927539949843105e-01,4.073629211462446165e-01,-3.794847354048934918e+00,2.355128955518103417e+00,2.176034891121252368e+00,-5.310121890518856302e-01,1.654862834768454416e+00,2.286597529279369212e+00,2.454322074990044733e+00,1.785355986829155306e+00,-2.787910636078309246e+00,1.425863837449038440e+00,4.499821393945337977e-01,2.696097576471702340e+00,1.027133628779864249e+00,5.895161320679084271e-01,1.325938925909423638e+00,-1.635543685318021190e+00,-5.347227652247465990e-02,-3.771919243236898645e-02,3.470006077803363453e+00,4.671745067995238365e+00,2.578424103785426080e-01,-6.943059522692491825e-01,-1.401782780858134014e+00,4.749648139671415414e+00,3.927220536942573226e+00,-1.616990211528520405e+00,2.859034640844345887e+00,-4.180225923018195289e+00,2.476670552323523289e-01,2.322890434723476005e+00,1.507902502204298001e+00,-1.988218311555473683e+00,8.584402921485596860e-02
-5.831184833437363935e-02,-7.607110155907803595e-01,1.165286681577895056e-01,2.063492005343294800e+00,2.560426395279396861e+00,1.396009902069668573e+00,2.276078515055084128e-01,-3.252913088394318919e+00,2.040805722836515290e+00,-2.724275648234621094e+00,4.187234450799663499e+00,-6.465492872592915052e-01,-4.008085531834970183e+00,-2.026204099245400236e+00,-1.626631240249503563e+00,2.365645829529993138e-01,-1.430640640537978348e+00,7.013936883489746421e-02,-1.336881617136314482e+00,-2.124520591637391043e+00,1.547873558264589944e+00,1.639754407574023354e+00,6.833707520584619832e-02,2.228853103799279367e+00,3.135218481694969306e+00,2.876241481846689041e+00,1.695443892422923371e+00,6.552701301279875157e-01,6.399357849840812129e-01,5.463152217612918804e-01,2.813136196856085292e+00,-3.092140481001154573e+00,1.267084300018675336e+00,-2.857554860222271120e-01,-6.390556935092970292e-01,-2.443180751402494799e+00,3.460577259881579604e+00,4.370032974342471732e+00,3.188762113688378808e+00,-5.695220290898725946e-01,4.009709978863869928e+00,-2.048441345333086083e+00,8.878137235923519999e-01,3.299417564450164431e+00,3.662562205085528877e+00,6.067623244129425331e-01,-2.417052999598089169e+00,-1.134324189669820626e+00,-1.584146769444650493e+00,1.230167573929620506e+00,2.194906506745201824e+00,3.049141145578970757e+00,-1.559552282444360838e-01,-1.352749376408527215e+00,3.645764093165686948e+00,3.932842501525376289e+00,-4.046924118137557258e+00,2.860904156393853093e-01,-1.754123952533402031e+00,-3.209875963801211540e+00,1.145634829295331558e+00,3.125553004459025175e-01,-3.243958223329110324e-02,2.001374871875476025e+00
-2.633802034541447235e+00,-2.256081918105896644e-01,1.663895066640046494e-01,2.437608046885028301e+00,2.667590806722318852e+00,1.692763146501431448e+00,-7.637491121062294219e-01,8.932263360146663889e-01,2.432100089559226408e+00,-3.179506259473213525e+00,2.571531170452356463e+00,6.734516610045878648e-01,-2.643032699299232124e+00,-6.866365537359114812e-01,-1.656295302952153659e+00,1.447316425403964102e+00,-3.540525521585722313e+00,1.872543268009799977e+00,1.571956677928298740e+00,-2.564488436506612512e+00,1.829079859927768226e+00,2.663695397886623351e+00,1.163439943413333344e+00,5.381389379108395765e+00,2.776943671131873348e+00,1.814095463260252616e+00,9.390970746159081894e-01,6.630983777623484787e-01,1.990189295488439924e+00,9.330488680638702181e-01,8.066726615696686586e-01,-4.309125687014438100e+00,8.890734798916694048e-01,2.458810456952478241e+00,5.848607762718714964e-01,5.147299374319442844e-01,2.528004362170298780e+00,2.385082541692387093e-01,2.663793723692371884e+00,-1.880693269180811145e+00,1.197881978664014913e-01,-2.048110698403294627e+00,-9.106981911442204591e-01,3.745310084900543401e+00,8.071296919508557099e-01,3.661703273736298225e+00,-4.055210635168356781e+00,1.007791863910176833e+00,-4.163502930559264570e+00,2.981572004084961591e+00,6.334009500378294355e+00,2.100764642485224876e+00,-2.679940190918130849e+00,-4.666645286879966825e-01,9.000879588840637879e-02,4.726263289109536636e+00,-3.331798088772300215e+00,1.939178728324600476e+00,-1.222025584320221459e+00,-5.593415130654630918e-01,2.326255552400643190e+00,-2.762023021964490344e-01,2.149351252023750547e+00,8.505476486169074590e-01
-2.334432462947690468e+00,-4.267901081441325406e-01,1.211110632764173189e+00,1.210603587116895641e+00,-7.716202001261189825e-01,4.526880539171871831e+00,-1.456654717504060725e+00,-1.711751064117484233e+00,1.033095070212923794e+00,-2.913731405937403096e+00,2.690781907151321484e+00,4.769896016748486067e-01,-3.277842169749408896e+00,-4.343804722884158309e+00,-2.295564806963661386e-01,4.425341598899507289e+00,-5.389949896874886015e+00,-1.018961716149599628e+00,-9.474403855619040193e-03,-3.638462511325790683e+00,2.311885063897616277e+00,2.947513355403144075e+00,1.804737288461208067e+00,1.758407036525950318e+00,3.287948676227315126e+00,3.389730186529876566e+00,6.546050996519553467e-02,-9.879894794329167063e-01,-1.089729390012678545e+00,-1.268688898411956423e+00,5.394780482595344928e-01,-2.820457982854688517e+00,4.769844026284820737e-01,3.379006006769422754e+00,2.214500324250334273e+00,2.514547072288623841e+00,4.020325368799174903e+00,4.078974419693212283e+00,2.148930487798697442e+00,-2.801892852609408457e+00,1.163591454897259680e+00,-1.580630714202654996e+00,2.352204270178466672e+00,2.168812112404397308e+00,1.522708338895905067e+00,4.094429657894609775e+00,-5.332557329627423570e+00,-1.440235131580694272e+00,-2.465748425454173276e+00,2.488014508885112441e+00,2.941573950947372840e+00,8.456434492340237918e-01,2.881472639983611028e-01,-2.042497958875387098e+00,2.534854869857397830e+00,4.126165113942350970e+00,-3.456340369524849798e+00,1.278482508508006710e+00,-6.770135203287086512e-01,-3.581064164008563644e+00,1.600523989383058066e+00,-6.685534335592369093e-01,-4.194354303747802049e-02,8.914260931867580284e-01
-4.136406833495066770e+00,-8.114327707323594208e-01,1.063815248570713301e+00,8.443872375126264540e-01,1.110706251942084499e+00,3.458803723038719635e+00,2.032267101706672074e-01,-1.476667937963024313e+00,1.306090462886736692e+00,-2.460995818749950104e+00,1.777629972479029430e+00,-3.526023740067959267e+00,-1.291727056571275956e+00,-1.085730672776642258e+00,-1.433463352773168831e-01,1.396246397270252348e+00,-7.883262247622790930e-01,-3.919147318777965072e+00,-2.257824462981888880e-02,-3.940855574134054073e+00,4.779362773370015027e-01,2.329748958319812324e+00,-2.312447730761587827e+00,1.470124860177514092e+00,3.802043403518450049e+00,4.340385786555776448e+00,4.084759126496675941e-01,-7.327032850958679067e-01,-1.120165390275619677e+00,7.042787170830910881e-01,6.234638807258399140e-01,-3.040221044449562537e+00,-1.296444995021428070e+00,3.765949253412937736e+00,-1.829736204112210718e+00,-2.824912823143578500e+00,1.750297195823631524e+00,2.237725035401745277e-01,3.561852777557970029e+00,-3.259925910989409203e+00,3.377033643225897386e+00,-3.374535959267904062e+00,7.696993248070185256e-01,1.247921061224092965e+00,3.782181343880770541e-01,1.564901614511209127e+00,-2.677890423560727928e+00,-1.324629289803632259e+00,-1.640296714772789599e+00,1.064596972034821398e+00,2.562416301253419348e+00,3.155751618833332550e+00,-3.592270997237774210e-01,-4.146496406920678446e+00,2.347270640077016246e+00,5.011855591839520230e+00,-3.990675162291029920e+00,3.685431101153116451e+00,-1.834252789133452133e+00,-9.204859140862748923e-01,1.257074561950588532e-02,2.187615098137473346e+00,-3.341939607587459671e-01,-2.794779145674703535e+00
-2.333981125603035167e+00,-4.109326764610657379e-01,1.641546901615915655e+00,2.958050756365206535e+00,-4.905426305241340490e-01,4.066715088753929841e+00,-7.348353044373827636e-01,-3.335490723063606833e+00,2.731060907516626557e+00,-1.630560953944833802e+00,1.846848386120924168e+00,8.715276697350180513e-01,-2.922567621559959417e+00,-2.309887004349938877e+00,-1.582305820235643257e+00,-2.296906961347694676e+00,-4.557094921760803885e+00,-2.942416703006879963e+00,-2.192624293841320515e+00,-1.159227588015376398e+00,2.309399093072188158e+00,-2.565612177334792854e-01,-2.094443636586652335e+00,3.984239194307590992e+00,1.734743810616784288e+00,1.451420417152678999e+00,-3.171972059685177481e-01,1.478579888427993705e+00,1.078622631417289757e+00,2.933958718576620051e+00,2.236117087278568949e+00,-4.481568315213456444e+00,1.076552610012038613e+00,8.222944327211707538e-01,1.353514858906413876e-01,-3.482711330116163850e+00,3.388984023547449098e+00,2.356717875914893234e-02,1.658858951362084388e+00,3.848746528023221369e-01,1.588520224448506601e+00,-4.008928889694410636e+00,3.764829003723068723e+00,1.227948419838676086e+00,8.777663517224182366e-01,2.471605379598909025e+00,-2.347412301244006017e+00,-1.652054832779350946e+00,-3.864547268761995280e+00,3.822190740243923024e+00,5.514848628732393010e+00,1.842171220653968877e+00,-1.272695474610068045e+00,-6.868322462242639759e-01,5.966055192423993958e+00,3.118731554807701478e+00,-1.670873402631129823e+00,4.180939308229574713e+00,-1.997860888908051358e+00,-2.455739583919462454e+00,2.739238257730945314e+00,3.026700792649128502e-01,-1.561693902106319753e-01,-2.179669723523260050e+00
-3.455466410061259541e+00,3.474862795750659483e-01,2.524647301705136293e+00,4.301622307378345056e+00,1.620147289409014979e+00,4.219718771395617907e+00,1.445633123620144289e+00,-1.496791222049255188e+00,2.672784450198417261e+00,-2.006110632421815421e+00,3.291203501208163740e+00,3.232212393242323012e-01,-2.661863180243255744e+00,-2.446396022802953318e+00,-1.002865377303689298e+00,2.036534290167569594e+00,-2.380140663986835214e+00,-3.036702345140060988e-01,3.326880185668395828e+00,-3.168716505793775173e+00,3.754378677270109765e+00,4.767405842161279494e+00,2.569392444181652913e-01,4.145684667727387307e+00,4.188060340704046425e+00,3.693242696880951303e+00,2.499177918248435937e+00,1.530768166341591741e+00,1.003243997407571531e+00,1.489454720217485484e+00,1.209129912237584925e+00,-2.460597804195240101e+00,1.858213813215982224e+00,1.620276688053880365e+00,-3.944345895971388405e-01,-7.529762606932983715e-01,3.859515236988399600e+00,-1.345445747065170838e+00,1.117750880823958237e+00,-2.655830815907293641e+00,1.645395569357224863e+00,-2.051137377947560569e+00,1.288738765232801065e+00,2.469595995250472242e+00,2.396493837308255603e+00,3.331567819134837460e+00,-2.627062954552557450e+00,-8.686689782080335709e-01,-3.275153402257299007e+00,4.483983277556395919e+00,5.097498799077796683e+00,3.123765446233757626e+00,-1.558907346256802384e+00,-2.695807072779967672e+00,2.664460993298791713e+00,3.555196159053334082e+00,-2.416675155302161926e+00,2.635234975427208859e+00,-2.503389962945860248e+00,-4.731323894487683646e+00,2.027133227110593516e+00,2.195918765268215500e-01,9.095054348702051872e-01,1.187632114582924725e+00
-1.607223323049930430e+00,-2.712742005899023034e+00,-4.013118165525226821e-01,1.910713387829271248e+00,1.316159295884974600e+00,2.726211283384875284e+00,8.264695748085710836e-01,-2.810471117508995142e+00,1.422762070545587676e+00,-2.622306106123520664e+00,1.830088730324940460e+00,-1.205657168712057858e+00,-2.888242249659848770e+00,7.305724220886484765e-01,-1.044328914924099738e-01,3.553248170146170892e+00,-4.491273541913419542e+00,-9.231021070292566577e-02,4.282506517055472695e-01,-1.650399089823341825e+00,3.321305094973865835e+00,4.795075902276733970e+00,-1.880960755830164643e+00,2.452611865842931227e+00,3.586732113372135711e+00,2.683704757133638097e+00,6.008329974378663341e-01,-3.548530467244677133e-01,-8.392080545356074284e-01,-1.402153947242406495e+00,1.640742638009562882e+00,-2.902263287071744635e+00,1.332035572832397818e+00,2.199501146649586403e+00,2.413942238902012649e-01,-1.213155957414886243e+00,2.356021151979164507e+00,-7.837389272104511306e-02,1.946873846822793741e+00,-2.194494438446406015e+00,8.506411173589323305e-02,3.373600877325368952e-01,1.487633934686267256e+00,2.377305480634153145e+00,1.226015549993348497e+00,3.807485827896891273e+00,-4.216694763991875483e+00,-1.920560327500220987e+00,-1.153347762918205621e+00,1.232523670913600489e+00,1.203388213198168355e+00,-2.633432529266916955e-01,-2.458842986007122811e+00,-2.176786053193802584e+00,3.677966344876034022e+00,5.569822549974668746e+00,-2.966034252571693841e+00,2.286019542440320240e+00,-3.425515075667095122e+00,-8.395654720660405967e-01,2.804109709699726061e+00,6.086269594703308528e-02,-3.748592992047056205e-01,3.726788328855380472e-01
-2.768180731130016170e+00,-3.214314795722180484e+00,1.818895814378477693e+00,3.952009662741545082e+00,1.770082085693073459e+00,2.176743093149215991e+00,4.009929272203486272e-01,-1.156053440875597804e+00,2.148166182838877170e+00,-3.341803239294704575e+00,3.175466692532968427e+00,-5.316502068897352440e-02,-3.088404739163475465e+00,-1.928294299638057430e+00,2.894907175419412226e-01,1.662515448928747919e+00,-3.679860434509508504e+00,-1.059551315989490261e+00,-2.897754215284598089e-02,-4.313808989738783239e+00,1.869750865086973857e+00,2.171460678771495623e+00,4.884303156463565276e-01,2.820468481253941562e+00,2.837496173713466519e+00,1.647603883361617561e+00,8.537607860816975869e-01,-6.866209746600209218e-01,-1.054206207153995489e+00,3.231306629900664862e-01,8.999839401945106676e-01,-3.376004293590965766e+00,1.934025203808058979e+00,1.339322734597682363e+00,1.233440112691684298e+00,-1.041176119063326633e+00,1.221783215363015485e+00,1.488576180543831562e+00,4.718944301983508893e+00,-1.148194738359004319e+00,4.089261400017353942e+00,-1.488003308016795367e+00,1.879073195107455296e+00,2.169914078813255376e+00,4.024982517370216950e-01,2.948435028003736136e+00,-1.932895707325370083e+00,-9.780395449547683029e-01,-3.980057221799852663e+00,3.072062359522475194e+00,4.802290348009949916e+00,3.710998024400074424e+00,-4.576970909760035511e+00,-2.601392357404813005e+00,4.252902076418985544e+00,5.551411171527306010e+00,-4.057413219109651692e+00,3.322804120798966920e+00,-2.041281421802954910e+00,-2.458073391531838681e+00,3.942844812516883124e+00,1.376176845333599630e+00,-7.242711207435880150e-01,1.717487774418667845e+00
-9.402848195167510248e-01,-1.961964487839807036e+00,3.748271674656029617e+00,2.376168936273993282e+00,-4.527589012105858179e-01,5.026057952714133137e+00,9.285083049820371803e-01,-7.583574240515870146e-01,2.382050858353529144e+00,-3.673029129013237970e+00,1.542406263203606187e+00,-5.672013105187030391e-01,-2.392832889551194331e+00,-2.328026059701529427e+00,-1.746467573020480391e+00,6.627559639684332815e-02,-3.700199265612593713e-01,-8.803689643443273205e-01,-2.185963222352492741e-01,-7.245671132999949027e-01,1.336900464591864512e+00,1.866019365673728725e+00,1.057975705814673262e-01,3.653349901306377934e+00,1.472410787773617002e+00,9.409705359651996393e-01,2.506140269086543526e+00,-1.333758307153576350e-02,2.142105614923565104e-01,3.641782088989809485e-01,2.359745983971213601e+00,-4.632412059610683919e+00,4.952078930518400979e-01,1.882501461354290528e+00,7.747875649928641639e-01,6.860141363797940262e-01,3.760759364363275736e+00,3.157995054638133681e+00,3.404512186192477863e+00,-7.253755670390094057e-01,1.898166611692009287e-01,-6.054362499329870584e-01,1.509687365335851572e+00,-9.482416029282982883e-01,1.903320034047633946e+00,4.041020659586942010e+00,-1.688149056822547678e+00,-1.629469941732782701e+00,-5.740539808589990578e-01,2.972789835979702033e+00,2.280962384006268273e+00,2.877835204319052487e+00,-1.728394322434860575e+00,-1.766972690254426936e-01,6.460642552613318657e+00,5.431224708900057152e+00,-3.799196379165158177e+00,2.463926281855196354e+00,-2.542049061492158923e+00,-2.930120571348416636e+00,2.200583298498884677e+00,1.470640478450939259e+00,-7.333798532408086768e-01,1.558687595566233597e+00
-2.198410918952614423e+00,5.153226727075357338e-01,5.475673066145740897e-01,1.948132298684605912e+00,-1.032708638075114482e+00,-4.198597854494057202e-02,4.518373387569006860e-01,-1.719336229330650001e+00,3.898960131692141839e-01,-3.670228680273575073e+00,4.307858104750195594e+00,1.287753210329388276e+00,-2.186798795672415530e+00,-2.410882285415702597e+00,2.382893787313711265e-02,2.023796805967022827e+00,-5.278285339110578178e+00,-2.865442382867177784e+00,2.600102057390788701e+00,-2.818084649867143021e+00,2.516529144080215996e+00,5.062826621356002477e+00,-9.278712049618432767e-01,2.582291103488663087e+00,1.730762517005683510e+00,1.567412467925193731e+00,1.308514737850078102e+00,1.332911242993326972e+00,-4.612502598065809645e-01,-1.480612025652418007e-01,2.453195114875310612e+00,-1.863669589467689125e+00,2.872271265645450766e-01,2.600200060262106483e+00,1.596470926368086962e+00,6.352004786615907950e-01,3.982058818428743763e+00,2.199516523250638844e+00,1.829803978042232604e+00,-6.563075945823833024e-01,2.550452354450712278e+00,-1.071290613793494106e-01,-3.335510356972650747e-01,3.012701759315643990e+00,2.381961629981732997e+00,2.928602108489366529e+00,-2.517055799536924710e-01,-1.351685800442829488e-01,-6.087738961160940043e-01,3.858587616513037943e+00,3.358121829112943324e+00,2.091820987826252143e+00,1.488860514760320886e+00,-2.387193771534111608e+00,3.393739075534543570e+00,5.939103289954372755e+00,-1.719782325429875192e+00,2.844097389651306429e+00,-1.957801945242941821e+00,-1.999348247150825042e-01,2.126779097493616266e+00,7.913771131184336172e-01,3.581373847586576398e-01,-2.373605765181475924e+00
-2.026364632795964127e+00,-1.518531360543702746e+00,-1.305567533831393234e+00,5.457163479160658248e-01,9.902864726733386913e-01,1.842712092629238407e+00,2.971007584621615738e+00,-9.236534354341769948e-01,8.575414467779396421e-01,-1.293995527063274142e+00,3.752512026011424418e+00,1.827223024236583337e-01,-4.769403812750527827e-01,-3.202148981103056791e-01,-1.644371123686692915e+00,-2.529527285502612965e-01,-2.054110955895908308e+00,3.824271334911757414e-01,-3.061270975207982525e-01,-3.842378204283642518e+00,4.508688976381734825e+00,3.762207533363712386e+00,-1.335909954251175424e+00,3.192344918530739761e+00,1.799484688818336675e+00,6.555608591796246998e-02,9.444779152939084543e-01,4.366183462911009672e-01,-1.455942114553428590e+00,2.404118556075474089e+00,2.233184448460515892e+00,-5.019476095236964142e+00,1.545970852203768731e+00,1.163275520371253702e+00,-1.143716113030093240e-01,6.473957059425450300e-01,1.654309741005491885e+00,6.868661289834366857e-01,1.125935577700395651e+00,-2.085811753027277504e+00,1.595773410727303165e+00,-4.336886985801501559e+00,2.427400220257744046e+00,3.858134307145681952e-01,8.579722754680830787e-01,1.869662171637958670e+00,-3.171902539925912645e+00,1.255530212996076145e+00,-3.697452843787456533e-01,3.155943618779579740e-01,3.371349567830156158e+00,2.529240909184356845e+00,3.926464253514816427e-02,-3.916659863978557254e+00,2.919477507167028474e+00,3.273303825527409394e+00,-3.780059124747769506e+00,2.857627013182461706e+00,-3.891913228749903197e+00,-4.141629884322117761e-02,2.724176219749229855e+00,4.932931229094041914e-01,5.421617176213919809e-01,1.068953734515532883e+00
-5.762723760726280453e-01,5.493913093893734167e-01,2.877586160431564899e+00,1.581061523712628869e+00,6.772534517107970942e-01,5.084123072242936914e+00,-1.134759560234196218e+00,-7.333313127833059886e-01,-8.790408145330386169e-01,-2.898268131127081926e+00,2.375667271336732611e+00,2.863644689707061541e+00,-3.628876134956023680e+00,-4.053774999304822657e+00,-9.114746379710836344e-01,2.007305922369416962e+00,-2.744359904344048751e+00,-2.534792145758972381e+00,-3.312184097800331406e-01,-1.619404007951630309e+00,1.555342379563037891e+00,3.623685232780200494e+00,1.069690729302501975e+00,1.333568599231758078e+00,3.536456172273068077e+00,2.287120130776455706e+00,9.308419957239453257e-01,6.006450645758401041e-01,-3.868827370704152058e-01,2.772310674433388744e+00,2.738352807807953315e+00,-3.349121667290513749e+00,1.554392521899672364e-01,-4.746437546987887224e-01,2.585724510637998907e-01,-1.888139533078903920e+00,4.523190623658990717e+00,1.628853061073177289e+00,2.880616236033723521e+00,-1.271326938783336358e+00,3.058156105685806647e+00,-1.934903177614680114e+00,1.857588228251152440e+00,1.241166407171821140e+00,6.304493208156292106e-02,3.818960041982814690e+00,-7.151708769158462431e-01,-8.758424368153912010e-01,-2.614488099466458770e-01,-1.926958305606540467e+00,2.867396255190570287e+00,1.108038191819042728e+00,-2.461863678862752813e+00,-2.043834264026404224e+00,2.402990539665728953e+00,3.613181117889357807e+00,-2.942616106783618513e+00,2.349840720535783412e+00,-2.716937058049889941e+00,-1.881370043055258456e+00,4.106660444402795207e+00,3.899134797027571153e+00,-2.003352572861204717e+00,-3.278563818800451224e-01
-3.417405542909959237e+00,-3.712559362127483720e+00,-4.237263354840812291e-01,4.249642764922598737e+00,1.908677304876518876e+00,2.764220996552880116e+00,1.515281988485321030e+00,-1.691060507553195480e+00,3.034955364614790874e-01,-1.986680115455971452e+00,1.931674165410547594e+00,-2.015926409671534358e+00,-5.958578009636855910e+00,4.291183975260159933e-01,-1.840184683831038726e-01,4.760656571553859573e-01,-2.989416005353406014e+00,-4.984582782761647346e-01,6.496260297544382833e-01,2.985618708822634915e-01,4.416637204747864587e+00,4.823040214779777735e+00,-2.835007047771837652e+00,5.658630281879374557e+00,1.955345355438209198e+00,2.514616851521262575e+00,3.504568208084087866e-01,-4.016404040720860102e-01,8.952233894222814126e-01,2.197422718037930767e-01,1.592474931759838341e+00,-4.025603316285600641e+00,1.293929821511408118e+00,-2.868634162172691848e-01,2.507479753924400256e+00,-2.896409824373169517e-01,1.881191441729480163e+00,6.541598464112454714e-01,1.362278779235717163e+00,-2.997570067642248759e+00,1.665566629676940025e-01,-3.555014953448792703e+00,-7.274635334752632687e-01,1.050148525238166597e+00,1.880456533201723346e+00,3.137553189975005985e+00,-3.075723434805053724e+00,-7.895500132264239301e-01,-1.431717940354699792e+00,2.232125070403252476e-01,5.308860467805382122e+00,2.431143238888505476e+00,-6.336051102715558603e-01,-3.823964584454106141e+00,1.696894739198921975e-01,5.731989048298286704e+00,-2.055347360882056940e+00,2.309200278205523205e+00,-1.729674666351492363e+00,-2.003441299008992260e+00,3.795168925895479273e+00,-1.069988850782199075e+00,5.339168007764087953e-01,-4.474422040661398814e-01
-2.276039757558824483e+00,-1.594909066198729075e+00,-3.120367280784961395e-01,3.845718612268874903e+00,2.652958943122198376e-01,3.473778537438428682e+00,-1.066211769949171106e+00,1.150546711703126501e-01,1.960078219536317334e+00,-3.582354624124617803e+00,1.775122395121989882e+00,-9.093065606834292991e-01,-1.808593533715503465e+00,-2.051484898164347648e+00,-1.094748003397902458e+00,1.570900075562754239e+00,-4.055038908585837376e+00,-1.071479889798541807e+00,-8.356259770693961197e-01,-3.595278750509060650e+00,3.070035942154667907e+00,3.162621325139844508e+00,7.344765934900718829e-01,3.499456346876198332e+00,1.622834570329716453e+00,1.455654850408017342e+00,1.631493035980625228e+00,4.916693806889030682e+00,2.417193956300768942e+00,1.588114440621073209e+00,1.366294505854046104e+00,-3.497054136330574270e+00,1.338433499811192195e+00,-2.194056525068877050e-02,-1.952535641064080618e+00,-1.735949431748484706e+00,4.337931851156762164e+00,9.428857117588285153e-01,2.783616336276116154e+00,-3.092757163772118290e+00,2.337995216296995249e+00,-2.071403348797471899e+00,3.898477206216034219e+00,3.443210279810484664e-01,-4.821699072763234728e-01,2.509285343103293986e+00,-4.808616745360808409e+00,-2.469970422898520868e-01,-1.238456847685111661e+00,1.695236039951050877e+00,3.128367225704471455e+00,1.975267413573114084e+00,-6.712860173165799971e-01,-1.638387832223769713e+00,5.418808566270429949e+00,4.047268031988584980e+00,-1.848120037330163390e+00,1.529935564218806610e+00,-3.974393845699252914e+00,-1.965801315294279261e+00,2.547765208195959197e+00,-1.752252156805064409e+00,-8.012574685075484204e-01,-7.415383126378813361e-02
-1.928391025499561318e+00,-1.396929771259103337e+00,4.321449997371089591e-01,1.694247056569194942e+00,5.803771973077687107e-03,4.608861443169134375e+00,-9.293406273357890379e-02,-9.353864382491861029e-02,-3.161351255578814801e-01,-1.845769125386796716e+00,1.980759613196058755e+00,-9.517858079854978337e-01,-1.902336771011439165e+00,6.225631452391477971e-01,4.093836516104312206e-01,1.054905207633105579e-02,-2.998422520321641915e+00,-1.252222928523980316e+00,-2.596411776345378897e+00,-1.819866870645992396e+00,4.015226746849437589e+00,1.423887383905225068e+00,1.550579308490739994e+00,3.028776328742995627e+00,2.416852638128023756e+00,1.811683927053146181e+00,1.670534527410622694e+00,2.646402299048623341e+00,1.355686906201768238e+00,1.553134329288518689e+00,2.049425971005864877e-01,-1.887279719097787467e+00,2.714554613137700301e+00,9.493238690378931199e-01,2.469973437887135415e+00,-5.106951714362448769e-01,3.976829082128445325e+00,1.483062308156433140e-01,5.071420145036542593e+00,-1.596877704079421978e+00,1.038278380401381984e+00,-3.212383631934817352e+00,4.252681061121667661e+00,3.315263495680468964e+00,2.007475676435872991e+00,4.427346757445242531e+00,-1.780717755334788377e+00,6.550052010164355565e-01,-7.285310446253516758e-01,2.079865413803974050e+00,2.159391732393553198e+00,2.937815151654641355e+00,-1.330922336448892018e+00,-1.737726028529805289e+00,2.522595171063401587e+00,4.618943015904821259e+00,-2.964224466857609208e+00,2.115927724688483558e+00,-2.343347338657008727e+00,-1.329097557109061745e+00,2.924707683660312529e+00,1.978358537132573369e+00,-6.048339048108744009e-01,-1.627110963726017934e+00
-2.230262334826591086e+00,1.933318746219120587e+00,2.215640252362327534e-01,2.246838444495405263e+00,9.826518867042527416e-02,4.289371273408653096e-01,1.466849766787735376e+00,7.499156572109944019e-01,-5.410244256206095947e-01,-4.387936939026281458e+00,2.304688655540321651e+00,-1.186308480432571866e+00,-1.625624284498074390e+00,-1.496098394043487989e+00,-1.584410524829127809e+00,3.738089752445450831e+00,-2.132770318839200652e+00,1.378188944558338402e+00,2.689885766337118511e+00,-4.377696897221973416e+00,1.750349056280622762e+00,4.638515536722394472e+00,2.064584231675156367e+00,4.125904814381648578e+00,1.658695420396320896e+00,2.660527995292215842e+00,2.171330921638775280e+00,1.433939191925393875e+00,1.445302638705265874e-01,-8.221334573906338150e-01,1.917628117892353545e+00,-4.965695345725510634e+00,1.536922927136771699e+00,1.821900048476602807e+00,2.253986695211197322e+00,-1.253940659037928507e+00,1.639429343376002324e+00,3.524500736684910596e+00,1.363890482693464135e+00,-8.993548421336228227e-01,1.060538275118194651e+00,-1.122297571644120806e+00,1.767625659410184458e+00,1.740871787240614976e+00,5.714921092449887219e-01,4.631639629429503913e+00,-1.621353488595302705e+00,-2.837151131912364899e-01,-3.081907570763728010e+00,-5.256449424460565290e-01,3.001404155413704977e+00,1.479773603140409177e+00,-1.554262838257713941e+00,-2.136848735978229552e+00,1.827940379627464029e+00,7.464177705030804688e+00,-2.210933739287516353e+00,2.892692343210629069e+00,-3.890777211363048771e+00,-3.566683468881516994e+00,4.283814750006970762e+00,1.823045425408301945e+00,2.802134700919771237e+00,2.996776089729060732e-01
-5.624225331631029334e+00,-4.529377199491159800e+00,3.373771163393668893e+00,6.163032438616686814e-01,-5.315008648151349213e-01,1.104671377272628430e+00,-3.111089880035452504e-01,-7.481558833261358066e-01,1.757191188997582199e+00,-5.959865723537953741e-01,4.247918076280024380e+00,-3.947853068512597874e-01,-1.913949283535706369e+00,2.031780259880542339e-01,1.455043574316915445e-01,4.178975235595325799e-01,-2.944031939156673605e+00,-2.678328998884666134e+00,-3.112487096262394060e-01,-2.612509217946097362e+00,2.397541673688729169e+00,3.424453377142937072e+00,-9.029895320501972744e-01,1.813825969220534962e+00,1.676294113179379819e+00,2.042484410907800640e+00,5.284572508886576925e-01,3.296876077248049430e+00,8.199739935138024016e-01,7.407979296846802786e-01,2.905684098268946691e+00,-1.161808493652211283e+00,-1.347177290431853525e-01,-6.401444013220545237e-01,1.590492222190335703e+00,-8.477068843249024876e-01,3.226659690819543513e+00,-1.490998389973703375e-01,3.476884063792690327e+00,-1.474909245230881183e+00,3.387027656197238557e+00,-4.304950772924598823e+00,1.861095082200908690e+00,7.933074618045665716e-02,1.051039514580081047e+00,3.568398667917057843e+00,-2.309549339292383152e+00,2.026289668338201011e+00,-2.970450140451169396e+00,2.137260108845212336e+00,3.884852786353996557e+00,2.747750297464267355e+00,-1.984127440719239299e+00,-2.274289134402511792e+00,4.703589092258035897e+00,5.029067571125056091e+00,-3.069772372875080979e+00,2.620373870701030228e+00,-2.856581427704408593e+00,-1.936582016049512855e-01,4.411016425375465566e+00,-2.028470880096125750e+00,-9.760096400038975606e-01,-1.656851864884304248e+00
-2.599998011663333219e+00,-4.252406853135252129e-01,3.083942597828647436e+00,2.570515160778770181e+00,-5.036845712020709964e-02,2.556132449265839490e+00,7.524680679187520926e-01,1.918201367637475396e+00,1.196369366792591205e+00,-5.336322454579669028e+00,2.468565739574866136e+00,-1.548818069763336247e+00,-3.134176216412018601e+00,-1.132555661551313486e+00,-1.908241952169444255e+00,5.651198629064844159e-01,-5.660613905396708390e+00,7.387368291689466737e-01,3.254112507392252773e-01,-2.519914360799770936e+00,3.611458524450098295e+00,2.287483018806617086e+00,-6.694983151829955181e-01,3.190601516290721307e+00,1.296808919686787132e+00,3.331137985203096452e+00,1.001723525701120554e+00,7.612173993221391655e-01,-7.306738524654907696e-01,9.082148012406487947e-01,1.435826662831346301e+00,-1.281558283863585501e+00,2.177767482441979929e+00,9.702488545190611768e-01,7.376506243846847610e-01,2.383775780721508752e-02,2.666780377125554935e+00,2.506049611674266764e+00,5.356999768764971748e+00,-1.071501334123107441e+00,2.157607093857128344e+00,-4.378880421895509301e+00,-2.274442781221672760e-01,3.101655557151530740e+00,2.648184452773233666e+00,6.124897399765106165e+00,-4.350276753301544730e+00,-1.616539816239715432e-01,-9.043758679021451918e-01,2.304025434843982367e+00,4.447330649489646959e-01,1.416854819515660946e+00,-3.797956690643984334e-01,2.362099177788263837e-01,2.341049192691857073e+00,3.465629116597339188e+00,-3.598557291275414016e+00,4.075254236217260129e+00,-5.856497467017023340e-01,-8.700599782446243324e-01,3.111581715327036424e+00,1.866322462500165758e+00,2.620178149747137697e-01,-2.260276275457865580e+00
-3.230108649919631869e+00,-5.689876199663679301e-01,2.865252730107559209e+00,2.202572394839511283e+00,1.035428609617764506e+00,1.267008448839574308e+00,2.620571022561188901e+00,-5.496942810872864627e-01,9.434917241071164584e-01,-1.903429633764488926e+00,2.839123814746639773e+00,-1.909938931434534692e-01,-8.143260266127638758e-01,9.377138017264099457e-01,-6.360556425676833214e-02,1.107255312347589449e+00,-5.915723414087048937e+00,-2.430200643671778238e-01,-5.867018728058537302e-02,-3.193258974326794508e+00,3.735146697839657914e+00,2.794230615794588868e+00,-1.467218911853425123e+00,4.843707436745919637e+00,1.184372368604515335e+00,1.520453203637037509e+00,1.486559291070576716e+00,1.478860527376357759e+00,-2.380808435484728758e+00,-1.729540228877773922e-01,2.041567255008605919e+00,-1.563169858580534033e+00,8.786985392672057582e-01,-2.024080611923255724e-01,-1.252307322848393634e+00,-6.671619361583396302e-01,3.644821356257875955e+00,-2.462628099294466022e-01,9.171582224224199553e-01,-3.102432635559857488e+00,4.361346640445153966e-01,-1.833617176273916849e+00,3.014434382013120306e+00,1.803084799291463369e+00,9.511329471058151963e-01,1.257990828726388344e+00,-3.472910682239028102e+00,-2.995094947847027012e+00,-3.045633987387187602e+00,2.636622522280555714e+00,3.610763928521474764e+00,6.848547420559203402e-01,-8.469208757203260385e-01,-4.094329030447733331e+00,2.149665473866678500e+00,1.225008746353188904e-01,-2.554883874582668746e+00,1.203094114466662701e+00,-4.252823693075066025e+00,7.623742910515129978e-02,1.580351251479505503e+00,1.043098909919030648e+00,-1.185869079788588465e+00,-1.237927437488742788e+00
-2.636483280466338286e+00,-3.255247873846627282e-01,1.037013517114643957e+00,1.506592068620514757e+00,8.268521727093456342e-01,2.410813116284530544e+00,1.344429723840376179e+00,-8.999550327009446793e-01,8.499162353428377781e-01,-1.805872517986547576e+00,2.381222179556630625e+00,1.026530212139736831e-01,-3.414724278446036987e+00,-1.889557224304927896e+00,-1.185936073717305694e+00,9.016691142559514205e-01,-3.185578593159533067e+00,-4.957366402235039438e-01,-9.611744795365675387e-01,-3.137685377310832635e+00,2.622396730220604155e-01,6.020810346877281560e+00,-3.035548237945754346e-01,3.965203850171378441e+00,1.147800714748886453e+00,2.697854281364876705e+00,-2.237501607796920089e-01,2.567410065581562151e+00,-3.491083761026109178e-01,-6.877053567151965030e-01,2.326572072607887343e+00,-3.517302143420013572e+00,8.603865829205610272e-01,2.313828447791538068e+00,-8.897382329658860556e-01,-3.528904238004523242e-01,4.960478178523270110e+00,2.465495160951515885e+00,1.984784726657404796e+00,-3.761739416674866554e+00,1.843939936559392478e+00,-9.065931450678444969e-01,1.663985030983023972e+00,2.267917678398647663e+00,6.132979421372973805e-01,2.693181200533569353e+00,-1.001889520530227617e+00,-7.161706362220630062e-01,-2.957184856809448092e+00,2.764731233290696810e+00,5.398204802098352850e+00,1.857374880371203574e+00,-1.994395495322807133e+00,-5.402287206253848950e+00,5.914062571060521023e+00,5.152222634928283362e+00,-2.936832050492800050e+00,-3.365046865121477104e-01,-4.212960233396062293e+00,-3.825138945460830442e+00,9.122160458592663002e-01,1.158399892072396353e+00,-1.432036900622070785e+00,-3.557728641579420259e+00
-3.380296997914629564e+00,-4.655714955356165419e+00,2.652670636265825888e+00,1.213004389527861715e+00,-1.032421922984855689e+00,2.249883152169746214e+00,1.606717989419021775e+00,-1.615599957050916080e+00,2.979002435973978180e+00,-2.229681842501850753e+00,3.597947555852952561e+00,-1.257625586794156369e+00,-2.490372186397142862e+00,5.347052721926108809e-01,2.486860084559708861e-01,2.060359509924816201e+00,-4.665626056616802408e+00,5.245204286367373125e-01,2.024774889375144049e+00,-4.881578917790307059e+00,2.145632731641553104e+00,3.445322449433109391e+00,8.999736533306232911e-01,3.898476488920386451e+00,3.424269175670755949e+00,2.090937651847886602e+00,-7.106180568150550769e-01,2.357311844907459708e+00,-1.274896657409378964e+00,5.831018234708059689e-01,-1.241734713643066534e+00,-3.857128871373880941e+00,2.828913242045810739e-01,6.245910633691809100e-02,-7.882720950921759950e-01,-6.543942636220920761e-01,3.478429982510442109e+00,1.631476459818886671e+00,2.667863042189673184e+00,-3.685027619913567865e-01,2.651601995280854940e+00,-1.625460570348532308e+00,3.916644710466113732e+00,1.502085616005899738e+00,7.034211311704375857e-01,2.130794001580134100e+00,-3.146418835385682566e+00,-2.432427822258914851e+00,-3.692329562751653693e+00,3.100513462700445810e+00,2.934056350580378059e+00,5.470789949609209391e-01,-1.971142555415732467e-01,-3.039253519468039677e+00,7.521461209073030396e-01,1.913641519398945112e+00,-3.220471998474615738e+00,3.460516576586421866e+00,-1.884684498928888008e+00,-8.391796451678440460e-01,3.495924624115746226e+00,1.147529249902665249e+00,2.041646556138307034e+00,6.471264048916934852e-01
-1.978444187864674575e+00,-2.053049593629719949e-01,3.406105951220793848e+00,2.679246448250635737e+00,1.189580877961446959e+00,3.249115355845243691e+00,-9.087197236401463041e-01,-1.155084056738348686e+00,3.619390984475343576e+00,-2.864880818729527157e+00,1.820519878183485485e+00,5.247546166476320106e-01,-1.977054596554612687e+00,-9.187376657957426751e-01,-1.248897188809710457e+00,9.431695521860186116e-01,-1.083836687221121142e+00,-2.354409679906494191e+00,2.346717353645423998e+00,-6.056258799406899485e-02,3.268399576965909326e+00,3.608901424638746747e+00,-6.903559256417546308e-01,3.348893001529871682e+00,2.310679137950762296e+00,-4.472650950880865395e-01,1.284818740531482595e-01,2.231224206972528989e+00,1.656752711718838533e+00,1.951513060306556246e+00,3.101128372985125559e+00,-2.233576027861019053e+00,6.128842285562033920e-01,1.176440576715156228e+00,-1.408434052062641495e-01,-9.235906915831800790e-01,1.070061728662773826e+00,3.883820192881010325e+00,2.677651869880916635e+00,-3.830098898976369348e+00,3.554056571150618904e+00,-1.078979952351633020e+00,2.696781864836377274e-01,1.462145614989343478e+00,2.712499066727978914e+00,2.425566667376279906e+00,-1.936812412640959824e+00,7.600666058842403539e-02,-1.900161611135275708e+00,2.053320482655965229e+00,5.024764325808709131e+00,2.269300274972370524e+00,-1.214995130617279484e+00,-1.919913128687485315e+00,2.367616643142854027e+00,3.970854905545113667e+00,-3.882487657778744161e+00,5.901822821934292751e-01,1.209547990198198697e-01,-2.145259607522580936e+00,1.469235553717458620e+00,-7.034890038200145579e-01,1.723823031325629085e+00,4.139693243549303903e-01
2.521411762911909271e-01,-1.157202266603192697e+00,1.425424946744275889e+00,2.033566591106156451e+00,2.417663821511500943e-02,5.608719886947815425e+00,-2.111463103676451958e-01,3.971689625656471545e-02,-9.546417023844089300e-02,-3.434303671763909271e+00,2.853304685377834105e+00,-6.374657223684476737e-01,-2.886431626710594500e+00,4.251955785992240777e-01,2.849894044015316430e-01,3.693412742169251306e+00,4.628780764673727788e-01,-1.614911644538885138e+00,-8.431727904033115006e-01,-4.846156468347933455e+00,2.546660379025231791e+00,2.747899134828925671e+00,-1.948975312432907669e+00,1.882961695854209028e+00,9.567863005153038891e-01,2.003951508494252742e+00,1.431132988094474978e+00,6.558268307819975496e-01,-4.174905295317243858e-01,3.153132505359588222e-01,3.556469301095152247e+00,-5.288333721187216341e+00,-2.498494535147750106e+00,1.364551033763175214e+00,-2.063989082377259976e+00,-2.694153789759762940e+00,3.672940011736183230e+00,2.628506523757393243e+00,1.263150209119885403e-01,-3.542607892337179543e-01,3.321919636701497147e+00,-4.290585625655790381e+00,2.025233584721998437e+00,3.672347110949720328e+00,7.622390576660476036e-01,4.560518103066312889e+00,-3.454928405922234713e+00,1.688145180316901861e+00,-1.830132233106120498e+00,-6.964233589412867076e-01,4.648909499544357615e+00,9.360278550385731089e-01,3.644246334516441088e-01,-3.420265314886350883e+00,2.803661877506950173e+00,3.698563837727010473e+00,-2.882605261635783567e+00,1.828702154707048111e+00,-3.012886173855087613e+00,-1.930249067581544686e+00,8.758258807919800937e-01,2.635196599467829692e+00,4.138091775100955161e+00,-3.946020181630941481e-01
-3.655490777563144000e+00,-2.688732307940369992e+00,1.020992998221625481e+00,3.906663643591739010e-01,1.784224110930791474e+00,3.130420029183086594e+00,-5.156758675408927850e-01,-1.424943576178739679e+00,1.615870874652108435e+00,-1.589003511444743388e+00,4.086818015504524837e+00,3.317283339210707060e-01,-1.225978439779680018e+00,-3.477457287675763009e+00,-3.599123077991678854e-01,-4.121578136769743494e-02,-3.074492602862995305e+00,-2.858575435193742020e-01,-9.945691668747047576e-01,-4.623306976421590164e+00,1.444502994514747396e+00,5.207762446317802940e+00,-2.019531989227979274e+00,3.863362041096980892e+00,2.686777151532484531e+00,3.905344704456710225e+00,2.603923883115951021e+00,1.985348117474857510e+00,1.556235411898515553e+00,-9.315184263637610318e-01,4.170725618870541496e+00,-4.453916930678303743e+00,1.122059164493200534e+00,1.119112446330000621e+00,3.377192890023721916e-01,-2.073431666853641886e+00,6.228318592479578086e-01,7.383531879430700329e-01,3.602636696112525794e+00,-1.686682704438565494e+00,5.780378199422731011e-01,-3.893832194183277196e+00,-4.349507946199442365e-01,-3.963211467717107084e-01,1.291154145107589857e+00,2.132430817622068986e+00,-3.850795889758830803e+00,-6.598142808521827440e-01,-2.306375570461611346e+00,2.393830188198137865e+00,2.808598335688768266e+00,3.374424096790553662e+00,-1.894923876381726879e+00,-3.102178429284184968e+00,1.207050040895415677e+00,3.337780242080269133e+00,-5.506581367989627829e+00,4.014295877585507100e+00,-5.366016575078289108e+00,-3.905658369271335140e+00,2.790208767890746344e+00,2.161238083123910414e+00,-1.935247596717417640e-01,2.335114961621678753e-01
-4.066402901496639188e+00,-2.143862381572562370e+00,1.401533885606800034e+00,3.296045693120367215e+00,1.534826346927784302e+00,8.942619117846923871e-01,9.633026154597587043e-01,-1.605287729083989756e+00,-1.366165062619983939e-01,-3.822377436914158544e+00,2.989011911911305219e+00,4.039281715134398487e-01,-2.878976403967230535e+00,-8.052831467518473119e-01,-6.817080502252040874e-01,7.755736796832993774e-01,-4.020815384651724500e+00,-7.481147389959931226e-01,5.952000237773960034e-01,-3.073620921186712707e+00,4.979641954908135659e+00,2.452869697169807850e+00,4.634137040007890729e-02,3.256909105275561878e+00,1.310296832642260378e+00,1.424468024398286126e+00,9.650628523379115586e-01,3.216742196074033888e-01,-1.250753261231307700e+00,-3.022315679808095901e+00,1.362009400982758578e+00,-2.104855525882700640e+00,-4.826872371855457367e-01,1.261132261872845328e+00,2.034416273199493919e+00,6.046820252335050050e-02,3.470648345720662054e+00,1.314059127968392193e+00,2.818966390863466565e+00,-9.462673879842011804e-01,1.518728244109256442e+00,-1.944564927770163321e+00,1.338282445262523712e+00,2.651862059542361205e+00,8.595088404461370679e-01,4.388452099526332084e+00,-3.389802759479787042e+00,1.753276204726450072e+00,1.266558202109762110e-01,9.988553256293605243e-01,2.447448276241211307e+00,1.725546459343496153e+00,-1.795682698697666835e+00,-1.982452222518194196e+00,2.412824584565079977e+00,5.836337428822835349e+00,-4.645894934854632119e+00,2.465599817689023698e+00,-4.827536570414453720e+00,-2.897083571570320260e-01,3.770673735528703219e+00,7.896789335254408293e-01,-1.018569837164626568e+00,-2.062936652334043774e+00
-6.785079277632757311e+00,-1.591550713248951254e+00,6.229705150202635711e-01,5.365200890186778260e+00,1.080475537880270176e+00,3.148406061951909418e+00,1.478798028874067638e+00,-1.964796400699738710e+00,2.838329959424719551e+00,-2.479212504258638816e+00,2.602853938889550189e+00,-1.840492336650333405e+00,-2.777848103277658076e-01,2.386864906369130512e-01,-3.522823672443885723e+00,1.357666693159367721e+00,-1.290639096836236455e+00,-3.524217756432079796e-01,1.398517041164933361e-01,-2.468473912140508375e+00,2.506501484944950509e+00,3.968470977958109547e+00,-1.358505154864392050e+00,2.548947516329628904e+00,3.043562892104534789e+00,1.138415351232014094e+00,3.416032872995810710e+00,-4.686413143709597939e-01,-2.286302425518468517e+00,2.177837874129421536e+00,1.521333859987016091e+00,-2.787587885624978945e+00,4.884875122621938459e+00,1.044899566772377053e+00,4.909943322311365321e-01,-1.831421131542805281e+00,4.162949271510539617e+00,1.675751374168664709e+00,1.969297937904763929e+00,-2.945592193704469786e+00,2.242093708473806402e+00,-5.941025616828643496e-01,2.443990681104207141e+00,2.093337106914643808e+00,3.082816163135749576e+00,3.333203698718335328e+00,-3.393525658336969286e+00,-1.411716852564153024e+00,-1.033656065243110600e+00,1.910583932674805308e+00,2.896158029580109705e+00,2.407562262080316540e+00,-2.589277998830255001e-01,-1.143863182051248373e+00,3.184050255752816749e+00,3.170968181394328234e+00,-2.158417361031178316e+00,4.042241004767793022e+00,-2.651864782648833074e+00,-2.212994315515796728e+00,1.510033896296593126e+00,-8.220501754436029263e-01,2.623318743912402606e+00,-1.567544954598197871e+00
-4.385744598559246477e+00,-6.951006675402104928e-02,1.313938297046846726e+00,1.037497394786648375e+00,1.044676660814589209e+00,-6.303313685950784340e-01,-8.843292093955590349e-01,-8.804875903513678104e-01,2.013167435283954809e+00,1.969781506113852387e-01,3.019634760346658009e+00,-9.557558598268409145e-02,-1.112582187494799868e+00,-5.667983826639734213e-01,4.995359304412958501e-01,-3.709879440226848679e-02,-2.472451324991464361e+00,3.529112629511854671e-02,-1.505396573853475584e+00,-1.237326002360838784e+00,2.752897425150884203e+00,3.957089356768088706e+00,-1.327555978469224129e+00,4.363355174322169461e+00,5.653380774393559349e-01,4.071777121606566574e+00,-1.819506552879916583e+00,2.790362662361626889e+00,5.642533129568181316e-01,2.063232637567875116e+00,6.430728055965793111e-01,-4.594232161453548180e+00,-2.941619313787342538e-01,1.878637079165468737e+00,-2.111157307952751250e-01,-7.406776700383258527e-01,3.057857997653865123e+00,3.277599742931661897e+00,2.643377693487174884e+00,-1.317362004109983609e+00,7.216886547135319407e-01,-2.896751656082643400e+00,3.895609575277803494e+00,3.663709563480949782e+00,9.505353949198586117e-01,4.178299854028158400e+00,-2.164481247383755136e+00,-3.994206564563498874e-01,-3.883852319429734301e+00,3.733704528195533001e+00,2.308913505480326478e+00,6.656832039775942844e-01,-2.064909521528825564e+00,-1.590376188500230548e+00,2.048695186580995475e+00,5.630172568311211379e+00,-4.019680413430893218e+00,1.796632972346657642e+00,-9.933110175088673000e-01,-3.233031096778751667e+00,2.151643782792564075e+00,1.362711085699452873e+00,7.444838792630625868e-01,-9.302943508521885896e-01
-1.627854507788472738e+00,-2.521721495272235103e+00,1.886828856640090368e+00,1.552838815608994061e+00,-1.474209702258501009e-01,2.637588300230993443e+00,-1.334320895728556833e+00,-3.044048942366295307e+00,1.096278152594095223e+00,-2.930726009025976797e+00,3.381782303427121050e-01,4.190772626025918157e-01,-1.912773145923344575e+00,-2.300915758143516232e+00,-1.447317476669746750e+00,1.647419660144789688e+00,-8.854991380999908124e-01,-3.310631648243890002e+00,2.672409976384563457e+00,-4.318685176013315363e+00,1.336135265284377205e+00,1.110809704623711980e-01,3.651328856814404222e-01,3.013516217039941658e+00,2.486827991150144523e+00,1.470568950698197375e+00,1.358236720581413648e+00,2.714555746745999087e-01,-5.118960815347692317e-02,6.058787684023831943e-01,-1.265872505307230611e-02,-2.253657711261523477e+00,6.875273583111284337e-01,-1.030878392202718707e+00,-2.235651254289418688e+00,-3.807606065004177642e-01,2.750780981366181877e+00,3.540684720470151703e+00,1.684264454700242997e+00,-3.229377808582594156e-01,1.996342839988600737e-01,-7.864118213859359052e-01,4.814405378429469362e-01,1.413844563837264978e+00,1.957557293404134757e+00,6.600135564037532987e+00,-3.075922660090211203e+00,-5.041851780239900993e-01,6.989237991556518370e-01,-1.075988944144769643e+00,3.728653482473530900e+00,4.880330470500959805e-03,-1.837498113477726180e+00,-2.850954474104923975e+00,3.006998168015432960e+00,2.865353590032011510e+00,-3.769245722820496525e+00,2.338908742022042908e+00,-2.743331509661069756e+00,-4.180027630336431876e+00,3.639305822771230048e+00,1.886075060292763839e+00,1.209684786284999980e+00,2.914347344498339432e+00
5.874928330851227898e-01,1.787665843118032338e+00,1.698575515410600811e+00,2.371399597996406428e+00,-8.255352869246805891e-01,3.504016224547734204e+00,3.823358995034310759e+00,1.267305773146749193e+00,1.775887469163212939e+00,-3.162624530658471489e+00,4.267728211417955997e+00,6.344369054300154076e-01,-3.230342084959233251e+00,-4.359465883838030464e+00,-2.151397572307350181e+00,8.115742521717058677e-01,-2.275486875486905092e+00,-1.013827787288095861e+00,4.636260495556742689e-01,-5.363668078348266199e+00,4.902993228685570415e+00,6.628341746951424973e-01,-2.463992727378997438e-01,5.053315908372203680e+00,4.227901162314761763e+00,4.944928620471847225e+00,2.963358011523506530e+00,5.948451250568496107e-01,8.568549154900129139e-01,9.440952729031857338e-01,1.316362310119240320e+00,-4.617430525946069508e+00,3.357542331789128198e+00,1.674792446899316056e+00,-1.177552156875699030e+00,-1.303966232953811089e+00,2.692876426705541615e+00,2.161192532175057135e+00,2.788316100918452278e+00,-3.620740597716602061e+00,9.555035929490887092e-01,-2.381932248587427026e+00,3.091562806239778638e+00,2.025591035223113234e+00,2.070455443681332497e+00,4.081882428429361553e+00,-1.082840764931108701e+00,-2.443343569537061999e+00,-2.686732627349601277e+00,2.582961493004551468e+00,4.983381928945719963e+00,-2.669409228215302132e+00,-2.403901612911319319e+00,-1.265874125528156480e+00,5.692273207902191601e+00,5.020818403727895785e+00,-4.626041838881610246e+00,9.205939140467032100e-01,-3.616401782880764415e+00,-2.280931741158807924e+00,2.737977277873726578e+00,1.647070834721220622e+00,1.688889779843236294e+00,7.996615092493233323e-01
-1.829844962288158072e+00,-1.298679608980601863e+00,2.063074930562902587e+00,1.992548599904982343e+00,-2.523678292214503571e+00,3.437901301056992320e+00,-2.895621451287185177e+00,-1.652439562070163293e+00,2.429926952904675641e+00,-2.341953450219628419e+00,2.741265456054565064e+00,-6.490086825250862557e-01,-1.831584909196411148e+00,-1.307638284243603621e+00,7.417776179350166199e-01,2.060407630837751469e+00,-4.310766569401719650e+00,-3.061259772747002117e+00,9.189151598920952679e-01,-4.265342551573180430e+00,1.022376752389380306e+00,5.021273857513337546e+00,-2.519822363504234275e+00,3.188264665237067863e+00,1.315158463097124031e+00,4.491669708106529768e+00,-1.551023288492556773e-01,6.558757473438474594e-01,-3.825892540916103757e-01,9.748324686614505685e-01,2.023092057056115056e+00,-3.264842339423033479e+00,1.635012851889195318e+00,1.283999165943005893e+00,6.787677555565857501e-02,-8.589566919495514874e-01,3.299435810701234928e+00,1.192582526643565011e+00,2.318870985329893220e+00,-4.358038556426574672e+00,3.269260635399876325e+00,-1.156186388763886796e-01,2.375952421582643304e+00,3.553096602796416370e+00,-1.013303302271912898e-01,2.515980920724854020e+00,-2.475255125940621248e+00,1.268258516002908953e+00,-3.570411938780053696e+00,1.653642538245353899e+00,2.649334986410288195e+00,2.959102618527892581e+00,-3.285178512247577398e-01,-1.262000379588887888e+00,3.063131183985436490e+00,2.764742117783749453e+00,-2.650505419795685214e+00,3.064751232919851187e+00,-5.202261556168352286e+00,-5.721712467746382647e-01,3.009944683849789637e+00,1.238421729153000417e+00,1.146798438802957065e+00,-2.380413487497615943e+00
-2.605163305840223931e+00,-9.328556820374309666e-01,2.137612637948553385e+00,8.223383356971918356e-01,1.439592656226111878e+00,2.736885734678696114e+00,-9.631850290187371488e-03,-2.456281232949868443e+00,2.069330600364005956e+00,-5.209890640182690547e+00,3.507774502705238717e+00,8.283857324850361081e-01,-3.658642366893439135e+00,-3.533390737307448015e-01,-1.848369105340680774e+00,1.188135180598386187e+00,-3.263133838526633745e+00,8.064741719138366349e-01,-2.027681122736987529e+00,-2.298527569798099801e+00,3.505441480014940936e+00,2.688217524189384644e+00,4.837638604088785321e-01,3.758630678875653164e+00,1.888199529810286270e+00,1.310218003271485632e+00,4.022448407232753986e+00,9.413741451366655077e-01,-2.200548828609197649e+00,2.101017257945539285e+00,1.879974810214633196e+00,-2.852682787900870487e+00,-5.363691814631503796e-01,-1.251603494346115841e+00,1.878842319577017417e+00,-2.627522671901808771e+00,4.690705143852956560e+00,1.155965497127711794e+00,2.259095482732815352e+00,7.213643149331072646e-01,2.660768240344518976e+00,-1.460808071317758472e+00,2.600007249924735753e+00,2.574105028222986036e-01,2.797740715994454064e+00,5.814093065107543978e+00,-4.919810858509618967e+00,1.877340654441916890e-01,-3.247711695074764204e-01,3.022005568646757290e+00,2.998223671578058358e+00,5.087092354479223477e-01,-1.385179269661436230e+00,-1.436692528690800774e+00,3.738839889647110226e+00,6.120552296203509712e+00,-3.190919347191710997e+00,1.335841411645817045e+00,-3.545717967647274538e+00,-5.402974525837398456e-01,3.219342513076363765e+00,8.251746669150785696e-01,4.681537868603491970e-01,-1.209272281436211127e+00
-2.120585536119130587e+00,-1.053558031503290637e+00,5.764611068930709514e-01,-1.024799425420663823e-02,1.706384817772357954e+00,3.693966072142527590e+00,-1.065231068070196518e-01,9.431138293785561455e-01,1.876893986799472946e+00,-3.659376581306274634e+00,3.587488654577949632e+00,1.544241806636314385e+00,-1.795630488205111064e-01,-1.794952958852088720e+00,-8.427896850925959971e-01,4.951823727160571398e-01,-1.267924751684639473e+00,-1.987018149964150826e+00,9.635554567611546162e-01,-2.638553942000840369e+00,2.571696954523342349e+00,4.647404851295843464e+00,-9.185985468835167200e-02,3.168567746060046986e+00,-2.015489455147401188e-02,1.380944067159325606e+00,-2.582903559456803499e+00,3.094262260547109289e-01,2.209391099842113348e+00,-4.779860720657902462e-01,1.891032908549892255e+00,-2.633061530121469929e+00,8.110593072536068648e-01,1.139841562069390468e+00,1.460128265718582341e+00,-1.260746256485937744e+00,3.464183040308793871e+00,-1.275625909558554927e+00,3.853243308158696312e+00,-3.274277744015574587e-01,3.315483280015232737e+00,-3.378927355734591131e+00,-6.376183973742413080e-01,2.551292978267011069e+00,1.932510057567801809e+00,5.327710637197408339e+00,-4.452836382833648798e+00,-6.499745634001202754e-01,-3.211676273634056500e-03,2.642340386088337656e-01,2.497065517750177044e+00,3.277398044211354833e-01,8.636411558567393953e-01,-1.122209037821276345e+00,4.806703256051690687e+00,4.728460072646244683e+00,-3.901086321538146606e+00,3.448532538230493216e+00,-6.301462478615343699e+00,-1.998851066791115683e+00,2.991743475773573024e+00,-1.366391571539964822e+00,4.346384429653375459e-01,1.042461105504187913e+00
-3.588683903067964476e+00,-1.424521348468285042e+00,2.952720118961148721e+00,2.985662303346641178e+00,-4.227697271169832405e-01,3.577239407471572097e+00,-1.678423547282035688e+00,-1.645231490995910040e+00,3.569050465493942781e+00,-1.274216351676003001e-01,4.334505628886791584e+00,6.782621512304010114e-01,-3.059841964932994873e+00,-9.865105447192210608e-01,-2.832279107654234629e+00,-4.347101858601689628e-01,-2.191986550192096317e+00,-1.468337103247085107e+00,2.136861917334983207e+00,-3.527523371130210972e+00,2.214197473519556425e+00,3.949742349967013677e+00,-1.052197300486607201e+00,1.769603101402014600e+00,2.258607380118792918e+00,2.058839906693415767e+00,-5.108661339825133485e-01,1.673854338178071277e+00,-5.165227859258376686e-01,1.324089911683125509e+00,9.637289139561713291e-01,-1.934265114680227438e+00,2.586896253532141365e+00,-5.358366801719338657e-01,-4.038298244422759975e-01,-1.725197266036266441e+00,3.584104093803416546e+00,3.332141064073065984e+00,2.518734388876140429e+00,-2.918190594936008075e+00,1.657626340881370064e+00,-1.228452869218783938e+00,3.518142232339694253e+00,4.347948022644571253e+00,9.825243292807328555e-01,2.426589593255301658e+00,-3.847434347262835175e+00,-3.153719756177344014e+00,-2.716263164617836345e+00,1.975265145684492740e+00,3.107653980147777606e+00,9.349430521899376734e-01,-2.604149912716847481e+00,-7.957969369449160446e-01,4.295288658059858378e+00,3.668377078048785211e+00,-4.750095456936699989e+00,2.793694326952134155e+00,-4.805426687432245991e-01,-1.559193741966762303e-01,2.603451014955190601e+00,-6.829673639495821291e-01,2.495336811429718527e+00,8.104245370104032897e-01
-3.249309283637014101e+00,-1.169567826220457185e+00,1.781032252165211771e+00,3.684948718814144542e+00,2.478354889612288225e+00,1.836375479835925084e+00,5.235857157773764481e-01,-2.430453148320682599e-01,1.983339124024655620e+00,-2.856675680732601030e+00,2.941240125903940683e+00,2.626859983345074756e+00,-1.916262506897179030e+00,7.492793224400240426e-02,-2.029274672461237605e-01,2.277593301629284639e+00,5.742205609006756362e-02,-2.916000010546999199e+00,1.271775860893006094e+00,-1.730222567377326159e+00,2.022318511077172865e+00,3.489258110006334235e+00,-1.401859996289034349e-01,1.338292897883483157e+00,5.746761606003694123e-01,1.642161057326592122e+00,4.645437280389947410e-01,1.835471774833877801e-01,-1.582976934175556849e+00,1.210353141001885291e+00,1.703699243591704438e+00,-4.096388695369540756e+00,9.114999358039646005e-01,3.818653229754189748e-01,-2.195339291568970674e-01,-1.806337119929013468e+00,3.697759795141689843e+00,2.401749094647282590e+00,2.181482321736215813e+00,-3.186966571740210696e+00,1.139495650347485345e+00,-2.118078333748188324e+00,7.052075562130519781e-01,1.672291265663197635e+00,9.262097615886231150e-01,2.925785119012913160e+00,-3.776947509434593897e+00,-1.789487705655282701e+00,5.968943627899416793e-01,1.763174854416516446e+00,3.920408365996233435e+00,3.129903125003063558e+00,-1.988831530274491000e+00,-1.128683936644028218e+00,3.117049865982592927e+00,3.709805954321383492e+00,-2.662400433516790343e+00,1.922302611802644279e+00,-8.103527275917346007e-01,-1.664661341283887319e+00,2.811035083414490821e+00,5.745047980141195776e-01,-1.209054329020273988e+00,-5.105528275212032341e-01
-4.530181837340596651e-01,-3.536659365343521877e-01,2.611752348854279759e+00,1.480435182589971532e+00,1.572826557387095869e-01,2.584281743904557782e+00,-5.537713319614364638e-01,6.391072699087883002e-01,1.552347439107188976e-01,-2.254326498301545634e+00,3.215339620910260265e+00,1.203422193360949466e+00,-7.302639375693598112e-01,4.628125494188148892e-01,1.099420260835726415e+00,3.696032558199762619e+00,-1.994384394638914371e+00,-3.030386401326456536e+00,2.282672642166324373e+00,-3.056336173048186389e-01,3.827835166413406931e+00,2.788971608347747377e+00,-2.755675911356317620e+00,3.195237990894232105e+00,5.310839049686335578e-01,8.029427865552125620e-01,6.018686392043088862e-01,1.227895768399272836e+00,1.016152976654491003e+00,-9.188044063592823996e-01,2.843971004244056022e+00,-5.231010205395582702e+00,-2.076339257341637268e-01,3.505741815116639071e+00,-2.232869191728227509e+00,-2.385300308635345257e+00,8.892697637822837287e-01,1.483037755788401579e+00,3.854740995029399819e+00,2.418110252682430517e-01,-1.127370450032940674e-01,-1.803237250051112683e+00,3.240135768086775947e+00,1.718760209195580924e+00,9.807947970488851697e-01,2.022055052300597566e-01,-1.400344748949978513e+00,-1.639418868218723402e+00,-3.349459449885835660e+00,2.593069297910554738e+00,2.790913920956914485e+00,4.061769453093166948e-01,-9.823586884077735171e-01,-1.178536435727189913e+00,3.753738000718456647e+00,2.479197934157825856e+00,-3.144770283005951850e+00,3.380195583010477289e+00,-3.524321561999316899e+00,-2.178916048142134354e-01,7.970774659038837306e-01,2.205093990308325758e+00,5.942348600139241155e-01,9.695244691821536254e-01
-5.201502029868509958e-01,-1.108625622385106091e+00,1.393820965784582366e+00,2.412119760619653608e+00,9.634574760283927120e-01,5.483806330110583716e+00,-1.900001055640604619e+00,3.856978356449509704e-01,1.772719474959301600e+00,-2.567350043057923692e+00,4.924631339575986644e+00,1.073228598783794174e+00,-1.200901611719730644e+00,-1.057551840527280351e+00,4.882183697503861275e-02,2.557349113394535411e+00,-4.312743230226105950e+00,-1.404237570260665757e+00,1.308189866113707467e+00,-7.707333507606997092e-01,1.057085960696298566e+00,2.632479019216471983e+00,-1.939046172587971295e+00,3.282392116086817691e+00,1.554387976119394610e+00,1.488614170990546492e+00,-3.388586819823549590e+00,1.860481485447181171e+00,-9.770610363952250688e-02,2.212485267627703145e+00,3.109930698425897866e+00,-2.592541524043884049e+00,9.565468518288668953e-01,1.144306339655790428e+00,-7.959848432045246724e-01,4.881606602997548006e-01,2.092750043805121862e+00,1.966793192211047980e+00,2.512170421480342863e+00,-3.180139900023784438e+00,3.641209009298396637e+00,-9.902030319951602433e-01,-1.067663766156254912e+00,2.014619966834958475e+00,1.738842366105359361e+00,2.384697492253140982e+00,-1.809584596450965588e+00,-1.555375741678167056e+00,-1.456164746285144140e+00,2.332239438707635948e+00,4.741949493467138232e+00,1.288846851080419853e+00,-2.641038629260803905e+00,-4.426814223652974611e+00,3.704904104637376072e+00,1.971086963827584526e+00,-3.531192509604628604e+00,2.871672481022308876e+00,-4.751870766461203210e+00,-1.444879006151782441e+00,-3.841957194307896728e-01,2.856760681825541326e+00,-2.702559464825153301e-01,2.499372695359159402e-01
-1.557879394428134390e-01,-6.535914946620824395e-01,2.102740259403901302e+00,2.816987936952267013e+00,8.702137300624751548e-01,3.870455548114020594e+00,6.390766018247221458e-01,-1.575842567710693531e-01,7.200350316171006959e-01,-3.035995027826785098e+00,7.373146777963852649e-01,-3.556162728114917737e-01,-4.080668819159960492e+00,-2.592360875083320693e+00,4.141145497189440139e-01,-1.005898228095448488e+00,-2.345303879958219984e+00,8.872175182035970664e-01,1.571025018520644800e-01,-2.896117986633415242e+00,5.681047735974331658e-03,2.115324577612750723e+00,-1.452007514428397927e+00,2.953485556932463396e+00,-4.904727480579107457e-01,3.243337261092816171e+00,1.726655767834604838e+00,1.481314392828828375e+00,-1.585544524110161113e+00,-3.431246574146822326e-01,1.583766252937143015e+00,-4.289276341294216977e+00,7.236817346228940906e-01,1.568446365443861845e+00,-2.992418778627148335e-01,-1.523218629744104380e+00,4.553528816930841217e+00,1.844421100742454911e-02,2.036357505060560236e+00,-3.466286780749244123e+00,1.508822635150659730e+00,2.497549679741193351e-01,1.665703826414576483e+00,2.077476427711737017e+00,3.047387996862937598e+00,4.745062679394052907e+00,-2.739159948909455800e+00,1.213522696263237721e+00,-1.420949740754245738e+00,3.995200673567638194e-01,2.474156543785738904e+00,1.316693273688082755e+00,-2.047404137678730418e+00,-2.914856932905641074e+00,-5.703667751186665136e-01,2.620844747241441564e+00,-1.988034493041194617e+00,1.030209968219583994e+00,-3.803636803012907741e+00,-3.380926100931320732e+00,2.394522040676157371e+00,1.193794583162402390e+00,-2.336947581314614553e-01,-1.663930087630049570e+00
-4.007297339926029878e+00,-1.546065872662776730e+00,5.678729235200545844e-01,5.456760948748142326e+00,5.109629552874701552e-01,2.241817030200194516e+00,1.824726380781220181e+00,-9.577834945222535312e-02,5.728972064805291087e-01,-1.523563329408120115e+00,3.335867535876407164e+00,-2.970931040084784147e+00,-2.613966122865820640e+00,-6.159473883506488834e-01,-9.578001924251129395e-01,1.060960715258174147e+00,-2.876401247996874577e+00,9.672447098839520585e-02,1.825902158462632263e+00,-4.416740872823159414e-01,3.327924346659257626e+00,2.650699809442814026e+00,-1.993272649578017752e+00,6.694485824176492628e-01,4.482548393116198682e+00,2.525462240705995676e+00,-2.691821791254551677e-01,1.034211883161108014e+00,3.206902646376326160e-01,1.284193635289303081e+00,1.418942010900844375e+00,-3.838782095071810119e+00,4.076120822273870958e-01,-7.998466521442633148e-01,-1.390925686725154931e+00,-1.566650000343150717e+00,4.745187178157681984e+00,2.437448794890448411e+00,1.715141389059169130e+00,-3.654604007190910941e+00,4.550269035634928017e+00,-1.190202653132673039e+00,3.608628010902156014e+00,-1.152579048830070452e+00,7.375170214367177124e-02,5.079497572304041419e+00,1.525029022787727229e-03,2.974481775860216004e+00,-2.940500285072864983e+00,3.017820500781835946e+00,4.153563980653685483e+00,-2.818107514112824230e-01,-7.955020341934310180e-01,-1.566526392480015462e+00,2.547794345367185187e+00,3.238018355112831870e+00,-5.111015392772496391e+00,1.727673682657033583e+00,-3.285819317856833788e+00,-8.084385107712019902e-01,2.337416098375356022e+00,2.901221063582987147e-01,1.672045218498049213e+00,-5.690174980494284718e-01
-3.549308235942080891e+00,-1.614556334966061879e+00,3.487799010437682590e+00,1.903483180619033988e+00,-2.516222369164511363e-01,2.190272357515617330e+00,7.216963794904980301e-01,1.386624997485506050e+00,-1.119952636977177285e-01,-7.443882965054566814e-01,5.010401041502121622e-01,-1.293900050026030313e-01,-1.053460202147846747e+00,4.130491487181966459e-01,-7.846238639381776236e-01,1.331497116150464066e+00,-2.357929851868069360e+00,-1.708915755144710946e+00,2.518921439664126627e+00,-2.530514032427258808e+00,2.900002574327222415e+00,4.390968082244646631e+00,-2.795530128711349871e+00,1.844130340524529732e+00,3.566619086163994368e+00,2.902215642594094369e+00,2.908747267212242527e+00,-2.641867244652214008e+00,3.029002865297347746e-02,1.466891583233843388e+00,1.439538252924159378e+00,-4.507618312589065646e+00,1.456014880310168014e-01,1.800613686592375640e+00,5.209062225660997525e-01,1.759768597341951679e+00,4.172290218358849501e+00,3.298877290026534403e+00,1.279633919569781231e+00,-2.829394375885051716e+00,2.661558599824132010e+00,-2.162915583042202439e+00,1.129892465230066811e+00,4.785102070908831884e+00,2.696757159280670724e+00,1.663574008625409384e+00,-2.638861595875593657e+00,-1.663238974054880304e+00,-9.281932382429407546e-01,3.941590891318685674e+00,2.812250986286009002e+00,1.737493389125951637e+00,1.279317470063805473e-01,1.731892797176182164e-01,3.805607184926806497e+00,2.075540626950862944e+00,-2.311891678832226127e+00,4.315423956122024229e+00,-4.218721736686996238e+00,-1.583229740684182874e+00,-3.305480885015161796e-01,2.742870166417980649e+00,1.614695847297936915e+00,-1.022021971911910576e+00
-1.444752449959076701e+00,-1.451793766765064664e+00,6.847552075869995925e-01,3.225198402033155887e-01,-1.472429543891784487e-02,5.152625507692642159e+00,-2.913319149496095051e+00,-1.014822461109202711e+00,1.296576660505059264e+00,-6.147791386756980003e-01,2.052981828095898464e+00,-1.691505443940527043e+00,-2.333649106697501807e+00,-1.176035453584306500e+00,-9.859159819889252718e-01,1.059196518726917446e+00,-3.542197053816984909e+00,-9.722897373752534822e-01,8.340193721331190524e-01,-9.512435460618859917e-01,2.810190520662474434e+00,2.751611506911443072e+00,-3.534497705418913061e+00,6.031879824785093547e+00,2.246137774985336399e+00,2.295005205464408338e+00,1.310333966047254606e-01,-2.664779048167595921e-01,4.617735088353032147e-01,1.170420176847598803e+00,1.861274132840007756e+00,-4.022613683138355434e+00,3.169071608606599533e+00,-1.632301736793568381e+00,4.185845204356752336e-01,-9.359214619145144187e-01,3.106662737689785736e+00,1.892035685648834953e+00,3.254491563038594659e+00,-1.762038032041672864e+00,3.115336652684855157e+00,2.529345877836458811e+00,1.335991765616561633e+00,1.764551412560192878e+00,1.254073657335189385e+00,2.168573202139709721e+00,-4.197916003244355210e+00,-7.511422634412155963e-01,-2.264882207745004372e+00,2.585499930364399734e+00,1.801806996693571472e+00,1.322997368700882914e+00,-9.588844609154421050e-01,-2.151783895534873370e+00,7.622746257951842352e-01,9.162259729420982879e-01,-4.084064964008600640e+00,1.850787515606045375e+00,-1.439891876911469470e+00,-3.319610675912794129e+00,5.209364924151047571e-01,-2.795724192528863394e-01,-2.264499238815260163e-01,-5.526578924234200052e-01
-2.332304130170181455e+00,-3.907984279876842937e+00,4.136639561046011604e-01,3.578861081119950605e-01,1.423713050811401093e+00,4.456277490298971244e+00,2.745926731960745659e+00,3.180232755396938948e-02,1.818464160284019027e+00,-3.439038860784659590e+00,1.577755228244282604e+00,-1.066603279832214202e-01,-4.989166014616756684e+00,-7.187029715014040532e-01,-2.702835589509203551e+00,3.669539758469004820e-01,-9.993360476546309101e-01,2.074831566502957081e+00,6.307656946250845831e-01,-2.077366153236606561e+00,2.596143911753532318e+00,3.077869569805177008e+00,9.211778505496339697e-01,4.349973039959847299e+00,2.707668137445445211e+00,1.469731404066151992e+00,-1.878774989022113928e+00,-1.262163455267282686e+00,-4.606369623738254537e-01,1.471727981782932293e+00,2.574105338711312640e+00,-3.750330221625384208e+00,-1.407278358512813465e-01,3.245687957265096291e+00,-2.048876881686867435e-03,-1.889041247722424766e+00,2.758986702985906092e+00,2.013507471606005961e+00,3.329039661696125307e+00,-3.351057809086543937e+00,3.000891963331314916e+00,-1.184381321358234374e+00,2.088734894145584775e+00,9.349146614445613679e-02,3.852493647651882291e-01,2.856567582369482050e+00,-6.205097943976864983e-01,1.470553807417785519e+00,-2.249368776407678183e+00,2.635041867429895213e+00,5.308657493373093672e+00,-4.711714986241788417e-01,4.117884326060161637e-01,-2.063547365120269816e+00,2.094638326221853752e+00,6.646383221410971487e+00,-3.915113119766935323e+00,2.131038816693991311e+00,-4.961962436889074901e+00,-3.075021651233202924e-01,3.277260061372945010e+00,1.576156337131702001e+00,3.038645218012243632e-01,1.015168822133341031e+00
-1.921612853708012159e+00,4.900602155852014086e-01,2.232792605392425855e+00,1.842152191966254904e+00,-6.861803666176393701e-01,3.489100300460947768e+00,7.479038939125799423e-01,9.551548851184603617e-01,2.157712960717853345e+00,-8.472081830598907626e-01,1.986929119167696989e+00,-8.059810249472856292e-01,-3.091026346884317544e+00,-4.052225890704274747e+00,-3.523654849858444127e+00,-1.057193111212435532e-01,-3.807194418333650354e+00,5.099107188572920002e-01,7.034291034328311598e-01,-2.880755726630307656e+00,2.058320860271289909e+00,4.878833029734559901e+00,-1.457311933637967183e+00,3.593867865041817211e+00,6.169373337994810136e-02,6.182848009201166839e+00,-2.787156681266140801e-01,1.096041392676886828e+00,-2.393527467304791045e+00,8.705271094040258895e-01,4.006235237746135880e+00,-1.728519536037216087e+00,-7.415730124086714614e-01,1.196722716870699532e+00,9.969231120543445845e-01,-1.633465969689881447e+00,5.007096635648213834e+00,4.050827291036298572e-01,2.577498058268133718e+00,-1.580073558359272212e+00,1.661664998783551006e+00,-3.265769551873781040e+00,8.040318143468150325e-02,2.829775022283307351e+00,1.257394550910160724e+00,1.280985119565885899e+00,-1.011513551888671536e+00,-2.379215611246851547e-01,-2.575187364595043604e+00,2.850002919446999350e+00,4.103788245542658863e+00,3.468948790849867514e+00,-7.860437614379511828e-02,-1.238352992881069259e+00,4.507502634794298579e+00,3.065909629684546278e+00,-2.462826562004694075e+00,3.056507157475484959e+00,-6.730414164389797449e-01,-3.134167040215030120e+00,2.507271081950931624e+00,-4.793413596310214242e-02,9.626811042671512553e-01,-1.300506082197743773e-01
-2.511130454047798999e+00,-2.574747813340823477e+00,1.966513288556805961e+00,1.575560657513442431e+00,3.016215453650048506e+00,2.832947850031338088e+00,-2.191014074068226014e-01,8.233936085488968715e-02,2.674851479724932091e+00,-3.293232309519133594e+00,3.496906520322408785e+00,-1.234523887326313574e+00,-3.902309405985317170e+00,-2.021591798739052592e+00,-7.915061773935249123e-01,1.732352778398677629e+00,-1.988146133812346950e+00,-8.776811972193905298e-01,1.314118462170794199e+00,-3.480817147254006372e+00,5.152355085174493254e+00,1.704236021381726918e+00,-1.724359933985648574e+00,2.038547680559062769e+00,-2.454760221583733415e+00,2.770604150551312816e+00,8.347517917980873392e-02,-9.473183559073961035e-02,-1.862380141275722156e+00,7.718341166686382149e-02,2.969323152054947457e+00,-3.214948504761351522e+00,1.285786139419631047e+00,3.212859904976323455e-01,1.674352282431531558e-01,-3.578047612632073271e+00,3.499283410666988559e+00,1.829917805286920274e-01,2.278363781241153241e+00,-2.358578753389221738e+00,2.279328676910989948e+00,-5.037991336998512981e-01,2.791604456976273685e+00,2.858800882758890438e+00,2.329250193152613502e+00,1.969537654289710948e+00,-2.019767627309306146e+00,-1.536365788010739530e-01,-1.227156634809147828e-01,7.198008986543504850e-01,2.860293975255667753e+00,-2.550036539275077896e-01,-1.431588064106320113e+00,-2.156059028102069508e+00,1.304647938086224812e+00,2.669784417377398800e+00,-2.720599289768299123e+00,7.118492575093733343e-01,-4.148618392484388906e+00,-3.065087521633340195e+00,1.362056709389758424e-02,2.797137321628298423e+00,2.771022410603248165e+00,8.324115906509201857e-01
-9.488603921547398290e-01,-6.391787131886486062e-01,1.089885773566506844e+00,2.269959250378129845e+00,1.040241514297571168e+00,3.234998063991322503e+00,1.013227974727988201e+00,-1.648690046312649926e+00,3.084278873897987161e+00,-4.811900465523500259e+00,5.323959966826913970e+00,-2.007205199019104214e-01,-2.469692726457710208e+00,-1.807309473878780492e+00,-1.260529216190725554e+00,6.917771319880146041e-01,8.480154965104347298e-01,2.760477732083734814e-01,3.600982176657319567e+00,-6.276126356713263021e-02,2.124985171569972131e+00,5.197689443281729993e-01,-8.865266845530812567e-01,3.828420366669487596e+00,1.836140580965045954e+00,8.051713881392312810e-01,2.515100216554411627e+00,8.373670125625056748e-01,1.213558693077023021e+00,4.823710406438952436e-01,4.338932800306190884e+00,-3.299455637285557241e+00,-6.928031304561566017e-01,7.583455279454632825e-01,1.242154145263201448e+00,-2.989130274822814126e+00,3.590688638190675963e+00,3.048080670314938345e+00,1.213181445029779981e+00,-2.714660294554896769e+00,1.280078991443844405e+00,-1.669719376758681539e+00,3.204562488490288796e+00,3.493530794467713640e+00,7.183536659761956544e-01,5.037307110330067061e+00,-2.613867937875724134e+00,1.519841893983890246e+00,-4.895664022458408038e-01,2.429866865891378680e+00,4.097759198414102855e+00,4.554040230971930114e+00,-4.209771610593595170e+00,-2.653273499043239170e+00,1.600917708194182998e+00,5.083037104434261266e+00,-4.150876108322560931e+00,1.079798487005391161e+00,-2.821445956530165056e+00,-3.411558747796799018e+00,1.579723306735558275e+00,1.540688994976596060e+00,1.037006352171109480e+00,-2.874536835919147659e+00
-1.825299168610240441e+00,-6.403820919750135010e-01,4.452905614263746870e-01,2.896104346279599895e+00,-2.168911913020626692e+00,2.538023521442241748e+00,1.562664358888466998e-01,8.077813421945727601e-01,9.266172014937554824e-01,-1.100388234432432721e+00,2.784722358211046078e+00,-8.246000084599977020e-01,-5.879096863535044903e-01,-2.961239895165279079e-01,-1.076002993287345832e+00,-7.080038891861244466e-01,-5.426318363934237610e+00,-2.789883080120670655e+00,4.967504036715031379e-02,-2.461498530947818342e+00,6.928115814641639947e-01,4.050885230105440549e+00,-7.713287755429124593e-01,2.042485603174981179e+00,2.711960912704418192e+00,2.745437488948441196e+00,3.543927735556235969e-01,-1.579556745457512346e+00,-8.464489388699721895e-01,3.455083336145192696e+00,1.803539774753341263e+00,-5.222498811909181526e+00,2.743041951877251972e-01,3.623472226115871386e-01,9.216831112856237462e-01,-6.128667071207550832e-01,2.551248087867830083e+00,3.912480445284044706e+00,2.709837333995957387e+00,-1.529848991437154693e+00,4.212752838606997230e+00,-1.825613457630974157e+00,2.790129325326939913e+00,1.493754515897092405e+00,-3.347287285421247649e-01,9.990463763237453776e-01,-3.139107378618141375e+00,1.224703601802666908e+00,-1.020203487462244318e+00,-1.303101043162944617e+00,4.212171371948596921e+00,1.830316069290695458e+00,-3.068721918722877362e+00,-2.035671412664659563e+00,1.788810260080662351e+00,3.437502329674754442e+00,-3.138032177702494874e+00,2.994170083822995210e+00,-4.093982926721815296e+00,-2.518680220303265660e+00,-4.505169600100455973e-01,5.266125517713560189e-02,9.446002208709386450e-01,7.909880591884077550e-01
-3.396892705906910059e+00,-1.185598976588109643e+00,1.259201366843196279e+00,3.849415084251385455e+00,-1.686486267562846697e-01,1.911162134533337165e+00,7.240582235335724093e-01,1.093354451627866597e+00,9.935803341999027705e-01,-2.387094171670272491e+00,1.643867103768631655e+00,-1.525591815773214677e+00,-4.276343836199600013e+00,-8.105536484686237664e-02,-1.531459033792461399e+00,2.937073670406879611e+00,-1.728605676135547498e+00,2.682444778041916944e-01,1.244072286289235496e+00,-2.394886521716513617e+00,2.274521410965848922e+00,4.163767371986303090e+00,3.230853361879388874e-01,1.228228638075702372e+00,-7.494762462000092995e-02,9.525810968391459355e-01,2.914089192762175262e+00,9.754819835918252524e-01,-3.520261784665483340e+00,1.566362134618762836e+00,1.693479164263885117e+00,-2.849640099294994844e+00,2.560670009770495525e+00,-9.185449299739654183e-01,-4.607389265530442701e-01,1.923833122602229828e-01,2.737460141080948706e+00,-5.402053204316361601e-01,4.858982408472780179e+00,-1.510395880021902615e+00,1.148018562855712243e+00,-1.752509383401478438e+00,-4.909350044755891318e-01,-3.058781614480441391e-01,3.149008777221462552e+00,3.038967238792288139e+00,-1.199801639685881272e+00,-6.305225829344811572e-01,-7.158557969993311065e-01,2.195341723200445738e-01,3.437806971467538553e+00,7.840220936430772891e-01,-1.353489384873766133e+00,-1.296652221680324901e+00,2.872414724076765680e+00,4.460954555856122106e+00,-4.356198418004115780e+00,3.888999839846820628e+00,-1.889948753256891933e+00,-4.947522542864655204e-01,3.323108900541390298e+00,4.140541549085673623e+00,-4.038729085146750553e-01,-2.220810407984033841e+00
-6.056592717402491388e-01,4.532521984071566923e-01,3.146054420742169011e+00,2.871982158293075127e+00,2.289675279728665913e+00,3.641688618613414530e+00,-3.602226060596406265e-01,1.610546931719328168e+00,3.826076357736523104e+00,-2.516197618280462400e+00,1.226370715933451372e+00,-6.508120975423575816e-02,-4.294636074309770457e+00,5.665476138683980256e-01,1.281467890830126244e+00,2.030265471156622148e+00,-2.827646249340204587e+00,-3.361804955684823959e-01,6.347598296635292847e-01,-1.929536811323714574e+00,3.146667055459003937e+00,3.460533181995414154e+00,2.091610964556161356e+00,2.238199821138130652e+00,9.835656482636325748e-01,-6.789119882625831437e-01,-9.599799378610220923e-01,6.243826613737416542e-01,1.561440533070449055e+00,2.716023687244543794e+00,2.014583941817454704e+00,-4.071406767426084983e+00,1.407795955908232255e+00,-2.235641123083731419e-01,1.265436656461063292e+00,-7.057642918857368608e-01,4.326562779309797158e+00,4.913161417811247489e+00,1.809856208616938078e+00,-2.095944036305702696e+00,3.305038451069605365e+00,-2.075795219334887420e+00,7.110029410898874858e-01,4.481083210494127833e+00,9.241665045450783156e-01,3.042160395219896341e+00,-4.576393622296172303e+00,-1.269897711772469684e+00,-2.110420827878439987e+00,2.594129677254843003e+00,4.432668530270434282e+00,6.252871611140431440e-01,-1.511317934134227325e+00,-3.082261959690437703e+00,6.893690176127620362e-01,5.555141818174543111e+00,-3.732747808883068341e+00,3.623785599067707253e+00,-2.063490680510959407e+00,-9.588171663984887960e-01,3.543665216666797235e+00,3.004887088199056588e+00,2.363723794477303741e-01,-1.845571170251407933e+00
-5.512800294937916235e+00,-1.043063151002170397e+00,1.617688271418226353e+00,1.666984619078924368e+00,-4.737839394603933219e-01,3.932960353483733851e+00,-1.778804987963842343e+00,-1.831158827015593737e-01,2.167800969430185187e+00,3.539063178785406549e-01,1.938906087294185676e+00,1.415444452318073809e+00,-3.084326069699430573e+00,-2.164725215813638748e+00,4.444750073550918223e-02,-4.053331482840549782e-02,-2.327396316456046943e+00,-2.571254757279452630e+00,1.336650958802542366e+00,-4.591867943935620033e+00,-2.051880754007244789e-01,2.233014410902845803e+00,-5.155214284139968406e-01,3.758758849851986383e+00,3.914058749011952276e+00,2.674490178303270405e+00,-3.089598801498632863e+00,-1.799737087065997443e+00,-1.241963815296777351e+00,1.156646050514446022e-01,2.633062713326388415e+00,-3.355550094769388370e+00,1.419007589681564374e+00,8.261471571182588125e-02,-1.900821988260383844e+00,-4.460409415043279369e-01,1.652809073670648887e+00,-3.043611916726680633e-01,2.190413703765585751e+00,7.781161322920615575e-03,2.779706117221293127e+00,-2.467594919556605149e+00,7.846626309903128593e-01,2.268122023529393960e+00,2.769232398297264197e+00,1.251664864104297337e+00,-3.092138928257694985e+00,-3.010002983260980369e-01,-3.215411255939723212e+00,2.154174791263880895e+00,3.639261261534211922e+00,2.278792773997419641e+00,-2.605791165304156998e+00,-1.080223119839354595e+00,2.255442419193845360e+00,4.863416915752079461e+00,-6.004341581955509710e+00,2.622112884710048775e+00,-1.819600645456981081e+00,-2.346939225900597226e+00,3.378530797630980409e+00,-6.112651330086511514e-01,3.398131889451070364e+00,-7.876189091262132402e-01
-2.504230943492206762e+00,-3.337075442652519541e-01,1.300170266742809222e+00,5.039698370845051567e-01,1.350802107453893952e-01,3.752322974040949610e+00,7.774594108361010392e-03,-1.062255344689013281e+00,-8.492051251074079765e-01,-1.375301665111115401e+00,4.804578414267956177e+00,1.377930440433724701e+00,-3.537150731806805837e+00,1.450858659568652786e+00,-3.210288107667438773e+00,2.829897942336319083e+00,-3.535408088333897858e+00,-1.448945427207998904e+00,-4.682168204875902795e-01,-3.652279618033210440e+00,1.177084680199818045e-01,6.113083990534522449e-01,-1.692598789582201890e+00,2.773934082668082279e+00,5.408648099689928657e+00,2.013765572619064415e+00,1.475186755526414206e+00,-1.726718969020852867e-01,9.784547418985565237e-01,8.827024350638337236e-01,2.166715395263141719e+00,-3.348946865753123614e+00,2.130576404634605403e-01,2.810023099821878478e+00,-1.593584451505203337e+00,-2.736705319133749370e+00,2.303549884027085604e+00,1.573641457859980219e+00,2.985249662671639825e+00,-4.005618862079155740e+00,1.964739916577410428e+00,-3.880414274462104629e+00,5.568169179604062435e+00,3.635402397091480609e+00,5.084241537456407611e-01,1.624843661505614989e-03,-3.267874869838960361e+00,-1.466491778581180183e+00,-1.469350947071128566e-01,2.727997098812652510e+00,4.736829510392065679e+00,1.754940980054257471e+00,-1.501273144612658594e+00,5.424185248524260317e-02,4.096889043402285324e+00,3.744767548069948937e+00,-2.705048703217389772e+00,1.650438523344091468e+00,-1.720718989314177216e+00,-1.006501824111047938e+00,1.542320819498847362e+00,-2.065389007680967559e+00,-9.033623738095963862e-01,8.158805192302054365e-01
-1.202118770033617778e-01,-2.372917158015021233e+00,2.210765839565521418e+00,3.561622674808531119e+00,1.025473542725826359e+00,4.514509894536639756e+00,-7.386005188238116137e-01,-1.708887364109889506e-01,-5.984435612634042556e-02,-2.189298784087196914e+00,4.046189983224754982e+00,-4.798621079084313124e-01,-1.314683406245225727e+00,1.957891200658051778e-01,8.094335635173104393e-01,3.216835554010707199e+00,-1.541238188197910475e+00,-6.905796591109898408e-01,-7.705099566351281126e-01,-2.484597212341871586e+00,3.586927250516220411e+00,2.356868241148295073e+00,-3.498336373624805429e+00,3.567918021418209129e+00,8.645287023493801737e-01,1.055908917800192359e+00,1.944757962782013072e+00,2.523661533759106401e+00,1.691527384158113323e+00,5.743763204547384094e-01,1.942736915947631093e+00,-3.702769620159846120e+00,1.577777272250547203e+00,-5.027465160820390189e-01,-7.396012774289109082e-01,-2.324470109104986193e+00,2.886310096191993857e+00,1.151329210845139617e+00,1.708474601079088995e+00,-2.332403016717159439e+00,2.126409041427487434e+00,-3.042219150041926223e+00,1.678550116891588617e+00,2.513460462166598575e+00,8.041488477820759595e-01,3.532602515368183482e+00,-1.283275435379944263e+00,-4.151042996998249857e-02,-5.988202042729136032e-01,2.548983410917731618e+00,3.564548641001224372e+00,2.041172798485650031e+00,-4.397906498923351393e+00,-2.605326673750523181e+00,2.849624914494935712e+00,4.556519866605857061e+00,-2.539232434653223791e+00,3.953728773689557663e+00,-1.456624831037061307e+00,-2.059844491709630798e+00,1.438147837032499599e+00,1.301500328823051111e+00,1.075819199285880323e+00,-2.766886098114432979e+00
-4.050960780914127923e+00,-3.850709879464857543e-01,2.051926286203724636e+00,2.203282527581930328e+00,7.724595623084573592e-01,3.304700095877502353e+00,-9.110782233605774216e-01,-1.384187148247930876e+00,2.029034844192921572e+00,-1.340078415310321791e+00,3.098052170386754067e+00,-2.764790245657542389e-01,-4.261502081963824295e+00,-1.218268628077227911e+00,-1.935987738104850697e+00,1.767101859565980426e+00,-5.060985251565786491e+00,5.935662879046854634e-01,-9.283638089429142592e-01,-3.931988637790900576e+00,1.537120917488821403e+00,1.201984972248248962e+00,1.226774120043760963e-02,9.492501810863136491e-01,6.260629958544305929e-01,1.516591878189576859e+00,-9.900031633248254082e-01,2.107605607669799097e-01,3.861273478522280200e-01,2.352788210379515021e-01,2.510089214523924639e+00,-3.276516370753819629e+00,2.742650875610055383e-01,5.845831642238612513e-01,-3.109051117641210560e-01,-2.732028257626893719e+00,3.300963038748422562e+00,2.044781010031383239e+00,5.212633567556305358e+00,-2.119330804449084393e+00,3.133293223754069601e+00,-1.845388691902631439e+00,2.047298880346952732e-01,3.451589775249092273e+00,4.532557834103706496e-01,3.494021329091595796e+00,-1.877762014226575848e+00,-1.431802510098546755e+00,-2.111595374993819885e+00,1.605953242443629803e+00,2.189579176932313409e+00,3.221797578185016775e+00,3.565039536505045792e-01,-1.457740726057821679e+00,3.764986115034896663e+00,1.482293595514952544e+00,-2.705803132469329686e+00,5.942248490460405819e+00,-2.912869636835551557e+00,-2.376386203489802451e+00,2.242561460326795597e+00,1.522763278191662017e+00,9.917134503747204732e-01,3.506536761216848541e-01
-3.897979124524742822e+00,-1.804902765166215950e+00,2.230285928173976639e+00,2.680933240093038794e+00,1.091882386724279730e+00,3.293618960537968654e+00,7.931619312846101000e-01,-6.128152750777065005e-01,1.029835619189563012e-01,-1.914282042019436414e+00,3.059955122951158124e+00,-2.927390729352060683e-01,-3.315913731378431262e+00,3.132168062831819366e-01,-5.989265859509405043e-01,1.476325484107398056e-01,-1.011475663796534974e-02,-3.433114484700954261e-01,1.879703549875322288e-02,-1.947192276446129577e+00,2.196908023722344616e+00,4.443467589198130341e+00,-7.161687745796498916e-01,3.272151985771705629e+00,2.159305486775191518e-01,3.507046450857496112e+00,1.573003581544705209e+00,2.052813219498137443e+00,-2.993383520248368845e-01,1.781228793092885176e+00,3.365861284140129417e+00,-3.327505634348294716e+00,4.133564048618763032e+00,3.719827856029910951e+00,-6.749831826904144627e-01,-2.141303969581544564e+00,5.761197583951181755e+00,2.025890704434718970e+00,2.911645068070723319e+00,-2.584975124723045692e+00,3.216080949403903766e+00,-3.548194196420429325e+00,2.505289549287052608e+00,3.811101539715492148e+00,1.697960724487157069e+00,2.746679656963718408e+00,-2.147574980629121555e+00,-4.255824624929427369e-01,-8.730786553524405580e-01,1.491646268669477138e+00,2.001017819040955104e+00,1.162851315384550999e+00,-2.259526834744520762e+00,-2.406667077737842941e+00,3.339662523781531611e+00,3.598373488540532517e+00,-5.990155548983544520e+00,2.312274736881239523e+00,-9.405388175563431652e-01,-1.842887305453041469e+00,2.285015560718838490e+00,1.315831999176704237e+00,-1.555710147658080800e+00,1.818597021159160665e+00
-2.297251223316462365e+00,-4.361814060068840981e-01,5.579976874832321965e-01,2.731160480307053717e+00,-9.903419525386134570e-01,2.606427440351656521e+00,-1.936807475521660660e+00,-2.401532810148851560e+00,1.423243048070607752e+00,-1.535246015383807894e+00,2.107517965353589595e+00,3.307435823126098073e-01,-2.228016834015397851e+00,-6.723979017625819621e-01,-8.333895965385381688e-01,2.764281071490121144e-01,-4.352684185325129462e+00,-4.961522715595001465e-02,6.436211016258739370e-01,-4.210727533882510976e+00,2.319678037978657681e+00,5.595821354822547278e+00,-5.879134429605493706e-01,1.924685745264220982e+00,2.004064571880872059e+00,1.684970006195127601e+00,-1.281331499868911372e+00,4.595504524469499197e-01,-2.694027231234794151e+00,1.508920384409481841e+00,2.751769602359133149e-01,-3.509361055020779663e+00,2.303876339123235084e+00,1.439752974017836529e+00,9.679580160317396986e-01,4.180759321569387232e-01,3.897844161043593658e+00,6.221126896193486244e-01,3.887814211328688430e+00,-3.122235058819679665e+00,2.519491968384741210e+00,-4.428823472505825976e+00,3.477587477056510057e+00,1.585784448387725032e+00,2.480835645906234621e+00,5.102739998786526954e+00,-6.178761787780344683e-01,1.625793538290504436e+00,-1.597954649988465814e+00,1.945478495537795949e+00,3.337541284480268988e+00,1.745961684203575670e+00,-1.925868352577681852e+00,-1.524030398488169791e+00,1.969180930920866768e+00,5.425476390925705772e+00,-5.143417280983722861e+00,4.007895342661174531e+00,-2.181512440630243521e+00,-1.877372272360661620e+00,1.492927393509307255e+00,8.851924307652851986e-01,9.516671194691701530e-01,-3.660843622534899477e-01
-3.417335719292017959e+00,1.165107437201920781e+00,3.182498773981775386e+00,1.706639734196134128e+00,-2.189762313635952307e-01,1.144850711574374680e+00,1.676222400660718925e+00,-1.304383670041011856e+00,1.784091995294850852e+00,-8.501321686331868577e-01,8.118159704458980386e-01,-2.097914484803480306e+00,-2.220518167485670880e+00,-1.571952732693578936e-01,1.928875300660545467e+00,1.424082251278662836e+00,-2.437749833381551490e+00,-5.534335006394622836e-01,-8.984201438616519209e-01,-4.949416851355206148e-01,8.895706410584460766e-01,4.375840484306562139e+00,-7.671764389910044057e-01,1.458846860463544948e+00,2.484777820315599239e+00,-9.932845958994200863e-01,-3.002610606873216126e-01,1.598603625074049628e+00,-4.199789738971881903e-02,2.642265731216740132e+00,2.288678250511464896e+00,-2.015359822252107413e+00,3.024096636974865859e+00,2.976854576811146735e+00,-2.095949391008524731e-01,-1.985621978463203874e+00,1.598521833341941534e+00,2.743670890805486984e+00,4.882561529405506917e-01,-1.876154231572404907e+00,2.024420083650891211e+00,2.634641576277694242e-01,1.363469124294495405e+00,-4.882254944060382407e-01,4.298304907019525167e+00,2.399602088548615342e+00,-3.034645490174093574e+00,-1.499623979769983961e+00,-1.723527745110447595e+00,2.196536373871604830e+00,4.357030926263973925e+00,1.242034279741962566e+00,-2.190747503916888661e+00,1.137390535030340377e+00,4.608439945182310815e+00,5.606345217312114215e+00,-5.402996311620571923e+00,2.582578227379371594e+00,4.471726579054458028e-02,-1.137268522088162648e+00,3.192639521498901178e+00,8.578438913506595265e-01,-1.681274943308451286e+00,5.411129703466317498e-01
-2.112085111887113342e+00,5.212932063597401910e-01,3.384743835338457352e-01,1.457769500686763253e+00,6.506482378349462969e-01,3.689196092760195889e+00,1.437770562220208603e-01,2.304947313274344989e+00,2.589300569912422745e+00,-2.840323400672160492e+00,4.266089024405855135e+00,-1.508755175419364436e+00,-2.825287599589788812e+00,-9.635564868935599936e-01,-1.816496189896886326e+00,5.413837372283603067e-01,-4.113987945506229593e+00,-8.519141496842642658e-01,1.506700722161825823e+00,-3.435523015899360821e+00,1.330603069343161193e+00,2.016158266774525032e+00,3.372741519692441514e-01,2.046016883356033489e+00,2.427246779651673680e+00,1.472658120342660304e-01,2.949832299746770303e+00,-1.041574646800385029e-01,-1.996541204545502213e+00,-5.643993952909809320e-02,4.593496550010716106e+00,-5.248739478701149430e+00,2.135652072934305590e+00,-4.495028410050245782e-01,5.634293735255696545e-01,-2.799204668561380949e+00,3.445264870667538837e+00,1.391673181657287817e+00,3.973035417651525236e+00,-4.122857157713712972e+00,2.596342762388272440e+00,-4.246770848786600716e-01,3.740604746038358019e+00,-1.497029883929372751e-01,9.751248682120050582e-02,4.962184620989560813e+00,-4.728825501630304018e+00,1.685085860689446990e-01,-4.104826455571375377e+00,2.501957202324600615e+00,2.910979164839757605e+00,2.460440634697963258e+00,-1.945166095660904038e+00,-2.763174628131398247e+00,4.064186264363588208e+00,1.974055168799462523e+00,-3.996046059814999829e+00,3.110899351245770994e+00,-3.257834335408625215e+00,-2.108198404592663611e+00,4.659838304096611594e+00,8.555173417694139637e-01,-2.135641292046889017e+00,2.734388559880265857e-01
-1.268717303146756237e+00,2.480708943812852674e-01,2.595313269299164283e+00,3.054746783112049613e+00,2.324972544470880198e+00,2.276311126155771802e+00,-1.184390817077124458e-02,-6.822249602130417978e-01,1.747869882266859465e+00,-2.296175518228196655e+00,1.809214705938851697e+00,-9.946217940727950513e-01,-2.691347587756541593e+00,8.070861055276796758e-01,-2.545361213096997144e-01,1.256623433974562998e+00,-2.560706406005765157e+00,-5.851410651672419583e-01,1.349293466414685394e+00,-2.583205074862018336e+00,2.529530949694904773e+00,4.886029883580468081e+00,7.297509527609207236e-01,2.777608980349949963e+00,6.611160329771155197e-01,2.606472986293115301e+00,1.363599289546117754e+00,-9.941961218131698530e-01,-7.161864865239853106e-01,1.023686594685397910e-01,4.975280587521557774e-01,-3.583345612537573555e+00,-1.278008652062579298e+00,5.533831309407968302e-01,-5.296151192975435684e-01,-9.692048110586013454e-01,5.628995250440276266e+00,9.180642923078905504e-01,2.517893461895081675e+00,5.970800378386311724e-01,1.627330540574734030e-02,-2.131853095000217468e+00,3.423805301264362999e+00,3.131858064024461541e+00,1.783427092016251159e+00,3.825962524912283058e+00,-3.068472926391167199e+00,2.271991207989395356e+00,-1.261850962236453100e+00,1.435426528812110858e+00,2.993478676229210489e+00,6.528281581016494028e-01,-2.016340389476976469e+00,-1.571806576385840870e+00,2.617955802190429004e+00,4.040729370831850353e+00,-2.454678567774919884e+00,3.295370097516132635e+00,-3.688347998168837627e+00,-4.328654199803054770e-01,2.537044270363666421e+00,2.366950922927939516e+00,-9.539250302195951825e-01,-2.601406172861558952e-01
9.194879708544156927e-03,1.518891495563527982e-01,1.070627370169147330e+00,8.426163494168950052e-01,7.810914405648905490e-02,3.940415013569877445e+00,2.284595007205258099e+00,-5.717462458749585918e-01,1.209678423156078209e+00,-3.222808156178201600e+00,1.323045828919169331e-01,-1.137632675764712609e+00,-3.390091481305975929e+00,5.437120925045388908e-01,-1.112532234554957089e+00,2.729392797679827787e+00,-1.844319849973401926e+00,-1.616425730674726058e+00,-1.856215424711469275e-01,1.800592534726948024e-01,3.637418069353920203e+00,2.031946118582895977e+00,-4.809148018352342735e-01,3.095817004920712989e+00,1.926697369358956413e+00,2.270265376211716646e+00,-3.504379367359122810e-01,8.409353440195422857e-01,-2.677952783595347164e+00,1.870753715402780348e-01,2.308027372162501756e+00,-5.069005695392592159e+00,1.001984682117869285e+00,3.489497938329694016e+00,7.891019085295443158e-01,-1.189656744135735078e+00,1.878525540012884854e+00,4.161493212532297647e+00,2.184999435805501378e-02,-2.706635669098402808e+00,3.000505440263103729e+00,-1.367143290580552950e+00,1.591889199566275170e+00,1.417970536119033564e+00,1.086695276664615850e+00,2.862950981208788992e+00,-3.196250848934087507e+00,-7.424973077484050554e-01,1.719066166230149850e-01,3.254759932429299063e+00,5.002042791328688232e+00,1.291143415749741230e+00,-3.430766773681644288e+00,-1.798681905772923084e-01,1.229095757094480046e+00,2.495657198362599249e+00,-3.896408490860689522e+00,2.438430350618738807e+00,-4.218387513802383637e+00,-3.230907686211000218e+00,3.171962390716963398e+00,1.015024762181156781e+00,-2.011232448802752204e-01,-3.427106595964916069e-01
-2.725727312114009759e+00,-1.547273898404700532e+00,1.123871316859430980e+00,2.179615343461598354e+00,-8.601225822825331324e-01,3.104969697319124755e+00,-9.022540376315004718e-01,-1.031882081464150280e+00,3.613094759752653040e+00,-1.759851772676965798e+00,8.792369768873524727e-01,-1.701758194479703334e-01,-4.681932552666419056e-01,-3.434464165695525928e+00,-1.340141432913620756e+00,1.968319377105161916e+00,-2.368280426048327225e+00,-3.590248033275659889e+00,5.107057846840082904e-01,-3.887762031016182895e+00,3.893913754883817635e+00,2.517333300155286224e+00,-9.280085233570652958e-01,4.126924051773654512e+00,1.212458264482970227e+00,2.213829514138995869e+00,4.381007160510593579e+00,1.549806380418686347e+00,-1.675025442018623023e+00,4.937098955991933158e-01,3.097993356072462401e+00,-3.177590301855389932e+00,-1.005993778586699250e+00,1.833688895798842644e+00,-2.763109783335521152e-01,-8.739822794889787749e-01,1.999659390904104717e+00,-3.268844377626760611e-01,1.480533774570631511e+00,-2.171819364696778276e+00,-3.905866892576232985e-01,-1.477258990050973608e+00,6.446852383225314398e-01,1.900306127707768855e+00,6.083469800092995428e-01,3.499005034064018194e+00,5.978731578900959853e-01,-1.913303589226367230e-03,-1.652568941694880111e+00,2.452714061686416702e+00,2.060227950636944971e+00,2.661900322028906807e+00,4.235079978258693423e-02,-4.643460424718231394e+00,2.634697150545146194e+00,3.865744577838446272e+00,-5.720303565384548428e+00,2.601667554147963468e+00,-2.358206819090041151e+00,-1.412371825158163174e+00,3.542391022748917706e+00,1.199355956103911325e+00,1.828787971847481431e-02,1.658032593606060257e+00
-3.132481043899950190e+00,-1.329695729698352480e+00,5.097781503861364971e-01,2.713103570782279927e+00,7.939805345390054114e-01,2.101803784128218666e+00,1.210831102337144749e+00,-1.199975727353760124e+00,2.701458683821590157e+00,-1.202881823413376461e+00,1.888689274795724682e+00,8.457631907727389819e-01,-4.116493710207214107e+00,-6.316653510763272639e-01,-3.608202112948651674e+00,3.302597335077283258e+00,-4.480356189118095855e+00,-7.373560577723711207e-01,2.928248100645072682e+00,-2.748908025341411321e+00,2.734159607172279127e+00,3.521743877751053020e+00,3.368829150159768915e-02,1.134278539018739096e+00,2.215198179816797008e+00,1.084486936121703327e+00,-3.382985256915882477e-01,6.301721349700466490e-01,3.746114024868895109e-01,-1.844343737591807475e+00,1.692345037718177680e+00,-2.474766280798659235e+00,1.092841630050683577e+00,2.279106816710114725e-01,-2.024641860091441758e-01,-1.001604816021390842e+00,3.794775079565717579e+00,3.463261694047120365e+00,1.589953923268312863e+00,-2.712564360553971543e+00,4.432848904276296409e+00,-9.915048437331858144e-01,3.059940147510707753e+00,1.724618766873359466e+00,4.838564997310362159e+00,4.432618891450779586e+00,-2.386909068627867114e+00,-2.054851832224542818e+00,-2.716771607284954815e+00,4.705448151473284213e+00,3.758296916360760243e+00,2.779610872954951795e-01,-2.771383392211235197e+00,-2.857610910864055942e+00,4.076151361107536175e+00,3.523288168594940206e+00,-5.858136111144871094e+00,4.947110955835055890e+00,-3.728397173097310002e+00,-1.256765013754497229e+00,2.368964308470127733e+00,2.339155329563566532e+00,1.757632801133279354e+00,1.125493093219349205e+00
-6.657094570113786247e-01,1.115991055275511457e+00,1.218610048826384684e+00,3.372397936135192342e+00,1.423391658172563634e-01,6.391269078009154114e+00,1.430452984379619652e+00,-3.879230724550858378e-01,2.410903898821735947e+00,-2.142735558917736149e+00,5.123679712839767753e+00,-5.516306213892978594e-01,-2.586842069436303682e+00,-1.010291581453644838e+00,-1.925141138923601947e+00,-3.813676316683058953e-01,-3.051231451152716989e+00,-1.469544858999396908e+00,-3.786927727780020625e-02,-1.986689859810110370e+00,2.562591698122244743e+00,2.579712697492361428e+00,-8.305509126918139140e-01,1.365086955169376060e+00,4.256230001849147015e+00,3.009357301425362508e+00,1.026206812904000287e+00,2.777499330257582333e-02,-1.306146523241958235e+00,-3.458800698606507851e-01,3.367846044506525249e+00,-1.577453087125096909e+00,3.008980500699654392e+00,1.434003511779722295e+00,-2.262001503423871629e-01,-1.077815944687172678e+00,1.986303626875638439e+00,1.828830443742074818e+00,2.451228523619294553e+00,-3.592757949118845051e+00,1.158356330334445961e+00,-1.564828193400592538e+00,1.409095726540634308e+00,1.746649413257030936e+00,-2.849450322141870995e-01,5.721813882771254356e+00,-2.855821222319826269e+00,5.446766899527225592e-01,-2.243035411942825519e+00,9.358920129667758214e-01,3.133132506710142540e+00,4.050830906975151358e-01,-1.387030468582082010e+00,-1.824564859296658126e+00,2.964253585060059315e+00,3.738043745308176291e+00,-1.542173791708745689e+00,2.601069815510103744e+00,-1.425611156443558736e+00,-1.698537268293418334e+00,3.654992294376994799e+00,-3.107426520394147573e-01,2.123850264818094580e+00,-9.610373165061918410e-01
-2.008723197501376845e+00,-3.135896491577150336e+00,3.199503849309345949e+00,2.263555954293025696e+00,5.631244615376255203e-01,4.001387749399171412e+00,-3.988022713162705513e-01,-7.663927605323895831e-01,3.591430940797256000e+00,-1.221143183274874477e+00,2.969456412676398926e+00,-1.956125712795116489e-01,-1.997163562232597389e+00,1.547432695564270766e+00,-7.181517222256735833e-01,2.957663483263917037e-02,-3.650302450966605328e+00,-3.752412976943660716e+00,-5.578021841733789010e-01,-5.155127176656574939e+00,4.219609617720700534e+00,3.530813425128977556e+00,-3.561374997935466080e+00,4.211546254190815297e+00,3.672550535986204956e+00,1.635923593907054663e+00,2.768616392957826466e+00,-6.403437672699003880e-01,-4.394899586650606316e-01,2.172223777443843318e+00,2.189948659681089982e+00,-4.577559017801533514e+00,3.138668514130765974e+00,5.858228449641763591e-01,2.007033898442702302e+00,-1.832132656133422577e+00,2.777580003254355390e+00,1.168552920517399230e+00,4.948896528992119848e+00,-2.754251458160548616e+00,-3.210056037164235043e-01,9.842602039365557776e-01,1.170100109216329010e+00,8.539628875191054291e-01,1.951321932329316944e+00,4.170377306677528928e+00,-2.255344749600324494e+00,4.782069619875269906e-01,-1.686040615916677865e+00,4.326747591789147585e+00,3.182091411885487720e+00,2.564756491628846113e+00,-2.686382679607675961e+00,-2.180383497548522342e+00,2.964470803342912131e+00,1.862024329165642422e+00,-1.281652166827791373e+00,4.468570150471538938e+00,-6.535299986494862878e+00,-1.399365195143797980e+00,1.401534831384022350e+00,1.304930429028814176e+00,1.556687616061921631e+00,-9.699210393171517341e-02
-3.888714174368727239e+00,-1.295282206657039303e+00,2.839826660964178462e+00,1.902710983654679833e+00,1.309760550439802995e-01,2.395638443175016619e+00,-9.069737292891428826e-01,8.318044592715148067e-01,2.178089100464773331e+00,-1.836437026956703189e+00,2.818454218606937012e+00,-4.692013650198798014e-02,-1.581850461317848566e+00,-2.245908409505224412e+00,-9.460343927832408628e-01,1.715121647047378239e+00,-2.677371791392909373e+00,-1.696665249722707935e+00,-1.075433757869757478e+00,-3.766120746381250051e+00,2.341701062157492075e+00,4.383700791915692285e+00,-1.547701162197186342e+00,3.085051696432886459e+00,2.063556199985672635e+00,3.124077025664235396e+00,-5.555154728158671062e-01,1.313613041318832497e+00,-2.522977079685490565e-01,-5.120482828843113676e-01,2.637590010615509239e-01,-1.538517331409929412e+00,2.972480406020534538e+00,1.696596580336815263e+00,2.785976116776977540e-01,-1.281674796600358768e+00,1.350871141363374495e+00,1.393920076708664801e+00,2.892733538661255377e+00,-1.808956683298590162e+00,2.984768162276897563e+00,-2.978398044292792868e+00,4.364913836983857820e+00,2.010610608639070485e+00,8.642626643270703291e-01,2.233946680859952849e+00,-3.005418458067815823e+00,-2.611761365238041144e+00,-3.515776856192398547e+00,1.906583040487962677e+00,4.228445587338278244e+00,2.182929837712340504e+00,-1.273639993123547587e+00,-2.635818569139256606e+00,2.315180054613411365e+00,1.777219966847434662e+00,-2.107548849081742226e+00,2.657562284633544269e+00,3.098820623395996954e-01,-1.858623976640336739e+00,1.427665625921243464e+00,-8.074631589743068716e-01,2.095312848372389847e-01,5.637987707391490799e-01
-1.252016456626835916e+00,-2.777187167975956328e+00,2.462512920818334283e+00,2.924285914739093606e+00,2.757339350081929652e+00,3.877680989011834889e+00,6.536918615124782672e-01,-2.111175030723279722e+00,2.661419015154445233e+00,-4.997068326916485503e+00,3.313491146010381527e+00,3.490140444236393691e-01,-6.653434019530292787e+00,-1.664449381230003189e-01,1.393029680458684361e+00,8.611407576584620971e-01,-2.869244242104042719e+00,-1.259705208205941007e+00,-3.227889089495883379e-01,2.105906666940184024e+00,4.400072513958614984e+00,4.839116564869176074e+00,-1.035261067267538193e+00,3.837791004726552657e+00,4.132224998837632501e-01,1.674438410489469398e+00,1.100701793200817402e+00,-4.670355530448588866e-02,-8.053834019539812816e-01,9.785756039347457413e-01,3.362164645042228450e+00,-2.300878060170467698e+00,6.518485235987012683e-01,1.143565611992311659e+00,1.109116268752331269e+00,1.186784250306845312e+00,-6.538280703650478642e-02,2.868848630506538377e+00,1.774460259796482031e+00,-3.220738280931267017e+00,1.617929172891861667e+00,-3.059372361245096261e-01,2.761382719058952162e+00,3.068092273142003279e+00,8.550655045392199227e-01,4.212931998920002030e+00,-3.529173569071816896e+00,-2.112788078832206651e+00,-8.893093699649903261e-01,1.421237415017879702e+00,1.460186951534005795e+00,-7.240198993320201559e-02,-1.135676976609899969e+00,-2.434646112218107561e+00,3.990421739149479841e+00,3.035492760072679541e+00,-2.479512928128696281e+00,4.092007059932365465e-01,-7.358351693534137539e-01,-3.169663497656577178e+00,5.141129778761714952e+00,2.549946432361944293e+00,1.760507744571877531e+00,-1.523602815781365805e-01
-1.493958195884343754e+00,1.184279276455775687e+00,5.321918486981283003e-01,2.415713832056357369e+00,1.562909129931029151e+00,3.636347411769389026e+00,1.461452720992170606e+00,-5.608929680330970724e-01,2.725768506224195864e+00,-2.438233164826303589e+00,4.517566132536168233e-01,7.642855911823059900e-01,-2.699507863570338007e+00,2.122641653233930281e+00,4.248732071990706238e-01,2.380196872132942065e+00,-2.582217625649235515e+00,-1.761769938359884380e+00,1.779772676115679797e+00,-3.814179946239848906e+00,2.531105981891876411e+00,6.353936384317915298e+00,-1.629204725274361110e+00,5.060109163831027601e+00,1.306806353326761982e+00,1.851882626172931978e+00,2.334954879901488756e+00,1.783858316669686417e+00,1.449074597324628177e+00,1.307854604605565241e+00,4.534374473949720485e-01,-1.246405559612514313e+00,-9.572324645057328496e-01,1.265126830934269586e+00,-3.281089468668300313e+00,-1.333508140916517704e+00,5.065153974387051505e+00,1.168443510567821919e+00,1.080904413076757997e+00,-2.193292209608424415e+00,7.129667527390768811e+00,-2.674768482006986581e+00,2.640980586569886768e+00,3.599917628481135168e+00,1.461608163840640406e+00,2.648898292400798660e+00,-4.259467085892373106e+00,-4.157867182905674031e-01,-4.889001532670509409e-01,3.945140833007387826e+00,3.555371848213362274e+00,5.552650445257393486e+00,-2.806888307517151127e+00,-2.531993579909740610e+00,3.708810316542968444e+00,6.537444110459946778e-01,-4.283709285166599656e+00,4.462231820262569926e+00,-1.838146476786345573e+00,2.406439246292912948e-01,1.324706336901171344e+00,1.625705393631144968e+00,1.841889890790392004e+00,1.107788558174198190e+00
-5.111368714987674089e-01,-3.677930478242778634e+00,2.510134286768301415e+00,4.117956545275488267e+00,-1.981818877560047376e+00,3.907756592516398175e+00,-9.012760886880408773e-01,2.146789581912971201e+00,3.398081912722323850e+00,-9.609281801085496344e-01,1.075737994885033855e+00,2.208297157464325533e+00,-2.529621073068829329e+00,-2.680311914465248524e+00,7.973108195886857708e-02,1.508744671451683228e+00,-3.413680591270573661e+00,-2.806845801349556524e+00,1.051594537421517872e+00,-2.580674147806268248e+00,-6.001970404047458629e-01,2.282104144083541897e+00,-7.515187973470016658e-01,2.602559928096112252e+00,1.896824435476135440e+00,4.772114085421613083e+00,-9.796980636612748761e-01,1.745498111897964222e+00,6.645498153032376454e-01,3.412990592020344605e-01,1.617663068523891301e+00,-3.755155643465415860e+00,1.157400133164081524e+00,1.367404333153445783e-01,2.015006326857849750e+00,-1.044045057563812717e+00,3.338600433849758797e+00,9.291699564299146230e-01,2.972825944505873341e+00,-3.784980484608376106e+00,4.788665233530849719e+00,-3.112950507755130936e+00,2.680042949049214140e+00,2.292270503303949880e+00,4.771762193330048696e+00,3.990849471581749963e+00,-3.710999579845442042e+00,8.931541041061334951e-01,-1.864565448483868071e+00,4.812785339330806877e+00,2.927428791278495979e+00,-2.267969824686986158e+00,-2.131298393846856154e+00,-1.823240314623914227e+00,1.295550609044153312e+00,4.029170504393123409e+00,-4.259260539340997909e+00,3.650839044338856088e+00,-2.566264866010299350e+00,-1.735825658296523688e+00,-5.045686407163074705e-02,2.332722267345072265e+00,-2.835526616371774611e-01,1.738100694785086775e+00
-4.743556954656721558e+00,-1.442970799034289264e+00,1.683782786004324183e+00,1.821873981957089272e+00,-1.749968045147409779e-01,2.698772553242526850e+00,1.611648667438567273e+00,-2.666029312278252461e-01,2.167553512079490208e+00,-1.025847728470577591e+00,3.500615968153776514e+00,-2.781012758540855501e+00,-1.079818540374933633e+00,1.751093852440833487e+00,-2.554652477353581030e+00,1.476758054921840424e+00,-1.013121237437469180e+00,-1.201864161304347256e+00,5.723741618369126982e-01,-3.037918064850496425e+00,4.896976454672392620e+00,2.892513474932862039e+00,-2.049564190642223505e-01,5.129417415206008357e+00,1.102735776792466815e+00,2.640538662268244963e+00,1.561756285993711191e-01,2.219419107951650538e+00,-9.763465593625756389e-01,-8.210439605465762458e-01,3.543002515167990030e+00,-5.268660107800494430e+00,2.154009087333632610e-01,4.926136024231542176e-02,-2.679924730143012912e-02,-1.001993116707890152e+00,4.617946776355973171e+00,3.388394538864411221e+00,4.371063979403554178e+00,-2.940610052907462801e+00,1.561544326573031327e+00,-2.094588965283240789e+00,3.315489997743027217e+00,3.503400014822039665e+00,1.513239989801610896e+00,4.112735451685299637e+00,-3.030044245621489551e+00,-1.135768648083026022e+00,-3.524721887056561975e+00,4.387519906416386561e+00,-2.331856012562685265e-01,2.137827348847186393e+00,-6.439345116023786897e-01,-2.166973450732223583e-02,2.164482175663761776e+00,4.858733421662599916e+00,-4.049493031831737255e+00,7.321267761656973239e-01,-3.028333614966959075e+00,-1.560496590318570576e+00,2.701495252272191561e+00,5.774187003538593377e-01,9.195428511001847438e-01,4.290606204344120100e-01
-1.657684751800959866e+00,1.618739747095247594e+00,2.931190774021763090e+00,2.641347323609142261e+00,1.835198275229464437e+00,2.625983799831703713e+00,-7.733145890372090658e-01,-3.227085333378363341e+00,2.527431486858876308e+00,-2.866689838797324974e+00,1.783861906462182567e+00,4.004066002691377690e-01,-2.644416505565179598e+00,-1.990227081831745126e+00,-8.295919644787879133e-01,-2.823403985550045903e-01,-2.955546496750276919e+00,-1.825929956008735422e+00,1.001591505156189887e+00,-8.146933422182904838e-01,2.037635808911162805e+00,3.310493265271738483e+00,7.303306621404752619e-01,2.772636192691035895e+00,1.629333963504238092e+00,5.169812053697822041e-01,2.564372691737191623e+00,4.713489262323301565e-01,3.079622017099411302e+00,6.232820760990034348e-01,7.981996135842268636e-01,-3.189266056275093852e+00,1.074781306801350533e+00,1.104381182544438511e+00,-1.611066146727874404e+00,-1.113934492135373988e+00,4.825588640413450925e+00,2.375459720647172812e+00,8.059665796230701673e-01,-2.264127105267438100e+00,3.560119843278532592e+00,-2.091229275410824595e+00,1.756723342518025754e+00,2.636436827982864273e+00,1.572635076778072571e+00,2.035863886615258966e+00,-3.356959736778337700e+00,-1.296629013941877906e-01,8.107711297955511043e-04,4.684894501097334185e+00,3.731447154162236046e+00,-4.096332002430342900e-01,5.876469692924186639e-01,-4.503430117018640821e-01,5.217576996121191968e+00,6.849480815642755793e+00,-3.403078320006362567e+00,6.050912065251985439e-01,-4.981441714931359677e+00,4.747162455579998497e-01,8.322964694467274160e-01,1.521908963306301432e+00,-1.579736303889381910e+00,-7.019094739067628375e-01
-2.055047547950721309e+00,1.668691735777798613e-01,-1.076764362401763542e+00,1.694587186511772092e+00,-3.521056924957759460e-01,2.004085468255052405e+00,-1.924461388227705072e-01,2.461883688005310766e-01,2.867565947987409380e+00,-2.437577694594589062e+00,2.225781456320843343e+00,-2.795963592746869786e+00,-2.455757182365216895e+00,1.437184902844812040e+00,-2.842152805080064848e+00,7.515965973683114143e-02,-3.418408196454508552e+00,-7.887307049380432034e-02,1.087308975736426930e+00,-5.201258087270289820e+00,3.367474586802687853e+00,2.462259321606239837e+00,-1.228109974803201609e+00,1.980200858243285511e+00,3.126253999277654572e+00,1.837349002616119664e+00,-9.087946554492205564e-01,-4.527485548575969077e-01,9.109037066432628116e-01,-5.172536874726947342e-01,1.292452584739764321e+00,-2.878887217958022937e+00,1.409669307862515097e+00,-8.615258955306832611e-01,-1.268019502062490700e+00,-1.509711405433445508e+00,3.693532677848183177e+00,1.463945350578238713e+00,2.082007517937344065e+00,-2.632414134476416478e+00,2.878535518168586105e+00,-5.426344677046013310e-02,1.110594704730179183e+00,6.470263545546914852e-01,3.215112187668038857e+00,3.209562877002123837e+00,-3.950959039425410158e+00,6.148727550303739742e-01,-2.443219062507596462e+00,2.728645419846282838e-01,2.975129983222671193e+00,2.016362926534972733e+00,-2.240382031895153503e+00,-6.099262162140197674e-01,2.246606421518384522e+00,3.271630945515449529e+00,-3.974546041786098716e+00,1.766903130328083549e+00,-2.096014790910476933e+00,-3.386459612828097043e+00,6.656257376398417858e-01,6.902566662908169448e-01,1.608168861533639582e+00,1.258032442092822834e+00
-2.323291714131406671e+00,-2.659438530468137163e+00,3.330464278887114382e+00,3.032088924269432439e+00,-7.697615814349161312e-01,3.442074647030416656e+00,-1.975447331299767795e-02,-3.068786861413556277e+00,1.892810578670141464e+00,-2.285006243931930747e+00,2.674788158940285321e+00,-6.382033575094172573e-01,-3.750714977463561972e+00,-7.662716528850681552e-01,2.377528411545423381e+00,1.426550736683746212e+00,-4.459591481475829511e+00,-1.928352539837601132e-01,-2.362229799389833351e-01,-4.503441411816861972e+00,1.069594408909037453e+00,4.200489779265215162e-01,8.689498894566693998e-02,1.425226946447532006e+00,2.036545328553060585e+00,3.097052293346451712e+00,1.371134103987251551e-01,3.291229934711993543e+00,-8.794359294609033206e-03,1.363687670813557684e+00,3.257461130663748872e+00,-3.878086883910047522e+00,-8.789749524657537449e-01,-3.056029344651942647e-01,1.645200471966890010e+00,-8.930391769120877843e-01,3.396779554542528778e+00,3.804046475113840309e-01,3.983744400072445124e+00,-6.554395907761474405e-01,4.356680943749666746e-01,-4.823532820482872019e-01,2.646594125882383519e+00,1.761619497642068488e+00,1.810366469594341332e+00,2.483005231478854657e+00,-5.378483567409806376e-01,1.038092242253721764e+00,-5.615649763240579961e-01,1.340060680227036061e+00,2.482818218531469778e+00,6.161145596506990563e-01,5.838530073013230570e-01,-3.212280955061471488e+00,-4.979526145851664864e-02,3.772778742985630540e+00,-2.525433867438142244e+00,-8.869611371065233563e-01,-3.211208194516601555e+00,-2.726631766747735330e+00,2.877297765821866360e+00,-3.126785340102821831e+00,-5.741592413211089596e-01,-5.258596608418303342e-02
-1.861984778960865672e+00,-2.606583308407230071e+00,4.127153417666752588e+00,8.500787620012448809e-01,1.193434170293417584e-01,3.372024635610789911e+00,3.646742451179921241e-01,-5.306845145981485823e-01,3.092180376527408292e+00,-2.107664413306528317e+00,2.214015299239476153e+00,-6.253171849722277686e-01,-8.682105769921211191e-01,-2.306365723221519115e+00,-1.860814871882414234e+00,2.387492443231687744e+00,-1.589539266659152350e+00,-3.438579839097755109e+00,-7.117398670885728418e-01,-2.471725726881394802e+00,3.840440528257579977e+00,3.293159874375785723e+00,-1.513626544430067167e+00,4.179024514079857866e+00,2.301609416982028922e+00,2.525640616464414734e+00,-6.326111782981755916e-01,5.316369749767591024e-01,8.507434238295730200e-01,1.323160623129780333e+00,3.521057647708867311e-01,-4.422986129465769523e+00,4.631882730292774530e-01,1.413112943691494650e+00,-3.481838096308075281e-01,-8.157131182082060228e-01,1.190778843360222217e+00,2.607238155172125538e+00,1.509161157571468737e+00,-4.232742668152891241e+00,2.945443231020294039e+00,-1.742008589661547147e+00,2.156070352521695099e+00,4.412495460008727832e+00,1.091862263744725281e+00,4.188245451888855442e+00,-4.461114487244262961e+00,-8.274694999545949559e-01,-3.168435275343363333e+00,-5.126874917410475518e-01,2.799479830579249207e+00,1.200517721959600159e+00,7.655051938291177471e-01,-3.359837869092282769e+00,2.776192345404408623e+00,3.603233454755006449e+00,-2.678185810661173338e+00,3.152404156586143369e+00,-2.580642645002331648e+00,-2.283955339469773804e+00,3.094750831783850131e+00,3.269225338904887312e+00,-1.197155961728591178e+00,-1.936333911097751770e-01
-2.977952985084488802e+00,-2.001236175481436952e+00,-1.458236008716025101e-01,1.387275803802387797e+00,3.086788195567642834e+00,7.136125273537112790e-01,-1.280070639410434197e+00,4.933804040306744021e-01,3.466048369794623607e+00,-1.351609153072686365e+00,4.463920741589408436e+00,1.298439248273793201e+00,-1.144048655458987707e+00,-7.536305415599366953e-01,2.654545819880333113e+00,3.760077746870000848e-01,-3.674907656965485714e+00,-1.964564861181164801e+00,7.648915288318982597e-01,-2.539466948184015305e+00,4.147947316260801820e+00,3.650587822932077398e+00,-1.186350079656631973e+00,2.293336527590597917e+00,8.117431218451078845e-01,1.064207315687905719e+00,1.295481806753252529e+00,-4.705415168241404711e-01,-1.705790612311345322e-01,-6.544363449866559268e-01,9.648162552634647060e-01,-1.974439119915038399e+00,1.072222965854450649e+00,2.651566669659394471e+00,-5.405113342248601960e-02,-1.071732461475146669e+00,5.031222472874235407e+00,2.129498577160945594e+00,2.120459273149554846e+00,-2.324070024903780229e+00,1.654833559715120916e+00,-1.505518522674114124e+00,-1.700657459912324754e-03,3.817810277959476473e+00,2.541541485237139852e+00,2.571751272292494228e+00,-3.482585143501256475e+00,2.178621753372881109e+00,-2.583226524445008110e+00,2.614689340257905670e+00,3.517812688934018439e+00,-7.456136579205483450e-01,-1.628441209562327519e+00,-2.922095652574943969e+00,4.648977682678948398e+00,3.304447833149156022e+00,-7.772747779776749688e-01,2.970702630472543682e+00,-1.574062693544930891e+00,-1.949607596876253179e+00,1.586941418438428730e+00,1.345959041310333060e+00,4.935437725288215893e-01,2.107109483219765433e+00
-5.043089000948142164e-01,3.554710416695392450e-01,-4.620525694576125275e-01,2.741208226097552547e+00,-4.216172712886567808e-01,2.670268504533003018e+00,2.877921098391207910e-01,1.956623741461928079e-01,2.534894021362247063e+00,-5.026155663431091103e-01,2.293623414135657956e+00,-1.589969961023855127e+00,-1.560165762346274798e+00,-3.100626037916638822e+00,-9.711832914923064219e-01,-9.063638144456387380e-02,-1.656975892390716076e+00,-2.375877824816964967e+00,1.306876491277651819e+00,-4.718836092896863121e+00,2.208359856607339466e+00,4.348824357779917271e+00,-7.389121385533270470e-02,3.628172154957426621e+00,3.196767669407897472e+00,8.108678010598451280e-01,-1.621347269850315520e+00,1.756384867754645640e+00,-1.852984687578089207e-01,-8.342303203818455248e-01,1.862778714875277020e+00,-3.041506608577798421e+00,-5.637939430344245384e-01,2.570378868491167701e-01,2.572086355528429902e+00,-1.054313026042577262e+00,2.457103201073224330e+00,3.604185769614746793e+00,6.186003933667310051e-01,-1.347022834212758369e+00,2.588641028650803033e+00,-1.386482762606539687e+00,2.416586975129791703e+00,1.060457726643018850e+00,7.683625029047869148e-02,3.892285146265339169e+00,-3.461485055007912592e+00,1.975738589970223558e+00,-3.231394510157166611e+00,5.489165424916511160e-01,7.043479774469485477e-02,1.246816394258460914e+00,-1.858233885024244358e+00,-3.175223042557611564e+00,8.430654665326875463e-01,3.635147670945190868e+00,-4.457344382874868671e+00,2.377953413572350350e+00,-1.035401984290955202e+00,-1.594145019481369996e+00,1.592922248959459441e+00,1.107522792979705129e+00,2.494804348963212348e+00,1.308308575608830626e+00
-2.229643607926292237e+00,-3.673622829741683748e+00,4.447215326308436190e+00,1.055324427218316430e+00,1.560463976743340808e+00,3.024771266703913497e+00,1.630053854899628174e+00,-7.676786381748995636e-02,-2.566944138594273728e-01,-3.950853045810285735e+00,1.600716938276862678e+00,-6.736865843120380948e-01,-1.838274572335762302e+00,5.854377096484104648e-01,-2.057402082431486257e+00,-2.205935800404994485e+00,-3.082438046471055682e+00,3.019332565185273154e-03,2.635510294268964326e+00,-1.391279820136257062e+00,2.995735245067702834e+00,2.924327824818071075e+00,-3.078676580132767793e+00,4.347436110388059660e+00,4.886163158823842778e+00,2.218637268601372003e+00,6.523188647528950224e-01,1.683142674910761194e+00,-2.003746594055478170e+00,1.350553544524304872e+00,4.030914140049313144e-01,-5.049205394758930154e+00,-1.610256011628405037e+00,6.007266969075367724e-01,1.554013354927658686e+00,1.590151064248230828e-01,3.684177031471090658e+00,2.614976124527280454e+00,-9.439757362469283208e-01,-5.140589037919491844e-01,1.461286164834031176e+00,-3.922329999439793102e-01,3.007206505933876617e+00,4.264079954134198935e+00,5.610060619168880658e-01,6.407987271802995544e+00,-5.700252173987847115e+00,-1.289851096881913683e+00,-2.595997703196192941e+00,2.454928100624689247e-01,6.142441252293353138e+00,3.480401383855463493e+00,-2.039230419689662455e+00,-2.017921508407645170e+00,2.157583323082989946e+00,4.321419155498152698e+00,-2.919802677432654203e+00,1.448119445305716679e+00,-4.144916593054679410e-01,-2.575390258740208882e-01,2.153173964131172458e+00,9.135650742714462869e-02,5.737584440416909626e-01,-4.010366979896465844e-01
-4.247016213955987496e-01,4.916693021886109349e-01,4.344156426079656796e+00,1.588328857713591891e+00,2.813342071992928628e-01,1.341266746859874015e+00,-1.162585227112945541e+00,-1.846545141884444741e-01,5.333739685508254169e-01,-1.869924308493660758e+00,2.314485325849477526e+00,-2.929100079141575996e+00,-2.425968289742905348e+00,-6.115367143113714654e-01,-7.354105245457793760e-01,4.267458167278304515e+00,-1.556417247380008639e+00,-4.254418607685066078e+00,1.653001171914873835e+00,-4.156551946342453618e+00,3.278224831544957141e+00,6.482318498741631352e+00,-2.044699813709887515e+00,5.443997529797263368e+00,4.725274887681203850e+00,3.228603741713526709e+00,-2.554049257181725263e-01,2.034482396350761224e+00,-3.931127743144127162e-01,-1.062413884985466739e+00,2.842838826002481944e+00,-4.072529099758571469e+00,1.011491912974300078e+00,1.426022085800192407e+00,-1.290717822227925637e+00,-3.033805782061760770e+00,1.870795219774297635e+00,5.132374301485668200e-01,2.322738661181878772e+00,-3.649031370082259418e+00,1.352374051676260569e+00,-4.854653626190990057e-01,4.132125191413988041e+00,1.908590953061162887e+00,1.301536974199482888e+00,5.900072763593344760e+00,-2.451055254568614394e+00,-2.229309767567321021e+00,-2.047786209719392403e+00,2.512722574732462189e-01,5.808658314809874490e+00,-1.668616484267982258e+00,-3.661479194720831387e-01,-1.595298944452903100e+00,2.698534035574190248e+00,3.199046362921913023e+00,-3.112769369206354497e+00,-5.547542014959288004e-01,-2.515731743886825189e+00,-2.331431019116004588e+00,1.599473274795414568e+00,2.017101411581989634e-01,1.456039919443368857e+00,1.533614601474221573e+00
-2.252929533123305461e+00,5.287080586389978354e-01,-1.070659657514741792e+00,2.921835229684337065e+00,5.061191206819881661e-01,4.016062357532190319e+00,2.333005570006029927e+00,-1.864298017946788288e+00,3.100736530702282501e+00,-2.267552131619133160e+00,4.973927612837358403e+00,-1.124148512065213268e+00,-1.366106606499906340e+00,-3.681324292185339520e-02,4.875766595566648487e-01,-3.632038106561119584e-02,-3.539680150199642217e+00,-6.021752014474041070e-01,6.155681353547879375e-01,-2.237770971700234757e+00,2.447550797241465848e+00,5.569388355556943893e+00,2.869184491713840046e+00,4.436355139718464180e+00,2.010019532125448372e+00,2.733848817050323010e+00,9.105507854172475435e-01,3.632839620828035576e-01,3.371431987646671402e-01,4.850804017397610579e+00,-6.544899043228191715e-03,-2.997766495009327237e+00,2.425807098142558349e+00,1.976850841208257048e+00,-4.698600555188406913e-01,2.192802847341088768e-01,1.466722930594700935e+00,2.671357017373976461e-03,2.286991629821307104e+00,-9.841945572843061596e-01,3.851664421067447996e+00,-6.635956281987729355e-01,2.182381008596781413e+00,4.111607129878811495e-01,1.751612024479355600e+00,4.178898343509901636e+00,-3.462090710854403675e+00,-3.383192566256733036e-01,1.840809283284376985e-01,6.747292936281259479e-01,4.732793097749978806e-01,1.864185185797365252e+00,-2.101697544003215956e-01,-4.194028036943082682e-01,4.598248994669923206e+00,4.117689687347636962e+00,-2.353017023570795896e+00,-7.250219314784489555e-02,-3.330256781292537216e+00,-1.706906368003301200e+00,2.167132769984912777e+00,1.205462108305804581e+00,4.733592230865529271e-01,5.243534359847039639e-01
-1.571808785053473656e+00,-1.560655758512857538e+00,3.842179629931491647e+00,1.516781606442433539e+00,6.881784075456002236e-01,6.241618517047091252e+00,-1.576475907980678715e+00,-7.081430409719294827e-01,3.364399080266047282e-01,-2.449058262730881452e+00,2.128483997641450021e+00,1.889291562996537333e-01,-7.736567759208123896e-01,-2.313137904744833939e+00,3.331904519022206301e-01,7.425490061287044474e-01,-3.888805015496719086e+00,-1.162733746673654256e+00,-4.831284967164515276e-01,-3.895139297163547454e+00,2.979816516751504274e+00,3.867687551929189560e+00,-2.750568810577033396e+00,3.838886487862780417e+00,1.932035151059163347e+00,1.764295700751736806e+00,-3.036609008782834351e+00,1.155375278871221489e+00,-4.843546960721780703e-01,2.596161887368008347e+00,2.105947039803711895e+00,-3.786053856959398001e+00,-8.038263248232473401e-01,6.537763054133999274e-01,8.204853037148451822e-02,-6.588997479195768392e-01,2.090528486247217543e+00,8.284075446003857923e-01,3.645480068682257269e+00,-2.857664446073397535e+00,1.532200655202730299e+00,-1.522524027287341042e+00,1.575759433465635739e+00,2.885068417190043810e+00,1.224195606059006680e+00,2.212453008452047953e+00,-4.297381173168464130e+00,-1.854757713132197672e-01,-6.857663658301749177e-01,3.651284499606782141e+00,3.655272789144437873e+00,2.122862693751442986e+00,-3.040404102467781922e-01,-1.001658571070395576e+00,4.026077725683432362e+00,2.778311720478395586e+00,-2.308611715971699674e+00,1.705997157823858856e+00,-2.074692883186182168e+00,-2.004544976522699251e+00,2.011149964513614830e+00,-9.975100957702887072e-01,-2.400264675978345252e+00,1.609478733696279862e-01
-1.934836539437138292e+00,-2.942062826489493244e+00,2.061183394807879932e+00,3.924834618389501095e-01,2.597825486291031272e+00,4.022292052303733101e+00,-1.598952712390939945e+00,-1.891775836051924897e-01,1.849550230524060535e+00,-2.422872014697168286e+00,2.317091833061873274e+00,1.733901435010049674e+00,-3.599385464858879224e+00,-1.353044254618503750e+00,-1.173532632106380369e+00,3.498787470098972952e-01,-4.037777774978089873e+00,-1.491740936667985684e+00,-4.082361416052494585e-01,-2.086213594898323809e+00,1.887016487348442073e+00,5.408885127091098255e+00,-1.567688376346148438e+00,2.383781949163454428e+00,2.298621292938213490e+00,2.183624269872848966e+00,-2.231960473083771657e-01,-3.841670959552063724e-01,-1.206888370885232376e-01,1.040249482551358629e-02,4.293545484924781164e+00,-2.863102846921805611e+00,1.093652735113253893e+00,2.057415627296053540e+00,2.023877005160767961e-03,1.844875127319356434e-01,2.212089527614999440e+00,1.993427714582542309e+00,3.643606231185472666e+00,-8.603334220935401344e-01,-2.908462091241625913e-03,-2.577997270887177006e+00,2.541321533684210987e+00,1.738008007544796563e+00,-4.505396373822820877e-01,3.009115381483874696e+00,-3.948727325204115068e+00,5.164748990535317219e-03,-3.783192503754474689e+00,1.211409017071876537e+00,5.297413433329881904e+00,1.860372413828402127e+00,2.698446598270762831e-01,-3.245554912307385020e+00,3.780224341360470142e+00,3.320169162632256032e+00,-3.504252224502443891e+00,1.967580835104415060e+00,-1.903020554538649378e+00,-1.266527754916147774e+00,2.800376098167083327e+00,-4.893624662982303253e-01,-1.583748717928086025e+00,-7.019868952915391258e-01
-2.601538787488754334e+00,-2.889285364402091272e+00,1.140508789722811667e-01,5.136394398580922172e+00,3.011220884471671688e+00,4.573707624263588123e+00,-1.280632721854922718e+00,-1.394886763204191249e+00,3.896343465944052120e+00,-3.336965421748288030e+00,1.119394851008888248e+00,-1.768259975833186504e+00,-2.233772422713197869e+00,-1.112930798969034019e-01,-2.403980346192178263e-01,1.594208932013100544e+00,-2.541648400962115417e+00,-1.709969803507388475e+00,7.409188270201223503e-01,-7.222628967887070317e-01,9.103175647156365180e-01,2.453040046170246846e+00,-2.828909365983745428e+00,3.124299688799445196e+00,2.151861424127595512e+00,1.214624369687606453e+00,2.695100788509869894e+00,2.085203621976762456e+00,1.828525898167104868e-01,1.288215590788204690e+00,1.317222459810744262e+00,-2.913326072537994360e+00,5.862234619489221643e-01,3.315237409714976824e+00,-2.112518756230470363e+00,-3.380572238826123899e-01,2.698769968457344959e+00,2.279874000307087201e+00,1.886364516037810635e+00,-2.178854492001853771e+00,3.601719347522990056e+00,-7.378396666230050416e-01,4.704778162947302889e+00,2.971472144198882503e+00,1.274472296241726088e+00,5.001166486757629315e+00,-3.351023025180204229e+00,-4.228669409084411801e-01,-3.428663883294484016e+00,-6.625911748773805066e-01,4.003267629928958904e+00,2.446821917752638242e+00,-2.996756361472353802e+00,-5.673344595228062559e+00,3.221652241069601352e+00,2.665767222792097435e+00,-1.979012493309310727e+00,2.461603427087864393e+00,2.002942933171540929e-01,-1.879268504365399828e+00,2.493590413370815995e+00,2.757306437927916631e-01,-8.471825449352282655e-01,-4.041002571494130002e-01
-3.564616158842124349e+00,-2.451919743637192894e+00,4.516250338153000143e+00,-2.888817858823955476e-02,-6.411937352352847785e-01,1.860349663004940313e+00,-4.774054285663592578e-01,-1.998505218029186903e+00,1.296888108383703386e+00,-4.771210127989002903e-01,3.079435367946750990e+00,4.064014572232529932e-02,-3.197629583044427459e+00,-6.165924811421340523e-01,2.873744455057836156e-02,6.193665377772172853e-01,-3.941436554664992542e+00,-1.119708287202129338e+00,-9.333925853804689865e-01,-1.166235510273472498e+00,4.152404580372497378e+00,2.842926691135093442e+00,-7.638585219996665288e-01,4.225905992537841271e+00,3.373419525675331432e+00,1.330069859906170215e+00,2.463718260105659252e-01,-1.389705150667939204e-01,-4.642881735152326605e-01,6.577697741598553804e-01,4.635901522516386208e+00,-3.111400789796975097e+00,2.503596996137959163e+00,1.260738037421397451e+00,2.877320080479795816e+00,-2.513437734994558248e+00,4.577768788657930799e+00,1.024590360819765511e+00,3.235561192234756689e+00,-3.687203403615778363e+00,1.822951165855319244e+00,2.287891569704863848e+00,6.547911026565866877e-02,-2.247844999690022938e-01,8.921795148228438554e-01,2.032698458330258084e+00,-1.195236739369136769e+00,-1.782715515478976720e-01,-3.648358466541983702e+00,1.970862284974278067e+00,2.696641060612161134e+00,4.109277585210848294e+00,-2.926157925824139916e-01,-1.403152738227672724e+00,-9.495669748134223376e-01,3.665642540458519782e+00,-4.786545940646371733e-01,1.341608305627828290e+00,-3.580654830845464431e+00,1.053178966157963581e+00,2.793546152358903356e+00,1.068576161979719163e+00,-5.271083502989634129e-01,-2.646074524135585415e-01
-4.689409878826745981e+00,5.311952651533833336e-01,5.764166991081616231e-01,2.892258765350895544e+00,1.887468191106706383e+00,2.058740974667834234e+00,-1.296743235006298511e-01,-3.964414166416222685e+00,1.471810381901992315e+00,-4.868558553297376079e+00,2.957606911066292810e+00,8.525084039063592911e-01,-4.866035975573857364e+00,3.926932238189770885e-01,-1.020309817586381618e+00,-2.888501998913610702e-01,-3.922619712518128576e+00,-2.554240076258497361e+00,1.554257444714605141e-01,-7.764774693066205380e-01,2.510686062802776952e+00,1.857046382742042701e+00,-1.222103522247230956e-02,2.236724441934962559e+00,2.351848114218430208e+00,1.817840973095357526e+00,-1.007654705899624581e+00,-2.533005021160239512e-01,-1.666769917602589857e+00,-1.088280884892629530e-01,1.439958387587982891e+00,-3.759240968099809344e+00,-4.402977902223794704e-01,-8.173720090664087223e-01,5.948164027160435241e-02,-1.466368961910062829e-01,2.264632782525437094e+00,1.725820201770562834e+00,2.243921113529307565e+00,-5.020618473942291438e+00,7.344654838770212635e-01,5.255209532559181884e-01,1.248227913326065419e+00,2.068388966787978678e+00,2.706980722576955323e+00,3.505559225992646688e+00,-1.667846537492676529e+00,1.021061494259733582e+00,-2.801127867173361707e+00,3.805421159194133374e+00,5.208123423687420761e+00,1.809114190763225549e+00,-3.743434726533227508e+00,-8.622524549540531158e-01,3.084066591126084056e+00,5.191008403866044674e+00,-2.350423150005251038e+00,3.193562616326849124e+00,-3.838018743631570917e+00,-1.696592472172794519e+00,1.210074499745720011e+00,-1.871627960381367917e+00,1.093415297046472112e+00,1.920499346079524994e+00
-7.685656648050207540e-01,-1.879172991421947270e+00,3.257256209579057149e+00,3.318753519908921756e+00,1.089642973033487339e+00,1.513616162544575205e+00,-4.166979587847374766e-01,-4.569717138988652061e-01,3.255539773302331241e+00,5.561127554138156626e-02,6.008935327820097427e-02,1.960985015910703400e-01,-4.125400335552364517e+00,-3.987348540990778845e-01,4.906055915130824729e-02,6.107657550715565042e-01,-3.148936167045109702e+00,-2.475169167878088938e+00,1.486760087066508307e+00,-3.342249216907680953e+00,4.585833252306358077e+00,3.518462063189683242e+00,-2.653208759214709556e+00,4.116880228486616389e+00,2.746035217025098785e+00,2.908417704050240804e+00,1.155570576190699139e+00,1.309144420085667448e+00,1.180519850742562715e+00,2.337422288653330238e+00,2.730638325570524660e+00,-2.655094308396308111e+00,3.894566364070543019e-01,4.072054172066132405e-01,6.222672789716148234e-01,-1.599948983824224902e+00,5.048354409436549339e+00,1.852844668008278850e+00,1.938229701838323660e+00,-3.448326722294276170e+00,-7.515153103046658956e-01,-1.434144608534982268e+00,4.406251839141747340e+00,1.278731522102856566e+00,1.347290813440841895e+00,2.663676147307836750e+00,-3.477641159293437312e+00,-4.793330827052954546e-01,-1.095325255692235267e+00,3.401961511598368126e-01,3.438440504739491921e+00,1.638704570252172754e+00,-4.012977821694338587e+00,-1.896956656322550394e+00,2.984902133195484808e+00,2.810459009654332263e+00,5.383391287762417932e-01,1.685505727350247618e+00,-1.646371787470182646e+00,-2.528979958962347396e+00,3.690554426891654138e+00,3.842741323318794144e+00,1.601177743288738409e+00,-2.136234956420191011e+00
-2.150594897842831532e+00,-2.062526182401739128e+00,1.542973425948039434e+00,1.513069288960178227e+00,5.355531661296042412e-01,2.704135815567402013e+00,-2.254050329825008525e+00,-7.325970329899059719e-01,1.162096083693962889e+00,-2.709665248743170718e+00,3.223144839982750920e+00,-8.917777942190254770e-01,-3.492546676068600586e+00,-6.459036512964060339e-01,-8.200162936601829156e-02,3.552977696188338586e-01,-2.609315207925226865e-01,1.100531649560807512e-01,5.239280063065225868e-01,-2.749031112302092517e+00,3.073599752200759205e+00,2.493393790087374384e+00,-7.138552232591548474e-01,3.785513043691476121e+00,6.007908890728212992e-01,2.124855208805410900e+00,8.436817434067482857e-01,3.562827318340794358e-01,-1.049841541150996260e+00,6.720688952263942362e-01,4.232233358343306051e+00,-6.554728201059836223e+00,7.411421738494470279e-01,1.380466677921899921e+00,1.744323913184249175e+00,-2.702719552441048556e+00,2.457101219623123445e+00,3.783417190829583721e+00,1.100726415993782403e+00,-1.997915057080654533e+00,9.537299456068161208e-01,-1.054044337408925003e+00,3.374320853407233312e+00,3.151022940628072089e+00,-3.511700617364390542e-01,3.742655181153266675e+00,-3.315378031497444589e+00,-1.643321037221593173e+00,2.848987212254268098e-01,2.520399101909451822e+00,2.408476659888135529e+00,1.462899813970876206e+00,-4.423355408269134870e+00,-1.618790893130223285e+00,6.015035588457134708e+00,3.220292854911115388e+00,-3.694697063750273180e+00,1.917009264666210022e+00,-5.200779809844013890e-01,1.509405779250025947e-01,2.355314544997832993e+00,2.306544877914825875e+00,4.356033483563827025e-01,1.980374183605875804e-01
-7.059952384545642445e-02,5.589139577520030322e-01,5.139809252233373815e-01,4.577674126214601458e+00,2.149155379554805290e+00,9.406341086730720669e-01,-1.763202497851628525e+00,-1.882706526155773830e+00,-8.019278722922833502e-01,-1.673908114326273289e+00,1.667594633920817859e+00,-3.240844976153716583e+00,-1.322102756267464541e+00,-2.830969963670828538e-01,-1.653275788381766143e-01,2.147629366767360715e+00,-3.708085360918948581e+00,-4.132200120252994324e+00,3.286247222745422913e+00,-2.137697362504111354e+00,4.816097186153847076e+00,3.243364425152964081e+00,-4.487184859797846981e-01,3.683227897845937626e+00,2.112765106325463105e+00,1.906161915068825596e+00,3.814332328049354626e-01,1.018331417794735572e+00,-4.906488971855269554e-01,2.066107824029386197e+00,1.873890958447657296e+00,-4.588852507715762030e+00,-1.985080536780019500e-01,-1.436409930029136639e-02,8.189251038250916492e-02,-2.403450444714895440e+00,2.102370107379508024e+00,3.337161244639668567e+00,3.723715404354005720e+00,-4.156108912958824675e-01,2.033613785805069796e+00,-2.917461885885850315e+00,3.298546081853336531e+00,2.136363083293180587e+00,9.179908790575431743e-01,3.044534466326294098e+00,-4.466812394429935829e+00,-6.090312207742448747e-01,1.285522267974633648e+00,2.626742064838291757e+00,2.904867438866264528e+00,3.129770510640868864e+00,-1.959155878143505225e+00,-4.198630615579567404e+00,3.739700293912814999e+00,2.319631750061165842e+00,-4.323940555746019321e+00,3.490806964813509161e+00,-1.139701687133682473e+00,-1.885414782287309521e+00,4.155899994151252663e+00,1.017935937154193171e+00,5.264729391515661217e-01,7.442574253911899973e-01
3.458018630445383046e-01,-2.706737171465832148e+00,-2.471785665055237224e-01,2.102840894134680116e+00,-1.009252197478928137e+00,5.387678365568968175e+00,-7.631290040705733801e-01,-2.515013761646469170e+00,1.087469110894298652e+00,-1.455096261393001189e+00,4.798151415426230137e+00,-9.051483590790734279e-01,-3.417423657956751626e+00,-8.248037038357257655e-01,-1.825707586434453411e+00,-4.926559803853709507e-01,-3.173016094470038961e+00,1.184961374104165355e+00,-1.775190530281030021e+00,-4.875634936713884038e-01,3.169524245818105879e+00,5.111729668632086998e+00,-5.958978809161763479e-02,2.579127568487789901e+00,3.124684444750558399e-01,1.596802355361084169e+00,-1.796972512669082089e+00,8.322483396716389148e-01,8.636643735149529544e-01,-1.616037431775362521e+00,9.753265406183606601e-01,-6.405793219455986787e+00,2.837257314540891251e+00,2.477957848060148294e-01,6.201566684091757153e-01,1.676873826830742154e+00,4.317552690376706082e+00,9.135632754622434737e-01,3.519865139947380150e-01,-1.044619461172472175e+00,1.751266004300858770e+00,-4.765039147584408497e+00,3.799020005957856050e+00,2.368479580625348468e+00,2.008342718856782838e+00,5.155295111893066107e+00,-1.667127138331421010e+00,-1.773009915893558386e+00,-3.017253775443936359e+00,2.708725263333216837e+00,2.780396812159852793e+00,1.638725484129611942e+00,-3.312803113524151577e+00,-2.247781707682772190e+00,2.834014213415352312e+00,3.824418235613692651e+00,-3.831777407664336721e+00,1.875884593724646221e+00,-2.511603130074809176e+00,-7.239751376575255248e-01,3.556247227635052965e+00,2.067445963649250373e+00,-1.020344424525041260e+00,1.180735269538802257e+00
-1.555528998049588774e+00,-6.789727851195300756e-01,1.180092104472836301e+00,2.619612398068807302e+00,1.192078381464108272e+00,4.401969103946059114e+00,-4.539337357852485377e-01,-8.800939199882799047e-01,1.538264594254915574e+00,-3.668471228754290436e+00,2.855644137450972675e+00,-1.171401128181914553e+00,-2.404261696119421643e+00,9.030431183530205352e-01,-1.773327675226823219e+00,-3.217187172151763086e-01,-4.506657493452251195e+00,-2.194059409070013178e+00,-5.184247901912888423e-01,-7.826656475308686467e-01,2.419870971825481831e+00,3.741279776616431185e+00,-1.064942250923945233e+00,3.311293917016018717e+00,1.217159930856498207e+00,6.211768796643910573e-01,1.931739915187538514e+00,1.920760830963011312e+00,7.999323659848105450e-01,9.314951346338251614e-01,3.776570887745966942e+00,-2.568161719702066748e+00,2.042130419031150002e+00,2.787832830037061171e+00,-7.830888208594792843e-01,-3.403979026933047880e+00,3.634338509251934912e+00,3.304981192716360372e+00,2.795806185723302306e+00,-1.941008341135795678e+00,1.304896946145208902e+00,-1.440758234295908435e+00,2.305272059806767082e+00,1.178640459897079440e+00,3.270062275915804229e+00,3.989889075616118941e+00,-6.045874139555782456e-01,-1.878361094530474507e+00,-1.779787811550186394e-01,2.703283628389924420e+00,2.278054002394904742e+00,6.873264226659796527e-01,-9.208546233498718925e-01,-4.576378604148150231e+00,-6.202984323629490149e-02,6.990952236405729714e+00,-3.316902830834327798e+00,3.868316383975979988e+00,-3.344699552189744907e+00,-8.948818307493879853e-01,1.742740838079908317e+00,8.802017846494335496e-01,-9.555423327880530060e-01,5.832936934558362596e-01
-5.379915197321182063e+00,-3.671433626727190758e-01,2.027693110968600720e+00,3.089856363714646115e+00,-7.900047973488704134e-01,2.756543096667910309e+00,-1.638123709307307552e+00,5.462531301563775532e-01,3.408431745509818978e+00,-1.122547820880557712e+00,2.505096221651671673e+00,-1.335710484489028627e+00,-1.378264937128071965e+00,1.663909551964751099e+00,-1.539982321688860178e+00,1.217577976720075839e+00,-1.235482066940409185e+00,-1.709263735935779849e+00,4.980592480856919080e-01,-3.855818809712048267e+00,2.217597360953279750e+00,4.812250399163643166e+00,-4.393569335647030116e-01,4.064366594918228159e+00,1.191044720841065718e+00,4.024535918623783459e+00,-2.493273183440562146e+00,6.816908917365483989e-01,-2.275068363669561666e+00,1.627420493350709041e+00,5.137393473979314784e-01,-3.116149083436878353e+00,3.470251000105164518e-01,4.310759507936079427e-02,1.480308327830295312e+00,-6.301220212560685319e-01,1.908721268562186824e+00,3.132445270921690117e+00,4.743178003201053983e+00,-2.673947843259891766e-01,-7.716808969854076494e-01,3.813834300518463838e-01,1.213590184121282167e+00,3.556069644321544487e+00,2.984376931480368533e+00,2.529713481555044829e+00,-5.891692045686296453e+00,-1.219676449309031963e+00,-2.506141872781252999e+00,1.908240862313367536e+00,1.756921291356283721e+00,9.771813393406295623e-01,5.722226837631003704e-01,-3.857782884389358458e+00,5.415478193982218968e+00,2.772057112983343341e+00,-2.450209839749070806e+00,7.663231426474201857e-01,-2.936810821544300065e+00,-4.957431686592774778e-01,3.571314408974111565e+00,4.169450120668991011e-01,5.153436285165653441e-01,-1.195046758242149787e-01
-3.943941400028939892e+00,-6.250715895832803515e-01,2.234649625855978705e+00,2.537611096779694986e+00,3.472612881312448496e-01,2.835122720368954852e+00,-1.570290722104478176e-02,-3.945400575298466661e-01,3.703902895918735005e+00,-9.521225127106782704e-01,1.237129089944265514e+00,3.041157405964562965e-01,-4.810317360102179585e+00,-1.222777729041695904e+00,7.684830833935718530e-02,3.416914234921080151e-01,-1.186561073348161521e+00,-1.880485754440841539e+00,1.999009249553637790e+00,-3.475081935299117575e+00,2.243019933283239453e+00,2.945090062045944368e+00,-3.984657543417757353e+00,3.570078379558316861e+00,4.026679945444791020e-01,2.951452628246389320e+00,1.219459077206725972e+00,3.141935695603687240e+00,3.138265843270768851e-01,2.016713074214066648e+00,2.748494729079500765e+00,-3.714367749566914068e+00,3.176339729510090137e+00,1.533510009918450656e+00,4.664430485141972116e-01,-2.912402706311215006e+00,2.952278099862014393e+00,-7.961447696619150527e-01,2.848024512874550052e+00,-2.664530502909253418e+00,2.571989891923548210e+00,3.988025563209343094e-01,1.732943325257888301e+00,1.425368469727244625e+00,7.134604858704338692e-01,3.162741942495815195e+00,-2.741908642912679994e+00,-2.011541696470587226e+00,-7.793084764335469483e-01,1.594008188952819260e+00,3.708445716501310052e+00,6.672657989550440094e-01,-1.340784999512758535e+00,-3.978993736873549292e+00,2.691672409693235846e+00,3.645392561913956442e+00,-4.953702439888370890e+00,1.337493640948733020e+00,-8.972213374607580505e-01,-1.032258458668789958e+00,2.788290371928208611e+00,-8.065770319259846222e-02,3.555351234869205124e-01,-8.564593186299358507e-01
-1.045676878414457889e+00,1.332011320476166105e+00,4.286843893055568344e+00,-1.554951314008419239e-01,-5.726918264906399880e-01,3.098725276188950328e+00,1.426880611117239184e+00,-1.723276269548570161e+00,1.825417727946356372e+00,-2.422262748474250937e+00,2.417732156837773427e+00,-9.855148488909460935e-01,-4.703845020057181081e+00,-3.507425174090295084e-01,-1.301755919498221781e+00,-1.223241899725210580e+00,-2.068475450843025421e+00,-8.467088294013360716e-01,-7.201834968808753512e-01,-1.355212771768895541e+00,3.203152386589344314e+00,4.075783612022515712e+00,1.874843252350622880e+00,1.443792480370498899e+00,3.292489545103572723e+00,3.360660295430508260e+00,-4.920271670009813691e-01,2.078582272766896111e+00,-1.251362454532550239e-01,1.021284086865798191e+00,1.937051475853783344e+00,-1.502513704544363060e+00,6.003883581458677732e-01,8.828065213051047300e-01,2.022524710574620244e+00,1.298067132812753322e+00,2.641686877485214247e+00,9.285571143915501979e-01,1.079059843867713475e+00,-1.834922049129576793e+00,2.041733045959980064e+00,-1.960278563973014698e+00,1.727860825181830595e+00,1.586036038617311794e+00,3.897235009329179878e+00,4.677689211710642780e+00,-4.965396609840000863e+00,-2.415338465523937828e+00,-2.121000551460851202e+00,1.836645242782654952e+00,3.623212206602001828e+00,2.157068683050577196e+00,-3.066662250441740234e+00,-1.708087401720512100e+00,1.741640865302056973e+00,3.327130560992217490e+00,-3.077139994542378965e+00,4.232770822789975185e+00,-7.389866054182485655e-01,-1.248309980643467876e+00,1.529863492437832262e+00,-4.417727247092884113e-01,1.950146389703911076e+00,-1.321221391995336392e+00
-6.750360881355588205e-02,1.956232832135258448e-01,2.754461064729702979e+00,4.006608678413563496e+00,2.342469674798386414e-02,4.508213063734375581e+00,3.172383973840287585e-01,-1.242721461424071805e+00,1.662616758905168801e-01,-3.569467367954156423e+00,3.474884877026201746e+00,8.073532871846931247e-01,-3.773237714724152259e+00,2.004501160611533273e+00,2.129196634110548381e-01,1.205540261434280058e+00,-3.742761348767742469e+00,-1.555234196467999874e+00,6.175817656933035860e-01,-6.051811117670295559e+00,6.499193448937877093e+00,4.834400341541903678e+00,4.181924931718228322e-01,4.575115546432301450e+00,4.032820092387024324e+00,9.876217652954588644e-01,9.283215922467046299e-01,1.841007119976467932e+00,7.691930851957312631e-02,9.777149310508570501e-02,2.946026138248061699e+00,-2.541666143443800152e+00,1.175416323582323397e+00,-4.870712181108716177e-02,1.267073855506156144e-01,-2.198348283471174724e+00,2.210972536600835259e+00,-3.433811361052474531e-02,-1.506047219917228119e-02,-1.372000796890776808e+00,1.426336974796357238e+00,-7.291036458503873385e-01,2.116415608156078321e+00,4.103633079196715272e+00,-7.636286239298826217e-01,4.542552713817359589e+00,-9.894413162162185582e-01,1.783393338588248334e+00,-3.051158954121577782e+00,3.764833765692598533e+00,5.246778593563727888e+00,2.324464470140504169e+00,-1.487930972045246714e+00,-3.934763858440691209e+00,1.245416411043619220e+00,4.052394670400614629e+00,-8.275396957523621921e-01,9.796186268888285031e-01,-2.975605443448081644e+00,-3.138210767390511524e+00,1.308374778968451224e+00,5.338431613575855827e-02,2.533761563809243111e-01,1.104391074364632797e+00
-2.582257261635847012e+00,-8.720177179663879397e-02,8.618412188160815557e-01,1.970094510618688011e+00,3.933872944804677196e-01,5.349332199104634533e+00,7.519480762696104659e-01,9.517409326441050865e-01,1.953697406901487410e+00,-2.774619269890008511e+00,1.990113420378956555e+00,1.352151383351607672e+00,-3.722009961161949931e+00,-2.862604088769019839e+00,3.426469051089053863e-01,1.083988434955342806e+00,-2.787427960303731300e+00,-1.082808464586849873e+00,1.420419729874560222e+00,-2.338772874046881611e+00,1.882984682231973128e+00,1.220506008705532830e+00,-1.901359431748801398e-01,2.093738937831443270e+00,1.447006483408591393e+00,1.991147182555945916e+00,-2.175269330239470111e+00,1.034443675374384641e-01,-1.771612990850348845e+00,-1.873766930424176635e+00,1.649439495830551605e+00,-3.730340762788107334e+00,-3.518490978093873345e-01,2.990226045290966805e-01,2.437026926411411498e+00,2.146234605919541405e-01,5.737596255402365841e+00,-3.384342669139634996e-01,1.454462932798090025e+00,-3.014770939512794179e+00,1.291672721447060690e+00,-2.553047204598213327e+00,2.408749702045805741e+00,2.018362752081849454e+00,3.010667963797144075e+00,2.755860283236794217e+00,-2.886739876610863842e+00,-1.406020717568138512e+00,-2.727202150674175929e+00,3.915077195526069254e+00,3.541094325827009115e+00,2.542576361661443851e+00,-1.295170597504428756e+00,-1.880646564862767489e+00,3.190451516133792076e+00,3.354292679706016855e+00,-2.014784389718833779e+00,1.180857081996982361e+00,-2.651710308152367634e+00,4.383459519291179607e-01,1.506537729518667934e+00,-3.935632824597872226e-01,-2.108834817609911205e+00,4.237680274423812343e-01
-1.809279396862479850e+00,-2.887383761490539325e+00,3.186444031440096580e+00,1.521708740980285413e+00,-7.824478948373625453e-01,2.907076354597005086e+00,5.365170816129360976e-03,-1.501445514142041304e+00,2.375027495147968182e+00,-1.448153662852769585e+00,3.246942634275075790e+00,-1.016942811791972989e+00,-4.058666051831520960e+00,-2.552825971131276184e-01,6.758358125912189429e-03,3.080514286550587233e+00,-2.519132164995765422e+00,-1.075547243861207702e+00,-1.962965017109946642e-01,-1.200215048956323249e+00,3.481393225192860097e+00,5.460954585611556666e+00,2.398119436273939975e-01,4.572811853966969764e+00,5.467034065871199111e-01,3.254594761630364097e+00,-4.431109366569507824e-02,-1.109254400863438406e+00,6.413986325760639984e-01,8.768466221750366163e-01,2.213443858383325136e+00,-3.620568236701132037e+00,-7.133532857741342603e-01,1.632130789616301314e+00,9.095355178570185828e-02,-9.704742450297755285e-01,2.012598075281505139e+00,2.958472233280932784e+00,1.860532254521894302e+00,2.191224058608669534e-01,1.142594864198923421e+00,-3.047009976656352315e+00,2.652916365856259340e-01,1.189792994078252342e+00,-1.036653058523433479e+00,1.385303039358016353e+00,-2.713332906299775971e+00,-1.427001468677703722e+00,-3.714493505105751048e+00,2.269313072629294936e+00,3.815529315973518187e+00,1.542306371706274604e-01,-3.417568423638850383e+00,-2.328478659401231887e+00,3.562808041386082536e+00,6.429666764350499442e+00,-4.880494139130993503e+00,2.494336804107763594e+00,-2.872030263778142078e+00,-3.599802803877946822e+00,3.497628456815844888e+00,1.773532802966267585e+00,-1.273747234465995026e-01,3.967300566562034780e-01
1.528460183792388349e-01,-4.843109989367211377e-01,3.704802760962785158e+00,2.086047874984196859e+00,-6.143368874485908293e-01,2.709751819822898256e+00,1.491356993244203621e-01,-3.903664960444975796e-01,6.445905282551522841e-01,-3.014480938902130092e+00,2.892152646010513806e+00,-1.383543629380931783e+00,-1.062854207935349571e+00,-9.567545717421830354e-01,-1.736719556803297815e-01,4.282710624793506504e-01,-3.938356337897789494e+00,-2.334035219705238973e+00,1.239105821565300580e+00,-1.894673517967350840e+00,2.946956801287726524e+00,3.133594032834754461e+00,-1.036779025062998905e+00,3.084789413596077168e+00,1.243177234848692247e+00,6.812308606539527744e-01,7.021829170708761003e-01,1.290071039606359937e+00,3.620539275111655630e+00,7.565326116802681966e-01,3.523418713940831726e+00,-4.290435052107000047e+00,3.730034735725603401e+00,7.498273114387362659e-01,-1.176715558830702113e-01,-2.799680048297232826e+00,5.303941729896573420e+00,1.754163510663039771e+00,2.612646392112871752e-02,-2.179556092264641531e+00,1.255617899479128718e+00,-2.367683811876504230e+00,3.737764106619821725e+00,2.033786575571001176e+00,2.283497367318767513e+00,1.846183276531865092e+00,-2.118297255341071939e+00,-2.310554857057249833e+00,-6.272425927928317879e-01,-1.909355521434478842e+00,5.093600862694452225e+00,1.937843711670588664e+00,-9.187255471727755474e-01,-2.314494266340429096e+00,2.986100520670147862e+00,3.336652900867626670e+00,-1.358829391438773904e+00,2.672625203849120279e+00,-4.610460402053293549e+00,-3.120171118314620795e-01,2.310494706774194551e+00,1.241004005546784139e+00,-7.832240698680958957e-01,-2.457512319117373778e+00
-2.435255293144813038e+00,5.391209855340928225e-02,1.326359984028822492e+00,4.128967646313213891e+00,3.371759203934521221e-01,4.878913433184984605e+00,1.855727216196938922e+00,-2.120628948541050551e+00,2.373197233645708337e+00,-3.193245095187351446e+00,2.433539917347615322e+00,-2.325260049159706410e-01,-2.523484706502107322e+00,-7.689321713429297933e-02,5.935425773965763430e-02,1.351337347432959302e+00,-3.163902871676298467e+00,-2.833204282339283786e+00,-1.297586627613816157e+00,-3.743370056472716811e+00,9.948397216806692533e-01,3.687847032995060559e+00,-2.388931664416386713e+00,4.046083514651844126e+00,3.363092898205684467e+00,1.603046616725862350e+00,-1.140648055138447248e+00,6.076143920986996072e-01,-9.714178152317679560e-01,2.618559642077636695e+00,-1.138538553738456471e+00,-9.605570282316295838e-01,2.856879896698782950e+00,4.213007078766473623e-01,1.649303067484475749e+00,-5.595706851812565219e-02,2.898432881087993351e+00,2.078685002248651159e+00,3.293716660343247504e+00,-3.465400216142778156e+00,1.388121196516820977e+00,-2.426242297792040148e+00,1.312294916077213047e+00,2.780215676292259630e+00,1.351894407004715415e+00,4.960610154856063936e+00,-3.984636432519277793e+00,-9.413154145656668081e-01,-1.020108578750704709e-01,2.985375455502669695e+00,3.545422671889508770e+00,4.262746850429308676e-01,-2.642557520258310255e+00,1.233732074047199312e+00,2.019845060623571165e+00,3.137701664680529579e+00,-2.956705702153591631e+00,3.249323616517926006e+00,-1.560086994115060577e+00,1.390132943405831378e+00,3.245439245606270617e+00,2.357028206617189703e+00,3.767223144976068472e-01,-1.367301932067838344e+00
-2.842838413683440812e+00,-2.626535516319401964e+00,-2.555791830878550996e-02,2.936866127462562481e+00,-1.416843157720473423e+00,1.341215054037409926e+00,-6.509316663829375349e-01,7.237616094629459873e-01,1.390267011250005069e+00,-3.032845258229545315e+00,2.892430950531961198e+00,-2.727370695525009658e+00,-3.460761772060640951e-01,-7.837123568056194589e-01,5.269249580711372616e-01,2.037381154745634859e+00,-1.884661878516245448e+00,-1.199640428289118654e+00,-1.651468040585481578e+00,-2.122982822662635716e+00,3.764680651296532066e+00,3.850102419013432975e+00,-7.408811764308562697e-01,-4.466649521876711049e-01,2.139559450955945685e+00,5.932570373780292616e-01,7.111594930890405841e-01,1.952050295120819179e+00,-1.746133299089342783e+00,1.827813621124060317e+00,2.236690138043258003e-01,-5.042517864818332640e+00,1.315288833620565700e+00,2.128215265138710066e+00,-9.802100344102866458e-01,-4.475709640373297660e-01,4.283233354155635553e+00,9.522741416537898740e-01,2.256893693291236680e+00,-7.372358399663185846e-01,3.457387262049643084e+00,-1.044969224949944264e+00,1.518807919999537681e+00,2.130351680427360783e+00,2.014386209255248694e+00,2.348447317672223811e+00,-4.392794522060370355e+00,8.665682118173162474e-02,-1.880115399019174793e+00,2.937489387102862004e+00,3.876926568054082090e+00,5.122627066522862371e-01,1.929119241115849981e+00,-1.561124344896004379e+00,2.149060948435475460e+00,2.024411011180129449e-01,-4.332411662729584556e+00,2.662234705826944658e+00,-2.621967569894500194e+00,-1.751246599755835076e+00,3.255856561169042429e+00,1.917943022797626851e+00,1.250318736181042167e+00,1.641868050154584147e+00
-2.494418049665628967e+00,-2.285474325540859386e+00,2.064872043997889151e+00,2.455052844113009947e+00,1.807693584437628509e+00,2.805358180628707121e+00,1.569696796821434814e+00,-1.900686675169928064e+00,4.132925405478663272e+00,-2.509719614898942019e+00,3.539580585931400236e+00,3.231249887803914200e-01,-1.809134593952130388e+00,8.095722190295846499e-01,-6.444586948552997185e-01,4.060531491989372022e-01,-1.957220919185455266e+00,-8.946745239727480481e-01,1.688655851879580450e+00,-4.366062713221322333e+00,1.152573811633228251e+00,1.519540465897417869e+00,8.288618344075284750e-01,2.492787783840872073e+00,5.348436380800631884e-01,3.542268479158845462e+00,2.188382989675666579e+00,2.117573726523025002e+00,-7.530144969552066136e-01,2.024474016209262039e+00,2.574320006593814547e+00,-4.876023667242148640e+00,6.633270951100977975e-02,1.486042167283972981e+00,1.205431655634234600e+00,1.203340466214930959e+00,1.342369564300377682e+00,2.787351551281003204e+00,3.496296945600044559e+00,-1.030806494152471275e+00,2.991956039020748914e-01,-2.513689953407707289e+00,-3.997309146736318652e-01,5.502168797923806309e+00,-1.417002519346446388e-01,2.072902980541155848e+00,-4.860222802575524526e+00,-5.078386167763689896e-01,-1.786818648544442167e+00,2.631545008735298730e+00,1.911038127091171379e+00,-7.700677655872021354e-01,-1.075265425490037785e+00,-2.352240692563277058e+00,3.219185161515084381e+00,4.303208060775912891e+00,-2.790292721652682939e+00,3.308845845085697679e+00,-1.502807111923379457e+00,-1.676698838231356126e+00,2.458454566918693907e+00,-1.513128852392386925e-01,-2.393109714588678383e+00,-3.714107060326512499e-01
-2.752090220548322641e+00,-1.123702399331496071e+00,1.654748485416635884e+00,2.967505738224313738e+00,9.295797036333840468e-01,4.270222109277829858e+00,3.036504006628574448e+00,-1.526631645544910820e-01,1.310365854150366438e+00,-3.803628496954101212e-01,1.023361706125233139e+00,1.109838124976224027e-01,-6.801620589282642015e-02,1.417881843944919229e-01,-2.176514940752805494e+00,2.457710356692357934e+00,-2.893113836066791400e+00,-1.029105676461100405e+00,1.124979777882941123e+00,-3.359861438993645422e+00,2.755503689611523921e+00,3.469212115776538319e+00,-5.585608523339342657e-01,3.359524609541996387e+00,2.508377029052209828e+00,4.291923661175456317e+00,-1.104589234354347305e-02,1.062435918938461343e+00,1.189325660785293337e+00,3.062864121100631554e+00,6.680007796953937316e-01,-2.958986171636057705e+00,1.443782269175747590e+00,1.327105851627430777e+00,8.475298458155809955e-01,-4.033479142547862217e-01,2.268175094413775295e+00,5.432266273713129978e-01,2.737916239018638009e+00,-3.926988770849204169e+00,1.940705136165485012e+00,-2.465622411634575073e+00,2.477955690585346371e+00,1.396658331374844186e+00,5.018252222739089774e+00,3.582997585845194788e+00,-3.470778407913309938e+00,-1.448611612732879861e+00,-2.145886441118030952e+00,-1.577028019253576829e-01,1.305298917957250948e+00,3.757528584083945855e+00,-2.008649546255477869e+00,-2.808110059412956439e+00,2.734747577859966139e+00,3.883940384647385446e+00,-2.177981168001110746e+00,2.781484195839684315e+00,-3.841324413971032303e+00,-3.985324585012132381e+00,4.332886344567057790e+00,1.068164260502511897e+00,7.995078133456109959e-02,-2.258207626004296920e+00
-3.651473102741169541e+00,-3.179804494977770624e+00,1.672967969420292134e+00,3.212323525963327153e+00,-3.530599433045930047e-01,5.688991863536076998e+00,2.298456714679473767e-01,4.925187961810062465e-02,9.077605427265006410e-01,-1.288283831272995617e+00,1.974895631981642641e+00,-2.195682135371377797e+00,-1.437648817026812242e+00,1.897568832300406960e-01,-1.368371981757938283e+00,1.198461892226871273e+00,-3.748080310865946618e+00,-2.021227691222688527e+00,1.933572312892712253e+00,-1.511186737633697819e+00,3.579966335183485171e+00,2.205868968533157837e+00,-1.679508895650050571e+00,3.486871731170364086e+00,-9.204629724716060224e-01,2.960492574888567763e+00,1.509649643231784966e+00,-6.701236381213544480e-01,-1.571472340718434779e+00,1.050579887813902102e+00,1.788039261615289144e+00,-4.963093403398916692e+00,-3.950988982116379056e-01,7.277806389151657562e-01,3.734882015896739960e-01,-2.450828473366700955e+00,2.841360530287536879e+00,1.524435709037424314e+00,3.895886536496307784e+00,-4.071169116438217550e+00,2.504029733180481720e+00,5.164832232259386480e-02,2.571925441671884194e+00,1.647872556458733762e-01,2.609284879318865435e+00,5.457525906518284842e+00,-6.056602824524643935e-01,2.348474975214642324e+00,-2.789004716950170604e+00,1.398128640189761684e+00,4.639368796721830890e+00,2.328219010555986124e+00,-1.422614710624303225e+00,-5.471413304960823787e-01,1.665519410586931093e+00,3.174802369456085849e+00,-5.625760945855551753e+00,3.959179029424997331e+00,-1.428539549494780792e+00,-1.630535809546187931e+00,1.862659802124097652e+00,2.744455663940795098e+00,1.665361188549743909e+00,2.524114106445066175e-02
-2.737595353957648303e+00,-6.801280442802157822e-01,2.824411872489759112e+00,3.918456645100157676e+00,7.978964450637523464e-01,1.820255111666615910e+00,1.105200965279691527e-01,-1.922393425136679435e+00,2.480236868473734813e+00,-2.767726093711339708e+00,2.963948219721321831e+00,-7.426313345815205302e-01,-1.860282400710168593e+00,-1.532351872624145850e+00,4.900076012045391227e-01,1.037017013497699702e-01,-1.684320877406918715e+00,-3.911851071698027038e-01,-7.739377932436559693e-01,-1.480112066451303221e+00,2.604262434889531797e+00,2.523403973247551946e+00,1.126339195469016952e+00,2.194356971180587479e+00,3.873283498283616844e+00,3.786091890822661732e+00,1.791755069993728355e+00,3.982109561784403784e-01,1.219255345523868828e+00,-1.512106332266786257e+00,1.868328901004339127e+00,-3.528874514086393965e+00,1.706613495098959099e+00,3.617455363316931516e-01,2.238492938352293127e+00,-1.642366655646908979e+00,2.696429767043487136e+00,1.206020791018276528e+00,1.955343547406505289e+00,-1.052759082866845386e-01,-1.941724104595341505e-01,9.113342866429086087e-02,3.339676063316951993e+00,1.322608174153458105e+00,2.372479258197668806e+00,4.197128482996766330e+00,-3.499474056146109735e+00,1.624686765590763748e-01,-1.719160250484466301e+00,1.473097773421622403e+00,4.396686408962959369e+00,1.815718330403222280e+00,-1.059767474124503783e+00,-7.503272715125195447e-01,3.740716953252159804e+00,1.727490792762644833e+00,-3.987743356184962451e+00,3.296295079889532076e+00,-2.411911671356588016e+00,-2.996556724928201021e+00,2.666710211890231719e+00,1.187680134115965291e+00,1.525224998064807158e+00,1.599050181548612004e+00
9.309998497836975417e-01,-3.494615386537761603e-01,9.227055873713891909e-01,1.491460236517198279e+00,5.589611279135433541e-01,1.401878171093430714e+00,2.100699980712754655e+00,-2.647420270213357796e+00,2.537551885589167888e+00,-5.175433268599682890e-01,1.516635574679294995e+00,8.501147234963274402e-02,-7.778184688593867691e-01,-2.019553739109288593e+00,-6.326042274019906264e-01,3.026135818771029662e+00,-3.604791480987855845e+00,-1.831336463267688064e+00,4.420249547134410539e-01,-3.146474179407417360e+00,2.806756013309168907e+00,4.706913634726439533e+00,-2.477328676824062104e-01,1.947762302283129854e+00,3.279262546752475860e+00,2.085448795850842973e+00,1.512231775524183419e+00,1.577573534088224871e+00,-5.493218292879024078e-01,7.232608946417835583e-01,4.214624688429365662e+00,-3.462481420633804596e+00,2.483837881404442172e+00,-7.087806427411553756e-01,1.159348709951612877e+00,7.915664800345920682e-01,1.780890699981765746e+00,2.038412020712779160e+00,2.614969984996950547e+00,4.841658166482898373e-02,2.181497192398272222e+00,-9.099422698947181587e-01,2.013908546077754380e+00,5.228279832911879588e+00,2.499890362418922152e+00,2.567052529387552351e+00,-2.537387850436618297e+00,9.572648679953623674e-01,-1.654389264509861235e+00,3.060899218223913643e+00,1.791262059073150281e+00,2.413154962022070027e+00,-3.386669430867512709e-01,-2.143292292556679968e+00,2.314310295203761747e+00,2.772136832674966467e+00,-5.428768913782239025e+00,9.100410567933345796e-01,-4.615944648856650012e+00,-2.767166253335072046e+00,2.742918650423488813e+00,7.895891981950361460e-01,-2.292907439704594097e+00,-2.639382578837562665e+00
-1.662034036686169447e+00,7.525227190901933039e-01,5.980038844321823532e+00,1.846236312128779478e+00,-4.341570100143576916e-02,1.719751018271474363e+00,-2.258141429986440407e+00,-9.828761085785009399e-03,2.092169461575028144e+00,-1.977958377198095974e+00,2.376938121162097683e+00,-1.425155377917949884e-02,-2.369328863682953035e+00,-9.993080950836297216e-01,-1.011846447410851280e+00,2.184988363775546283e+00,-1.404878034575923751e+00,-1.600504436834808031e+00,1.758408124839763831e+00,-2.618363556532325553e+00,3.512491481856277797e+00,1.763060408609520513e+00,-1.779592415450051091e+00,4.727905849329829380e+00,3.447657009741108780e+00,1.944112647374335090e+00,1.029631210186052970e+00,2.406252382491066655e+00,7.206018470281700949e-01,1.079986134647401119e+00,3.660477191231447769e+00,-9.994416659841975914e-01,8.327886218837443622e-02,2.149592726690862765e+00,-9.326161147323206446e-01,-3.437763969619562321e+00,4.504574370577855369e+00,1.308537070372113753e+00,1.712164927802066305e+00,-2.735894620751055939e+00,1.705232958347765670e+00,-4.345663486633984718e+00,3.418781680556115532e+00,3.238229547052578372e+00,4.476362969122343216e+00,4.927492220862496275e+00,-4.921291734987195632e+00,-4.027817039675103405e-01,-3.009603585752008925e+00,1.069169463756951544e-01,2.972875664515391314e+00,8.856770996209216706e-01,-1.854514754730254289e+00,-1.960250635882451409e+00,4.084529196595271472e+00,1.621554286271665868e+00,-3.340543147232202692e+00,4.549144280712931199e-01,4.377871407847067076e-03,-2.146007931648161726e+00,4.034195671759567503e+00,2.679294875110311835e+00,8.975438593860519676e-01,4.047375931703764973e-01
-4.733995480483192964e+00,-7.927729911028913445e-01,3.212889816689971312e+00,3.334506679150055941e+00,-9.378859097939749034e-01,5.255669644586568268e+00,2.029139861371858977e+00,-1.147913192321881048e+00,6.786254309600170398e-01,-9.839304570941771466e-01,2.366799552721457367e+00,-1.158183623562802911e+00,-1.288367764162664297e+00,-1.326882157198326251e+00,-6.555399927026663853e-01,-2.324757189980350969e+00,-5.422229396616788932e-01,-7.860851777626784997e-01,-9.066864619767884825e-01,-3.014769176883597801e+00,4.574244038754126329e+00,1.210791664544177193e+00,-1.934152593614900661e-01,3.071385367243816056e+00,1.275779116747487230e+00,3.670216602861242627e-01,-4.926365326584505322e-01,8.207859270917889916e-01,-2.546869039255975409e+00,-1.496212801292324368e+00,3.671793708206162243e+00,-2.805060129592083396e+00,-6.043519607468028632e-01,-6.910996534452811257e-01,1.442377731190644941e-01,9.354722078856303469e-02,5.364008165828669128e+00,2.029818974928957687e+00,1.862087506576409535e+00,-2.126267025570716118e+00,1.408868900959903137e+00,9.519599909178249053e-01,-8.071770897462093863e-02,1.436728327590125698e+00,6.482135061479495919e-01,3.147105083541188897e+00,-1.152627717934414431e+00,5.777427105426790055e-01,3.080969552917294241e-01,9.897168418281521163e-01,3.389402253311070812e+00,2.764299046498226442e+00,-5.084849546628587014e+00,-2.445360456351747036e+00,2.308817613820421499e+00,4.378748162889415596e+00,-3.588990610290653471e+00,9.374852602101675370e-01,-3.276522186635812517e+00,-2.654184929999635401e+00,2.706110151835973809e+00,-5.374233119449329799e-01,-1.245021874222856040e+00,5.842905909987861079e-02
-2.246662806299741355e+00,-1.391398849499789758e+00,2.841974233364644942e+00,2.109168623888671323e+00,1.743029485765599462e+00,2.920037923254979795e+00,1.613418245172135279e+00,-1.055522387176108579e+00,3.978499619794300113e-01,-4.185082615891621671e+00,3.040020126511544518e-02,-6.637734696552642921e-01,-2.598772646521644081e+00,-9.201301408566456841e-01,4.574892517005866299e-01,3.821573428176680221e+00,-1.811654212407847409e+00,-1.355416771687674826e+00,1.619518433614197228e+00,-1.615297604567444090e+00,2.163291166630507689e+00,2.110554978601052234e+00,-2.303097545827203163e+00,7.060243670836177543e+00,1.195082713041705658e+00,2.995106111952143380e+00,2.218477335005887952e+00,1.288387836083037419e+00,-2.865077957171921486e-01,-3.100505360221229578e-01,7.495324954345257140e-01,-1.354210125158149092e+00,-9.758627852231733790e-01,2.398068630297935044e+00,-4.761638916205140903e-01,-2.893846065605096385e+00,9.791768503328417417e-01,2.401957049772423858e+00,2.443628671423700993e-01,-1.208515386078938381e+00,2.856853990690193079e+00,-1.507354716928940519e+00,2.707384360819311997e+00,-3.221010303578841771e-02,4.214553679670842712e-01,3.990550373147800034e+00,-2.977416510828398977e+00,-3.355983903756742492e+00,-2.155357045609508582e+00,2.705385966178400992e+00,5.757564286915420659e+00,3.562925982904991518e+00,-4.622722762500928617e+00,-1.987750487822581125e+00,4.182833932685232625e+00,1.571924552280995702e+00,-3.692671620098720631e+00,2.456008856319868983e-01,-2.369721486265665700e+00,-3.019795522047235892e+00,8.264261480309891272e-01,7.224763525353461446e-02,6.121120501523651392e-01,2.084622706548997229e-01
-4.605078448330921503e+00,1.481217564217462535e+00,8.421142449702448962e-01,3.997827625955233888e+00,1.084242227714063311e+00,4.077710820390806568e+00,8.472108022324729149e-01,-2.487922329210015882e+00,9.636669188688384846e-01,-2.875899874349202356e+00,2.723834631475424040e+00,-2.109353568074313345e-01,-2.006628878737296784e+00,-1.682881457377557455e+00,2.379313350375110048e+00,1.135738631830513379e+00,-4.336608484863790913e+00,7.127271637562468953e-01,1.845371797250700552e-01,-4.140916025256728084e+00,3.789351743176964327e+00,6.318873433896121661e-01,-4.520854696033628217e-01,4.603934430124575705e+00,4.682607514168005025e+00,3.863165305994259668e+00,-3.388801870083642864e+00,3.257935117520054380e-01,-2.144240820555164628e+00,1.026920267136994802e+00,1.312647925721188491e+00,-2.658626990249532085e+00,1.552133818634401585e+00,-6.689321917489603475e-01,2.185937251608345733e+00,8.856717152991553377e-01,4.431459061843681546e+00,-1.652362914584545095e+00,3.594804932386672203e+00,-4.647112694738181560e+00,3.087994623468310884e+00,-2.608714092089682079e+00,3.081498544321752853e+00,1.424448707728539487e+00,1.868835915687057980e+00,5.039090412665377272e+00,-3.401278978107896922e+00,-3.772219981741113393e-01,-4.345715751538698157e+00,3.112157571547922164e-01,3.440232587619711069e+00,3.248681083720121876e+00,-1.621860806776771913e+00,-1.079758949708466975e+00,4.666302115482691804e+00,3.230079028294980947e+00,-4.400490257141481898e+00,3.735635896628132890e+00,-3.382425858668250740e+00,-1.673951163587596103e+00,2.571576963573820152e+00,-5.750994229573169747e-01,-3.960810750451770890e-01,6.857125006019546554e-01
-3.878695091050743837e+00,-9.043483747117587734e-01,5.219350537460520911e-01,2.666885960065245698e+00,1.234990167592739718e+00,2.656168323006315113e+00,1.963080089881439338e+00,1.539670811924823468e+00,3.086232551763651077e+00,-3.542455669694393627e+00,3.698130497721833443e+00,-1.480872965135099806e+00,-3.046791325835956687e+00,-3.144250012811156125e+00,-2.577939819928925402e+00,-5.996294701107114378e-01,-1.456857323783242064e+00,-2.640194609022662675e+00,7.710419580336914658e-01,-2.475848950967947548e+00,3.786546155234818301e+00,1.364510043227987079e+00,-3.229589993246562707e-01,2.080756539774541558e+00,2.581946565758909351e+00,2.159345285283460036e+00,2.024877343170750521e+00,6.847638100415758267e-01,8.976951695088239980e-01,2.140858009284081653e+00,8.439356393839225756e-01,-3.556521843302949293e+00,2.735910522427452030e+00,4.716936564038921587e-01,1.284291398593220279e-01,4.418436710862509997e-01,3.373174926646365979e+00,9.550835684803375969e-01,3.588208174506609893e+00,-3.593304644348131127e+00,1.807703048372832910e-01,-1.885134687974530321e+00,1.123516972572803585e+00,2.416105059094284524e+00,2.284424691454689960e+00,3.681764258281315261e+00,-1.522220104803941432e+00,-8.932257531739573597e-01,-9.943646040182226864e-01,4.893265791812317467e+00,3.967872612638604579e+00,7.306542953517010108e-01,1.010212182846985218e+00,-2.851108508735072711e+00,2.637781061605541488e+00,2.120106992179913608e+00,-2.373949158860696684e+00,2.303197102794066975e+00,-1.109158860486447074e+00,-4.324679112158094085e-01,4.491102000215846601e+00,3.538487464181052644e-01,9.194926101429637955e-01,9.464799047568233092e-01
-9.836430690482620420e-01,-1.536989175248542505e+00,2.314478535620670741e+00,3.581280058475446726e+00,2.322023909781006923e-01,3.171691922474300540e+00,3.014030552634588744e+00,-1.021122065404415746e+00,6.423077817175457671e-01,-2.516133479172779186e+00,2.666311027126138100e+00,7.924899096361879280e-01,-3.625101254026947828e+00,-2.213070983486814303e+00,-3.563207241341300069e+00,1.096882188464114005e+00,-3.242537229515915609e+00,-1.421807701766499399e+00,1.144344532524172564e+00,-1.900439542471517029e+00,3.156703207572902237e+00,3.560810535456665704e+00,-1.471531725566626925e+00,3.851181857719657042e+00,4.109010118582079318e-01,3.170831277085019995e+00,-7.994760082277549973e-01,1.505799221365689444e+00,-2.878450791194814840e-01,2.631156759743496831e+00,1.788675102884639045e+00,-2.469224797394396376e+00,3.345216721465201992e+00,-9.190472767765549555e-01,2.152302933523183803e+00,1.132515041410764312e-03,1.662305826345584325e+00,-3.864246821848005276e-01,4.661855914389168021e+00,-1.783937630873411617e+00,1.464570655684725775e+00,-6.242388406073697826e-01,3.454218028982988020e+00,3.034984051195263266e+00,2.583952512599152040e+00,3.782603819021906677e+00,-4.191352911188479524e+00,1.108956197472481975e+00,-1.142243816126242040e+00,4.322531642154586073e+00,4.902209793708589558e+00,2.820588087833220570e+00,1.144495743751197558e+00,-8.712203032000740421e-01,3.976902636057729978e+00,3.918292382128890861e+00,-2.732557792903548943e+00,3.172138787501883606e+00,-3.659523510119810030e+00,2.650481975321694605e-01,2.541556313112928844e+00,1.097234314815773715e+00,-5.842939538347040607e-01,-5.592507843249602262e-01
-3.044474465046882017e+00,-3.645984167801600284e-01,2.581348427787519384e+00,4.188833447353555783e+00,2.452637887187765209e+00,1.321071927501684229e+00,6.266129579168350228e-02,-5.292316437432850185e-01,1.356224823068312713e+00,-6.761332557088888251e-01,3.173931639380439318e+00,1.366287188787081108e+00,-4.671008091982360888e+00,5.240975322691499017e-01,4.257841099290533560e-01,1.031352904130057313e+00,-2.881246362054474375e+00,-1.336749963057613400e+00,1.950139758165494897e+00,-1.574189333783296396e+00,3.083296681858417987e+00,2.834030002025075934e+00,-5.511440319135720856e-01,3.219474112972615210e+00,4.208941631919239867e+00,1.089910972487885488e+00,-2.923555242623071537e-01,3.924235118410408507e-01,-4.373708429558637589e-01,-2.816431246679499401e-01,1.677948475295466535e+00,-4.275699106785879167e+00,2.048356046185828117e+00,-2.479679772586458331e-01,-7.275453475318840457e-01,-2.979872267863925561e-01,2.982507199560514799e+00,1.665887371981437326e+00,3.153009643398154704e+00,-3.406847010920062147e-01,3.834417115451889124e+00,-2.111915970039262458e+00,3.890588844106114497e+00,2.363662621897712146e+00,1.565417210518428748e+00,3.850761499393221765e+00,-1.699983549001001126e+00,-5.610263446726015957e-01,-9.973587917932597025e-01,3.237590725305654615e+00,2.567762422937699185e+00,2.021278528171779332e-01,-2.787666454221831458e+00,-3.171125822774884639e+00,2.942826575380445675e+00,3.430977585673726793e-01,-6.269820322098468068e+00,5.437644636660370345e-01,-4.281760103723778244e+00,2.592617170602055765e+00,1.893944760201899946e-01,1.514279882657392662e+00,1.332739128328731759e+00,1.595784783259733164e+00
-1.877316223806330786e+00,-1.936132672754948825e-01,5.479114691312481078e-01,2.127103124976622794e+00,1.050044803957510542e+00,4.413279570084415404e+00,-8.202794575915408615e-01,8.213611226629493611e-01,5.192112209519226251e-01,-3.438576227644285055e+00,2.867533669970430132e-01,-1.259569917238611891e+00,-1.825645260807970516e+00,-8.718870711715900335e-01,-9.644388513607178304e-01,3.750584160903073005e+00,-3.894293237429918619e+00,-3.243120201182706275e+00,1.256523214886095641e+00,-1.414227751342034267e+00,3.389954270324610164e+00,3.373810662519188597e+00,4.080138271980531250e-01,1.671371886354054759e+00,2.583530477179737161e+00,3.437814038139636708e+00,-1.981214982332438534e+00,3.445501875705849759e+00,-1.542958895762732929e+00,2.617343402850179857e+00,9.839232217632871702e-01,-5.089776026349518645e+00,-1.258814698341701899e+00,-2.049679967246311740e-01,-2.110919822516870159e-01,-3.426933360912788107e+00,4.573529294198232620e+00,2.147200899398943985e+00,2.951410664205619927e+00,-2.479960999442108349e+00,7.034451887431836248e-02,-2.501313211595989294e+00,7.302525281529326229e-01,1.479337524980601781e+00,2.519292503932804017e+00,3.573774196631386957e+00,-2.920905539239897042e+00,-2.274736528040669281e+00,1.827344400343178243e-02,3.631883370641240560e+00,1.348575796670539395e+00,1.643874267525378796e+00,-9.212311314789982664e-01,-8.091493674663781110e-01,1.798856730769354817e+00,5.393182196024016051e+00,-3.443710113941391704e+00,3.294430908702335792e+00,-1.469041098020226199e+00,-2.511240666121948184e+00,1.247388388670546355e+00,1.686929172119370879e+00,-9.730901235011746309e-01,-3.150110132053019485e-01
-3.055931232118132002e+00,-5.153478757240999020e-01,2.886101166828621611e+00,1.967954801373344553e+00,3.991591766127837726e-01,2.218799885724135557e+00,2.132882546910875643e+00,-1.047077653773937023e+00,1.805410803387190510e+00,-7.821887179088125031e-01,3.623498015786977611e+00,1.948364730059583549e-01,-4.517439299780676265e+00,-3.053734273004953259e+00,-2.588381389105589570e+00,9.423462031938479866e-01,-9.343291822950885450e-01,-4.083713528166718065e-01,-2.213671488959596534e-01,-2.987686734120678533e+00,3.327337610388703126e-01,1.738382978409709789e+00,-7.229420004756325069e-01,1.693742317743060166e+00,1.711755334562126585e+00,1.920749237472056503e+00,-1.307634042680155151e+00,1.844761066682124362e+00,-1.783238834428364061e+00,-8.636891178926482393e-01,2.638726432652710230e+00,-3.415353649075524967e+00,2.952785867336666925e+00,1.795746606507887533e-01,2.853846559641573521e-01,-4.779960423826953297e-01,4.000267220619810438e+00,3.807936994546228693e+00,2.426627949866761114e+00,-4.875942259253334132e-01,1.582599452878233892e+00,-3.150471064708017188e+00,7.915234576458456406e-01,4.316184083389905446e+00,1.355813778900568867e+00,-4.649500196094806803e-01,-3.707398044828341455e+00,7.844442684117811648e-01,-2.579205934990396187e+00,2.559091513029434051e+00,1.960861842107932018e+00,9.020521485251158378e-01,-1.101209750310476299e+00,-3.011271884754643580e+00,3.515685712837471222e+00,2.176646460082034551e+00,-4.510816745141422501e+00,7.170807782478940684e-01,-4.425747276625790150e+00,-1.279309868689867624e+00,2.270718335199388704e+00,-8.075139608004877623e-03,4.437937694233983765e-01,2.227515043888552704e-01
-2.458704430005322905e+00,-2.208477512087036576e+00,1.145171388071043017e+00,4.155879772379885040e+00,1.457384877967085268e+00,3.435320761940301448e+00,1.645735330496703064e+00,-8.999016748965784629e-01,3.553064541383132546e+00,-1.746622056708676318e+00,1.089766430014860177e+00,-1.301262006013008121e-01,-2.082264650839747322e+00,1.238558745903834968e+00,-2.517242272215390209e+00,2.138046599594689567e+00,-2.980358822093984283e+00,-5.927255156817611281e-01,-8.828797748958905345e-01,-2.273604005825991869e+00,3.860324075695056756e+00,1.300318002196918510e+00,-4.653445715837233321e-01,2.806134736379370498e+00,3.045430838084281167e+00,3.218196417218620375e+00,-6.004123309844295875e-01,1.993809658823070485e+00,6.525435974708265752e-01,1.058034939456000467e+00,-2.721938682102840179e+00,-2.076778484901193877e+00,1.589178938373728478e+00,-2.874737868614898328e+00,3.880194146165468205e-01,-1.677319129757225635e+00,2.968115940279115517e+00,9.001147275702950923e-01,2.983609166023347470e+00,-3.499037792918928247e+00,1.863532714790447464e+00,-1.342010227040509429e+00,2.668517844817217100e+00,2.161373840291719084e+00,9.913917619445871132e-01,1.755255456255132351e+00,-2.232613438008177020e+00,-1.208834834710462269e+00,2.636754193337373930e-01,3.529030109941875715e+00,1.637877550106396241e+00,3.778912754890686454e+00,-2.954568603144307026e+00,-2.510327475331745273e+00,3.905953846701589072e+00,-5.071279132816681745e-01,-3.666401955372818211e+00,2.766224549478698780e+00,-2.273292042278488356e+00,-6.405032683848279618e-01,6.969788056039412094e-01,4.535634483316955956e-01,-4.515806571494034305e-01,5.545820163034498318e-01
-2.925008848655489047e+00,-3.781464439353916518e-01,3.017238409226583151e+00,4.260424413190230020e+00,-7.042433721104184308e-01,4.190612066139532743e+00,1.310101609831749503e+00,-2.166855422244651219e+00,2.435619626552687933e+00,-2.728031827049280267e+00,4.346241834905248957e+00,-1.380226470043051323e+00,-3.624519620061876779e+00,-1.016364647753027484e-01,-5.675216141474500597e-01,-1.289886928278564326e+00,-5.502169403735046593e-01,-1.052797376528139983e+00,2.356352449690890083e+00,-6.702799957591143443e-01,3.162762718419923402e+00,4.630557232078061247e+00,1.291896452951270202e+00,2.618927722227620603e+00,7.054812158298655600e-01,7.132106314708532846e-01,-2.572483309122237660e-01,-1.919416510986159619e+00,-2.266646531683806920e+00,-7.164394428233631373e-01,1.610209114973231825e+00,-5.034418961057026465e+00,-1.112595100193902287e+00,1.121948361621778467e-01,7.831981358129500581e-01,-1.225041550853757766e+00,3.131547031496269895e+00,3.235099830771267726e+00,4.502237805500129753e+00,-1.448173423328861897e+00,1.285476399610936182e+00,2.023064361066071459e-01,4.122100617702404435e+00,2.484710512323327958e+00,2.273461374057755613e+00,5.048366799879042688e+00,-3.445753407748077812e+00,-4.990448622507408505e-01,-1.074629426627259132e+00,3.007291692841856268e+00,3.278129917606809052e+00,2.584653391212520912e+00,-6.086318966918849993e-01,6.079730219127785773e-01,1.446278493985273972e+00,4.538546127007605513e+00,-2.520227884012926189e+00,-1.339133058661194475e+00,-3.225521929656553155e+00,-1.161295520469216136e+00,1.834561165537103467e+00,1.239951937241708935e+00,-1.705362007975143923e+00,1.679673931811419330e+00
-2.738676044127534404e+00,5.484040005084720448e-01,1.540382601692354525e+00,4.813123921538663197e+00,1.567750375277018104e+00,3.266449623551219261e+00,7.402305547445797718e-01,1.351812639423285889e+00,-6.228369600417034135e-01,-1.669975211320670949e+00,1.016812752636931272e+00,-8.305767047982545170e-01,-2.710456054936451142e+00,-1.417827616833334803e-01,-1.121720151194916415e+00,1.044595461427333616e+00,-3.022686488189580523e+00,-2.507008083150805255e+00,2.261321346416789169e+00,-4.590909183484543021e+00,2.943077171708545769e-01,4.941380922471947379e+00,-9.175132100044192107e-02,2.080887355162751362e+00,2.639675773788145108e+00,1.947468290780042910e+00,1.677877911978578496e+00,6.311162039183109140e-01,3.261295906854661197e+00,2.306785742951505402e-01,2.827708467127574288e+00,-2.813924369832058403e+00,1.626522436334110422e+00,4.141106057460874901e-02,-7.367196772675941308e-01,-6.457938474873313739e-01,1.497960047878146961e+00,-6.240532206046083274e-01,2.783012492211116129e+00,-2.579454046531405087e+00,3.175002949911209793e-01,-1.187305038387937550e+00,1.518268112515654966e+00,2.300976329040857582e+00,-5.508046135891557782e-01,2.153465007784056695e+00,-2.668618934348345295e+00,-8.636519070250694430e-01,-1.747701469394204787e+00,-3.410287296918790290e-02,4.226052124518854036e+00,1.196928191959478527e+00,-1.649910585790586026e+00,-2.169520907146792243e+00,3.332907394713664484e+00,3.786579492390566681e+00,-3.423889172237665868e+00,5.223612702778734018e+00,-6.782869431434681573e-01,-3.320174860725355170e+00,2.450671114733570022e+00,-1.775980560442518730e+00,-1.624287636369845300e+00,8.435511794261746354e-01
-4.003567755790825800e+00,1.927510200687869713e-01,1.006056265137672545e+00,2.091676988180619645e+00,6.724922083496145397e-01,2.558238594705238622e+00,-2.025562171579687654e+00,-8.087595632061697071e-01,-8.269469299960641173e-02,-1.902258316686101569e+00,2.338883871915634849e+00,-8.820594167975756017e-01,-4.082291142949602936e+00,-1.010736903287554833e+00,-1.087593591890523737e+00,-1.167339905989439597e-02,-1.432528089293052087e+00,-3.236083750595899478e-01,-1.758979592339853237e+00,-3.022615222369578802e+00,2.451452053538513365e+00,-1.602451231510637619e-01,8.754135189048464216e-01,1.232347746697189494e+00,8.249639385745362041e-01,2.675824638394341370e+00,2.015349307824905178e+00,2.771992262105152705e+00,5.288967393475986212e-01,-7.145152917763490930e-01,2.270001464971602267e+00,-3.412444066594975123e+00,8.450179886327759959e-01,4.192848910722147271e-01,5.061609384314039728e-01,-6.249538234216172050e-01,2.248219365361666000e+00,1.551403199768448982e+00,-4.723223081438394644e-01,-4.002872404959148867e+00,1.492709915585698655e+00,-1.748617859854879608e+00,2.686273941368896523e+00,1.868783096515701514e+00,1.270051300240153225e+00,2.858684448767750741e+00,-4.553333179115544027e+00,-2.668763030086333199e+00,-2.642972934857803491e+00,1.704556861281552482e+00,3.469481618332390660e+00,2.771292772142723404e+00,-1.322806214991631091e+00,-3.423043869346726886e-01,2.051293185679494258e+00,2.769479311253325804e+00,-4.317727350681936471e+00,1.483069661113431525e+00,-1.722725239737369574e+00,-1.936928333580631101e+00,3.019520314181833864e-01,3.329330400604610496e+00,-6.104988530145996073e-01,5.921774169715406932e-01
-2.109202921466662772e+00,-2.395842838168148248e+00,2.137313066946374018e+00,1.730916381250808156e+00,5.538510505647578075e-01,2.918062311244122853e+00,-3.994895313412916149e-01,-2.263693937195601524e+00,6.906888963649282509e-01,-1.411430764449037589e+00,2.247044615356888375e+00,-1.499208352290641866e+00,-2.136371846277770103e+00,-1.737907093672675041e+00,-2.463346534978482882e+00,-3.059376306808312407e-01,-2.538337802263889831e+00,-1.374552648447854741e+00,8.974820696369931738e-01,-4.301476618674554331e+00,3.177702130614673770e+00,4.546315796404149623e+00,-1.937813949715573969e+00,3.446562902970514486e+00,4.537234168954800140e-01,3.102978895062123321e+00,2.189448107492174778e+00,3.393524994686975660e+00,1.485573735110884863e+00,2.245007275081738918e+00,2.811544948310656267e+00,-1.323181377632048683e+00,2.896771241404395791e+00,2.278186024569560875e+00,-8.820910430340127562e-01,-1.197776628495191176e+00,5.997961725487086504e-01,3.430651328540750278e+00,2.070767345121602432e+00,-2.578683534019089230e+00,1.261741563400538002e-01,-3.069191891856579257e+00,1.120956111863880222e+00,6.438982825795216414e-01,1.982075607780236393e+00,2.157609679511808487e+00,-2.326384358223009485e+00,-3.682939090220642697e-01,-3.559513159810919092e+00,2.577931513610263181e+00,4.938329464472062114e-01,1.055127963733901275e+00,-3.490473278768496446e+00,-1.493408175719478592e+00,2.593469196430357115e+00,5.499027255683524906e+00,-2.769390804550071028e+00,2.122795739498917200e+00,-2.958508661909837301e+00,-2.673508169838479276e+00,4.098317191564377904e-01,5.368335117162474912e-01,-6.401774197082236162e-01,-1.755928696118843391e+00
-3.229812781387192633e+00,-1.760550188753595702e-01,3.465997187808261604e+00,1.394006531039789998e+00,-1.500884860083480543e+00,2.486771134517014925e+00,1.731018515958450354e+00,1.107434594359169910e+00,9.515108023642107060e-01,-2.563828766562829653e+00,1.244749723221939330e+00,-9.545958741834731365e-01,-4.456200206084193205e+00,-1.845330568770154889e+00,-1.162990110952003553e-01,8.351830059588860600e-01,6.033189257359836688e-01,-1.909038829237540646e+00,7.781753522745349372e-01,-5.141249527801322827e+00,4.224234374391924618e+00,2.715578514819633416e+00,-1.546105630026506583e+00,2.970232147453636617e+00,7.300980909155458942e-01,2.633923009636027768e+00,2.817830857117928023e+00,2.465302657141571707e+00,6.147543378432140937e-01,1.016012770976423285e+00,3.216191011848557046e+00,-7.728374535207893636e-01,1.062955522853286983e+00,-4.380076877204623909e-01,7.103536003764022722e-01,-8.198268226724436669e-01,1.974946867719112653e+00,-3.935300072156779905e-01,2.586190622073945455e+00,-5.250047227419589735e-01,1.964080371174044881e+00,-1.248543201886797682e+00,2.077524736652617054e+00,4.346714885812978935e+00,9.059072367441604046e-01,1.393567766508585271e+00,-1.990225691829518695e+00,-1.175304146399298588e-01,-1.356524422785415851e+00,3.135343316338976116e+00,5.680386169103837091e+00,2.085470644201746548e+00,-2.874756607094175465e+00,-2.803623854042297747e+00,4.178337198304841849e+00,2.635663266705003949e+00,-4.423937928744372527e+00,2.706143294421345047e+00,-3.896839647903798109e+00,-4.031685664459844887e+00,1.363284599087226656e+00,-9.133459811207846890e-01,-9.013297502848771625e-01,-2.493835356746814669e-01
-2.793976234540866965e+00,-1.875926605959537863e+00,3.260795793019223954e+00,3.435391584693223699e-01,5.460361254898292716e-01,4.102632266560950924e+00,2.188531381064258152e-01,-8.220299451961681214e-01,2.302113896136885440e+00,-2.619753425183397155e+00,2.003042860953789361e+00,-1.671343356526107105e+00,-2.296361290418320600e+00,-7.646890116704666562e-01,6.949049082726639348e-01,1.538751244616948233e+00,-3.353252052032792641e+00,3.708934773568339782e-01,-4.406254997778746851e-03,-2.854252760450482373e+00,3.431959764393258006e+00,2.835392879180098635e+00,-1.335180461062317470e-01,2.184179207846334680e+00,4.142942653734399627e+00,1.235407854450130571e+00,2.925708072488553135e-02,9.813106887295740544e-01,-5.919753748240834668e-01,9.356515854843138191e-01,7.058343644010478535e-02,-3.608033428932994724e+00,1.030428308966768070e+00,1.701756950288668246e+00,1.615554660536650533e-01,-1.291418151358801003e+00,1.802002561219465671e+00,1.679652233511163217e+00,2.880824483284080806e+00,-1.556909374945451008e+00,6.178982309791170024e-02,-2.196516111148195449e+00,8.905935799993043300e-01,3.537504151500534544e-01,2.828581273310903477e+00,2.757240196472631855e+00,-1.154623208019181835e+00,-1.668982511951612402e+00,-2.249438926866889954e+00,3.461384609386938038e+00,1.956690959273008845e+00,3.781900261063196211e+00,7.332811639399583470e-03,-3.325151251354467874e-01,2.792389731419750554e+00,3.063309797839273152e+00,-3.860369979822180220e+00,1.616450462136484578e+00,-3.261220685896445204e+00,-1.488285803152839204e+00,3.115512913861785194e+00,-1.002832744879495142e+00,2.509675142831849115e+00,-1.236910072987585707e+00
-1.491793548119858981e+00,1.442682892117874704e-02,2.061331887452524381e+00,1.526194859807400439e+00,-1.384608507726522442e+00,8.347714955117204738e-01,3.202103303957872349e+00,2.185267305499416501e-02,2.081780118391188150e+00,-3.906118674037864835e+00,3.208421660907889716e+00,2.125021117320702313e+00,-3.116261231502633677e+00,-6.845293970170946984e-01,-1.427605285310080685e+00,2.831067314228692844e+00,-2.290967239500228736e+00,-2.341411925295044938e+00,7.622603852344480568e-01,-4.092293718823116322e+00,4.044290265321709654e+00,4.771832018082244886e+00,1.195560258124860775e+00,2.978514191621638663e+00,9.718859268861488321e-01,2.604006315243701408e+00,-1.742023095854374315e+00,1.927198764014960375e+00,2.487220007880208250e+00,1.334331231763244086e+00,1.131934385557999079e+00,-2.868728895653588129e+00,-8.940373160957673093e-01,8.950937367546339951e-01,-2.578882452543924675e-01,-2.381843191382577718e+00,3.705884882075710429e+00,2.861890663511529098e+00,2.690263037583204841e+00,-3.089939358722721074e+00,4.479509725089654282e-01,-5.742796246150929651e-01,2.659071463919219003e+00,2.439264812316888964e+00,5.349375768925744845e-01,3.504708182284118845e+00,-2.499035712803718390e+00,-5.035126541647761966e-01,-2.216265220547033454e+00,2.899014281097835877e+00,2.107049894306496363e+00,3.222275187111988792e+00,-9.728150420014300970e-01,-4.386943129605903380e+00,3.895575470821174058e+00,6.222017716960444034e+00,-1.387469561290518794e+00,2.019840217098618496e+00,-4.174205571069958154e+00,-1.215579953061202811e+00,4.121804950877460350e+00,1.299454701263809353e+00,-1.569268344845728524e+00,2.718282537659848508e-01
-4.340487650380652873e+00,7.508430161483401477e-01,1.843160708651558899e-02,3.681602469979507575e+00,-3.487374941358928337e-01,4.999776815723123491e+00,-2.485900263119061870e-02,1.538336361658370510e+00,1.162837254852254087e+00,-1.098598141927915606e+00,3.239765053416739704e+00,-5.269429782229481662e-02,-4.603139559273874859e+00,1.260405736943218891e+00,-1.258838038911624491e+00,2.440183290824919027e+00,-3.780624418891007643e+00,-2.834782581518140443e-01,-3.259737054798352851e-01,-1.033597780691772883e-01,1.434452606263855845e+00,2.080896050780145945e+00,-9.249671268574062299e-01,1.830239903344189623e+00,3.858935532184228911e+00,3.742740029221206299e+00,1.196151228027017233e+00,1.079790151163941392e+00,-2.565874800274618117e+00,1.550390139906155262e+00,1.373648569751279247e+00,-1.728532474771423244e+00,-9.102965917278105223e-01,6.768111254077446848e-02,1.395723394206739520e+00,3.838166000608802531e-01,3.204527868524710499e+00,4.245977068834516643e-02,1.821329234793078289e+00,-2.258032844460013955e+00,5.506732071224194058e-01,-8.058077134397962915e-01,1.966782264057058249e+00,2.341602685271156226e+00,2.859704562845395426e-01,2.247254411096447857e+00,-1.136650604375103013e+00,-1.625351065415275187e+00,-2.747120995003207611e+00,-7.994274441718913771e-01,4.552409105655848442e+00,1.961147980708980443e+00,-2.226929012589877743e-01,-7.865722102566399254e-01,5.533476042027039021e-01,3.203134665361136779e+00,-3.544809167589110910e+00,4.755998295289650457e+00,-5.027856505413327071e+00,-2.250345407906304551e+00,2.775994626517054087e+00,-2.782986249389527433e-01,-2.188420627234840321e+00,-1.245618736519215064e+00
-2.116017522768013137e+00,-1.760199647468011719e+00,9.012595336821134229e-01,2.235902430050370260e+00,8.947848952524564137e-01,4.270436451167321401e+00,1.438730543176580889e+00,-1.987537795201205215e+00,3.031180572024114284e+00,-1.254003003889159196e-01,2.090425311398738994e+00,5.581444864599099942e-01,-3.322113929587352743e+00,-1.615167494164190920e+00,4.970589832589611401e-02,8.680358757948414272e-01,-2.952486051502713593e+00,-3.947393103533358705e-01,1.153808595262496350e+00,-3.584045262686971434e+00,7.288246487010019425e-01,2.608404111674635928e+00,-8.334848956890776872e-01,1.024710256962940491e+00,-2.918128186748742969e-01,2.048271935455986625e+00,-3.126066186080901366e-01,6.603575815154608675e-01,-5.769087866211529692e-01,-1.620397173171507887e+00,1.703284074111705682e+00,-1.685684235659498542e+00,2.399879957189879898e-01,2.005636103610341170e+00,1.738385768270877652e+00,-7.477370469223765248e-01,5.644703322192325068e+00,7.482708566623161861e-01,3.216115147831243526e+00,-1.899918419272979442e+00,-1.727779138136502635e-01,-1.441056095447339480e+00,2.684032493562612753e+00,3.247305124411766553e+00,4.461981775044792098e-01,1.852693980681111130e+00,-4.142674460281250859e+00,-9.524689125134573331e-01,-1.419176423033259749e+00,1.759992725165360650e+00,2.401846022889190913e+00,1.573974996984856212e+00,-6.174958431325938690e-02,-2.959538204548640472e+00,3.444208289567384007e+00,1.660430674730557055e+00,-2.608621858745768129e+00,1.703142358444836635e+00,-1.695822246462293625e+00,-1.463304381710400559e+00,2.081130676441538263e+00,-2.038370257332454916e+00,-1.603897534693635496e+00,1.640024853336019328e+00
-6.892006218066033529e-01,-8.643066797194054462e-01,1.155387453728435432e+00,2.305178321284824250e+00,6.148443673018243461e-01,2.646127803895361730e+00,4.853828961461537084e-02,-2.310512448348334580e+00,3.217274677662797622e+00,-4.879966983344743880e+00,1.311496566006802755e+00,2.020752721669088814e+00,-1.235859785156580459e+00,-5.136540046819828564e-01,3.701598572304951595e-01,1.585072063185164026e+00,-1.744575864782231145e+00,-3.035913698324155696e+00,1.111777183064772689e+00,-1.515089141526857919e+00,3.658452191201755355e+00,4.147071360005394780e+00,-1.471123150691773684e+00,2.651240794026175074e+00,6.898752908289080832e-01,2.404360873393480258e+00,-1.883198446429785733e-01,-2.173876889992774064e-01,7.464951851120427140e-01,1.468230105995750545e+00,3.077493106121862887e+00,-4.647429452337170197e+00,2.632285369670162467e+00,1.876514772753771210e+00,1.511884994906404822e+00,-1.471148405622730859e+00,2.878604858006261757e+00,6.398991220411497372e-01,3.268949454133542432e+00,-2.519895087756439001e+00,-6.524062594109949487e-01,-3.021658804623451822e+00,1.529345336125161658e+00,4.546656464840920009e+00,1.131011593995396858e-01,2.346526433830168124e+00,-3.382430306740072279e+00,2.876916642102350652e-02,-1.118151203408742633e+00,-9.508958196001202623e-01,3.996218612702633344e+00,1.379593777362260854e+00,-4.207779974374240339e+00,-3.717947685168848437e+00,3.383243407113903700e+00,4.398992797310667058e+00,-1.822337424962034547e+00,5.302756062683642746e+00,-3.100383819829557464e+00,1.806380883313292163e-01,5.975530804094959514e-01,-2.850886339069658160e-02,-1.375679850050904429e+00,-1.427906564646217014e+00
-1.092414800965468169e+00,-2.570923794769327309e+00,2.204590786344041486e+00,1.888715799344078405e-01,-4.155103529450373534e-01,4.723674066280731942e+00,9.666058116795800403e-02,-1.737380793846696747e-01,-3.344674406814358569e-01,-2.457059376022163733e+00,3.221944107334321572e+00,-1.704166824343271713e+00,-6.673766538987253583e-01,-7.583689910441143711e-01,-2.750423658867718668e+00,1.696692191406588446e+00,-1.913921081571321903e+00,-2.188080647653068311e+00,-2.733273226014281132e-01,-2.095527093792647566e+00,3.816635158461682664e+00,2.802380351636315492e+00,1.082196913440041541e+00,5.730534120393353525e+00,5.119422948347795987e-02,2.302437308091290991e+00,-6.224364546270795273e-01,3.362749269946246899e-01,2.375822556276279141e-01,1.489047901929054118e+00,3.579101358747083239e-01,-1.269826342404837050e+00,1.961633658963798599e+00,1.170746548236587081e+00,9.340265262799286594e-01,-3.232563718000657449e+00,3.607294582509797287e+00,3.658508993577531676e-01,3.462208825279199154e+00,-1.988864121900825399e+00,1.565684399573022745e+00,2.193455790991600818e-01,3.668838273861849242e+00,3.565878490973251047e+00,2.133501755142234391e+00,2.713422688291569962e+00,-1.109086667133225568e+00,-1.449821014377817296e-01,-1.414316264078904428e+00,-2.181561407814620601e-01,1.828334583145630798e+00,1.435378318314224355e+00,-4.134163011324285542e-01,-2.051676898417021278e+00,2.877765213558084234e+00,3.816698857026010749e+00,-6.151282351693145856e+00,1.034721786703494795e+00,-2.016040384908976968e-01,-4.436760021757021555e+00,2.963898087161398909e+00,2.870843870610521043e-01,-3.833743457935341326e-01,1.098290792166269625e-01
-5.577067523000714289e+00,-1.044145138048959254e+00,4.693940532203291216e-01,4.298611294630286572e+00,1.195709740195432635e+00,5.311957618284351312e+00,2.000303756459661741e+00,-1.217400533975391941e+00,2.330013183410748923e+00,-9.478231718530449879e-01,4.261041577059246244e+00,5.381998061627902841e-01,-3.740845466545688502e+00,1.442195385161010313e-01,-1.233315988608867153e+00,3.289603395644282724e-01,-2.517100325309334252e+00,-2.306189647262103293e+00,2.148300990606567318e+00,-2.759184709813872871e+00,3.839000022265873113e+00,9.423327461264214833e-01,-1.848423535419154495e+00,4.142614038427413270e+00,2.135407033299227209e+00,2.304119569732786754e+00,1.071229873844671943e+00,1.956174576791304354e+00,7.935215846509013904e-02,9.407925983947462711e-03,-8.544582123697086473e-02,-6.690293085715548926e+00,1.886174624246358622e+00,-7.538478998450985902e-01,9.538986084461256176e-01,-2.267187883558298145e-01,3.559990736516255971e+00,3.753596980744813294e-01,2.078407763125250884e+00,-1.076193984262471481e+00,2.753399134454399988e+00,-2.988172482184387579e+00,1.896236092348615232e+00,3.001047966748795925e+00,3.391322159925536539e+00,1.330523167268156115e-01,-1.556126369312274216e+00,1.903106481306898523e+00,-3.930633667009378662e+00,2.838550741372567909e+00,-1.580777818914738120e-01,1.134932123916361668e+00,-7.926286541961752308e-01,-5.271608836531116893e+00,4.825458665638079125e+00,4.646219507958433859e+00,-5.314124260093398888e+00,2.428917940682699950e+00,-3.910604301440802733e+00,-4.047973768744603795e+00,2.539880111041028954e+00,1.968555826138537856e+00,-2.631691359325494250e-01,-2.177190342975886761e+00
-9.865758905160852965e-01,-2.047852166200672119e-01,6.135854667820397346e-01,3.052447180812733585e+00,-2.012397649987571313e+00,4.449073386649230244e+00,-9.419570814400404224e-01,-5.673853039618865779e-01,1.475522908067051553e+00,-3.858095513888333272e+00,2.992327987965898384e+00,2.348124428661614527e+00,-3.109134195282059032e+00,-2.061316432217408234e+00,-1.542005701764297632e+00,5.649460329794107061e-01,-2.983096366667699950e+00,2.498426728208009706e-01,-3.224257177101786942e-01,-2.545905272575855971e+00,2.714197555136939943e+00,4.403681733868700654e+00,-2.053797511337831061e+00,3.342092262660395718e+00,4.071123379469920422e+00,9.003445562332206276e-01,1.308871995615865091e-01,2.292498798494476908e+00,-3.253541339061100102e-02,3.572655028951194911e+00,3.996464826156094219e+00,-1.809702949018235252e+00,1.070400323096214468e+00,7.902295883952640265e-01,1.860699604649233674e+00,-1.097932322595668975e+00,2.466875272257796681e+00,7.167102158995553030e-01,5.337999199602643685e+00,-4.430713978724287738e-01,1.380926124590995840e+00,-7.557493461088944375e-01,2.933719388764472136e+00,1.564873752863443546e+00,-4.470132725054858369e-01,3.044692586421187119e+00,-9.971120976298448735e-01,-1.012083418021736847e+00,-1.649044112432890286e+00,2.018378262702397397e+00,2.282884652893643285e+00,8.108305142228923179e-01,-1.690754971957709518e+00,-7.274387332791594218e-01,1.089496413983501499e+00,3.277874394294509663e+00,-3.535260301664795435e+00,2.217899622474702959e+00,-5.703487227081653899e-01,2.532978941950088547e+00,1.725560810502815956e+00,1.092861085873811922e-01,-1.746501597413798512e+00,1.202665847897611689e-01
4.689983935300245932e-02,5.406333575165140903e-01,-3.387151886253758626e-01,3.284687213646387605e+00,4.368651755775160295e-01,2.641800608270251871e+00,1.873509774402411621e+00,-1.189754360722450333e+00,6.865386976742615666e-01,-1.348518259039004352e-01,4.592817648408409781e+00,-1.779710258353928376e+00,-3.235604850772789032e+00,4.025768300382248643e-02,5.741064965580011670e-02,1.531628730034508390e+00,-3.790458373298711603e+00,-1.833481254593974930e+00,8.065957585275796982e-01,-4.104614515009555653e+00,2.172477811162199846e+00,4.957663740340882086e+00,-7.023794949553410216e-01,3.448410669271543938e+00,2.289419405115497685e+00,3.042982570639851669e-01,1.673137982398919865e+00,1.231718847470543388e+00,1.363899824095646807e+00,2.044969203015106096e+00,3.185418339617112959e+00,-3.775344531983183316e+00,9.591331188185669987e-03,1.082583445196936056e+00,1.371698947768467125e-01,-1.066702082743106406e+00,2.666914954850186259e+00,1.755357808791492280e+00,2.137887884602710287e+00,-1.744201671286996103e+00,3.004499562138876811e+00,-1.543932624090956329e+00,4.211101468100809875e+00,3.117853738468081115e+00,2.160301579267213778e+00,7.935959057385502113e-01,1.971991288472354498e-01,-8.318754587955325963e-01,-1.438049815398009690e+00,1.734375347045456373e+00,1.395093635703581691e+00,2.694165194457136536e+00,9.388819843664553133e-01,-1.820645943087510155e+00,1.679462360289312839e+00,6.751867944718664916e+00,-5.169475250878702965e+00,7.898138769644380552e-01,-1.731219708715041605e+00,-2.148500918699524753e+00,1.805097313480416021e+00,3.455099470365308179e-01,-5.310584417567297821e-01,-5.850703617966959147e-01
-1.425757659725794824e+00,5.141628976653682681e-01,1.639054269798228880e+00,-3.675104420320680632e-01,-5.604779408407789543e-01,1.474051795524526254e+00,-8.488742748306117303e-01,9.692410813717438067e-01,2.134586180939099354e+00,-4.521774236408566683e-01,2.593760301591902628e+00,1.785802529226411028e+00,-1.035811543806319568e+00,-3.799450474709069048e-01,-7.602692814247432596e-01,1.340035159309729496e+00,-3.485820249502758816e+00,-2.131942688360259464e+00,2.117617341475178661e-01,-2.507598009667282302e+00,3.207821494424725639e+00,2.636229579386279109e+00,-1.427297881506953470e+00,3.708168993858715012e+00,2.035936356067597597e+00,1.630964855075734299e+00,-1.769360517220885942e-02,2.659999810932037967e+00,-1.817609257970185799e-01,1.163207499367020059e+00,4.448522562671628933e+00,-3.010035607833652538e+00,-6.038849490554196731e-01,1.810887872223918338e+00,7.025530163384212656e-01,-1.238552769274830156e+00,2.483709148902584651e+00,2.585929387867389462e+00,1.614857059712492271e+00,-3.978292996101502332e+00,2.794292576138122541e+00,1.513383900540831606e+00,-1.053835115448948478e+00,2.546886636927365277e+00,1.041718091065169105e-02,4.632236980900077405e+00,-3.337513232404274444e+00,1.056767845428593144e+00,-2.650626219020018048e+00,1.019331291854368882e+00,4.116105412202821334e+00,3.274787793585387963e+00,-1.874878398746804731e+00,-1.036632399952323480e+00,3.365903778107087518e+00,3.341870192185816713e+00,-1.427978986669522943e+00,3.574357472388478563e+00,-2.057324071159997825e+00,-1.177517370876219438e+00,2.324569575618144146e+00,2.894284864032459659e+00,-2.071889475574034911e+00,1.049011682832826420e+00
-1.432967733222957118e+00,-9.182248956005651941e-01,1.258310505451484707e+00,2.754762825039234642e+00,-8.134114782913093311e-02,6.642370709922115424e+00,3.420882668058102372e+00,-2.815728353136740303e+00,5.416684128854971636e-01,-3.221461420976276635e+00,3.715486712402542580e+00,-2.617084726783471815e-01,-1.988093190448945613e+00,-4.346295480280130685e-01,-2.638255896592482941e+00,5.703327305829242189e-02,-3.370458661183275861e+00,-3.287253928085546395e+00,5.134182877848462168e-01,-3.357691462020061302e+00,1.830052122027048700e+00,8.339418023062403762e-01,-5.845352786330570982e-02,2.378925891469433118e+00,1.634775419034498301e+00,9.554131254666458073e-01,2.045700729428110876e+00,1.934990571853919317e+00,-5.832619125640230440e-01,-2.799853888556670389e-01,2.503025108232793450e+00,-3.271177492934951747e+00,3.626480948909540203e+00,9.162814463817191557e-01,1.818086968075936394e+00,-6.251519270042442677e-01,9.237708732711875648e-01,1.711726524890692325e+00,3.655875451409287713e+00,-2.428782714012116983e+00,3.859847808410333592e+00,-3.087269371577283206e+00,3.439291880622671549e+00,2.118562833003525991e+00,2.337305378682344781e+00,2.963617393792199461e+00,-6.908441899171495759e-01,1.709073827418269964e+00,-6.493853512164871056e-01,2.367288625530109769e+00,3.929292075572263343e+00,3.051970237577864342e+00,-2.013611840601257530e+00,-3.846523108848215244e+00,1.523261965064900414e+00,4.105856892569388350e+00,-1.746161007208712146e+00,2.146464789751487245e+00,-1.609749318153497200e-02,-3.378429059354940200e+00,1.267223343230527322e+00,1.876248442574206976e+00,8.075307726476954606e-01,2.038659612633479057e+00
-1.201833055332178990e+00,-3.408845899804554547e-01,7.948762446002557436e-01,2.336168754197403441e+00,-1.427687630795360096e+00,2.799686185520849246e+00,-4.134294747479905219e-02,-1.682476790343478301e+00,1.335005646781290078e+00,-2.299113055377398851e+00,2.923539260698788222e+00,-1.871871903693782535e+00,-1.453256023749285974e+00,1.778225150642664953e+00,-7.926762442633759065e-01,3.494212267014786821e+00,-1.474954591660937897e+00,-4.483967720223831499e-01,-2.214609613793755427e-01,-2.226264946221768959e+00,2.963086451116532238e+00,2.549886465652179801e+00,-1.786107164589912477e+00,2.466784086416512700e+00,2.940800534939665312e+00,1.151833715836535710e+00,-1.047313126183951670e+00,1.314825249469017354e+00,-9.473666942113201372e-01,-4.260918903369179667e-01,3.398542282920405277e+00,-2.670762427382456394e+00,-2.046797800546658053e-01,1.274759338086391525e+00,4.597028245483316122e-01,-5.007896469098608305e-01,-2.388372621562977471e-01,8.658746569777721058e-01,3.208500367277008269e+00,-4.216631257435990321e+00,2.616419252164177589e+00,-1.409489881942446399e+00,3.162779908662458173e+00,6.385153624525818916e-01,3.484217095322914126e+00,2.554692167573688444e+00,-7.013835974786384320e-01,-4.637387791850225427e-01,-2.561727419749032286e+00,4.277511182044437810e+00,7.734451335745675671e-01,2.522048044373601527e+00,-2.350156860143179482e+00,-4.804339088609436814e+00,1.413485388330442794e+00,2.724244789761089525e+00,-5.945141880908071386e+00,3.688646783871432522e+00,-2.076275569519444808e+00,-1.558992264167043285e+00,-1.212229861897082372e+00,-2.112945978352076537e-01,-4.495816178895385429e-01,-2.707715051014714103e-01
-4.663414654637769274e+00,1.247842005030570522e+00,1.764173426444204829e+00,2.904386291564307943e+00,4.458206566490197087e-02,4.577358809606556278e+00,1.327657079169181742e+00,-2.156176276417776649e-01,1.575168657202512756e+00,2.362094329405235449e-01,2.641456281475606183e+00,1.191751669871453423e+00,-5.175090063392351780e+00,-5.696221484632999488e-01,-6.733536310299002015e-01,9.486513505032406757e-01,-2.504622836252909490e+00,-1.974454781612787535e+00,1.454266629643837572e+00,-5.484637888214814794e+00,2.078703341056442611e+00,5.067073049618939784e+00,-3.425072278186654717e+00,3.826414605325666685e+00,1.641690800116617499e-01,1.309604800870372898e+00,1.760978572607699411e+00,2.203439555314756770e-01,-1.173017451491620289e-03,4.656856948162779730e-02,1.221290038989843563e+00,-7.744419481458382215e-01,1.644482520006001591e+00,-4.192320528817328196e-01,-2.330563346842577488e+00,-2.319800482209070314e+00,6.390284405804581347e+00,1.302723244246123180e+00,1.620352486403895398e-01,-3.402549349872049156e+00,2.550605810939913010e+00,-7.204103480676637972e-01,2.941463719580525549e+00,1.238549039284730258e+00,2.886068145365699777e+00,4.946920026321615538e+00,-2.486625883817105365e+00,4.804919875070663426e-01,-1.058806305559892857e+00,3.134771116462529150e+00,1.752719082759171210e+00,1.976235339121684476e+00,-1.990925649176525258e+00,-1.266436635774013997e+00,1.579082229086241407e+00,3.571947065035486091e+00,-2.502128621490312455e+00,3.240548859408525662e+00,-3.004921291115345561e-01,-3.013406430969017169e+00,3.691686042595063277e+00,9.739189105000171098e-01,1.387508548586743884e-02,1.431074575749597289e+00
-4.226201425030652103e+00,8.578106207822948637e-01,1.508636638887893344e+00,4.097768461978075649e+00,1.559987385738901278e+00,2.332029590939268093e+00,2.205291041158015108e-01,4.655029036675262244e-02,4.651563251489521988e+00,-1.779266422839167694e+00,2.460202700206726156e+00,1.044524801609527875e+00,-3.504800449314575683e+00,-4.733902769848025160e-01,-1.286103755779972158e+00,-9.330967041555400243e-01,-5.714499990298054222e+00,-3.016947075260518307e+00,8.679264090088980588e-01,-2.722913233591033322e+00,2.349709960248492990e+00,2.580538357636693370e+00,-1.095434040978165990e-01,2.457319561231364524e+00,3.132223684624018123e+00,3.247634942137963332e+00,9.530815710368181204e-01,1.988983319244303383e+00,8.445262813142867531e-02,2.037068115943331037e+00,2.752774228293522807e+00,-1.964090703903710766e+00,-1.179882091884544071e+00,-1.379855174123937989e+00,1.971136770647993419e+00,-1.027057538457980979e+00,3.644121770410115868e+00,2.124895371898881891e+00,2.024373577614776654e+00,-2.573417487243623292e-02,2.638396062703182832e+00,-2.715543111196369708e+00,3.046821328223083825e+00,8.079751541942827853e-01,1.752654334757999255e-01,3.142088909418804921e+00,-3.539129814615274761e+00,-3.792988568394523030e-01,-2.581420801635171181e+00,4.860867161431298378e+00,3.563752842283890665e+00,-9.564517922963404750e-01,-2.267048512091249357e+00,1.534509683843107819e+00,2.036295112948089070e+00,4.155287391128423380e+00,-3.766980106709702625e+00,1.841078434368486505e+00,-4.923878601250000209e-01,-2.974646531579578479e+00,2.924224879704144353e+00,6.058405069710119939e-01,-2.436503931189822336e-01,7.865802319535395437e-01
-3.927874951265097003e+00,9.415680622275670597e-01,1.079126042246430384e+00,3.108928015168468839e+00,-7.450245634088581426e-03,4.035444096553551852e+00,9.008252748389362630e-01,2.556493848992896778e-01,3.485835373562943929e+00,-1.022781145029374672e+00,4.365996476526085246e+00,9.850127432004412986e-02,-1.294958007879292161e+00,-1.012372838005146658e+00,-5.750948578606974726e-01,1.528905983968310789e+00,-2.193079921081618089e+00,-1.168118654050264382e+00,6.685391042188286725e-01,-2.713048535317437615e+00,2.793922937970700460e+00,2.356207270051601022e+00,-4.556310869525722618e-01,2.283739266263961287e+00,1.602717915252844350e+00,-1.498374635709720515e-01,1.073454638813495343e+00,5.853819159202164890e-01,-1.573580747020721260e+00,1.316091141080388827e-01,4.896814600800296624e+00,-5.348426047950809448e+00,-1.656143233339957277e-02,3.840770767460042645e+00,3.528015777468536673e-01,-2.472539762733871882e+00,5.010985204626988931e+00,2.625645598607112774e+00,3.709212345107538944e+00,1.474198659654756272e+00,1.131020776337845035e+00,-1.327107909178798506e+00,2.525972706077457275e+00,3.948798539891303250e+00,3.831532357635614172e+00,4.594515451439171727e+00,-4.274957323140682774e+00,-8.541086468020160360e-01,-3.112567337044085392e+00,2.413738300856307806e+00,4.992141255995464100e+00,1.041951533586224388e+00,-2.611215470617382017e+00,-2.185104636601987504e+00,2.359068537485371486e+00,1.374690085754340707e+00,-3.305872129219960431e+00,2.131352117403097157e+00,-4.481757005300186059e+00,1.226072649940415094e-01,2.368011202481878463e+00,8.679065094553869431e-01,7.873404949871861680e-01,3.504060678480734603e-02
-4.400036380389805934e+00,1.246145711819353963e+00,2.491015766205079807e+00,1.583430932025471360e+00,-1.288811084996078993e+00,2.779144707127966463e+00,-7.349486773973683551e-01,-1.157492386009622676e+00,3.833279121056003547e+00,-3.075305875313532056e+00,4.076191050376221980e+00,3.494656165366812894e-01,-2.971662773875504815e+00,-1.489029397837988711e-01,-3.029729860595634428e+00,3.803668596394778056e+00,-4.202343258100307288e+00,9.453632186599434384e-01,-1.126907613226362237e-01,-2.827926481317347474e+00,1.566232418340318899e+00,3.591718243319758308e+00,6.475543714618490210e-01,3.389219730002510644e+00,6.171270069368479660e-01,1.287056657545462723e+00,3.073639880544548619e-01,8.018512593571802682e-01,-2.468572689808078646e+00,4.605687049597301908e+00,2.744735424435870819e+00,-2.031830640583540237e+00,1.556667749561658765e+00,-1.984456556091296786e+00,-8.530919766404154725e-01,-1.514804711685924232e+00,4.980146451598857382e+00,-8.805575675981391903e-01,2.874201435671943194e+00,-1.017147867278646700e+00,9.845305138666884393e-01,-6.355218308430352625e-01,1.373185106935547850e+00,3.922386870940828718e+00,1.687578125047264122e+00,2.358411800589498952e+00,-1.016736832173259497e+00,-1.348743691447366277e+00,-2.260667325623511026e+00,2.848486127488323305e+00,2.162327028473447044e+00,2.197348569064150325e-02,-1.106839711868737419e+00,-4.066177120311188276e+00,2.397638113357709155e+00,1.449277196177463978e+00,-2.621042353697711214e+00,4.259621306499432158e+00,-2.714271739058154331e+00,-7.875586157675489307e-01,3.158205527780157951e-01,-4.488485643496089583e-01,-8.942083610746618394e-01,7.066914696544988050e-01
-1.714527416216951483e+00,-1.062862173806169208e+00,-2.521008516278659961e-01,1.736879396674531506e+00,2.258108118157951871e+00,2.928802425332081238e+00,6.884560804403274670e-01,-1.593110542010928832e+00,3.798003484329291801e+00,-2.140367051032071366e+00,1.695684926723453501e+00,-4.923814066547306245e-01,-1.777052537388807085e+00,-2.230401847940901128e+00,-2.356493728931017273e+00,1.983398011790678206e+00,-5.414381104811674561e+00,1.675275866847847350e-01,1.486319524382403001e+00,-1.656051651797366908e+00,3.921998610033475163e+00,3.667504686590277618e+00,-9.960712627549032083e-01,5.277937951807973427e+00,-4.799616689255370439e-01,2.871280619458579597e+00,6.018774867443932308e-01,1.028416314140893073e+00,-1.932003594261941348e+00,2.091686924647767398e+00,-3.677640176270355887e-01,-2.814223893959203249e+00,1.654363440751855707e+00,2.595844328882416896e+00,3.645703354145466979e-01,-9.486273407206681219e-01,2.406980372384081690e+00,-9.778793684405662212e-02,1.808561786263899185e+00,-1.999661155248213307e+00,4.434795505778081903e-01,-2.441523325224578933e+00,1.197258201767589458e+00,1.966181541832483504e+00,1.240903119375932562e+00,3.081499587232237936e+00,-3.163067887276813206e+00,4.479786700930262766e-01,-2.216408894999883028e+00,2.960431974928823262e+00,4.831639355733996055e+00,2.148323765001093566e+00,-1.582281581073006649e+00,-3.295840320480372121e+00,3.260867295067065186e+00,2.883605593213895091e+00,-3.623116673442928981e+00,6.427307426362838250e-01,-3.157296711398481115e+00,-5.485812084797414556e-01,1.703795614955827986e+00,1.569336780555865563e-01,-1.123172200890426797e+00,7.669785837908128789e-02
-1.955121987178154663e+00,-3.445764345222158909e+00,2.979127722884282292e+00,2.526043281411044727e+00,1.104925093435499717e+00,2.714070073998235966e+00,2.588486941794256424e+00,-1.440534600745068783e+00,1.920297777259643013e+00,-3.749858556197276371e-01,4.248238087397089302e+00,1.918883399146989355e+00,-2.712479996051219810e+00,-7.508202477284362519e-01,7.878475239879048075e-01,1.718662544736282438e-02,-1.021540201767200839e+00,-7.547729439314225797e-01,1.034338968285152038e+00,-4.881673426946536054e+00,6.235860283076448685e-01,5.433298426340726905e+00,-1.009904594414136270e+00,2.251676815668947285e+00,4.838492454214418093e-01,3.313107836471471668e+00,-6.283304700311942437e-02,1.927169146834871727e-01,-1.756860481005770414e+00,-8.288532332113516254e-01,3.556074728692000253e+00,-3.631242740776362776e+00,-1.015267605329164269e-01,9.832226175496743270e-01,1.759905494716768271e+00,6.422091016403077557e-01,3.633389995166766973e+00,3.437913879396483186e+00,4.738636495009311389e+00,2.486491136829898085e-01,3.808648113466425400e+00,-2.188666544510518452e+00,-2.005282355581150533e-01,1.467353624103867826e+00,2.687487048026946823e+00,4.231546016168920232e+00,-2.121057024724134710e+00,1.534615521840501318e+00,-2.336948680319822724e+00,1.187070502047421261e+00,2.745769186048764077e+00,1.440364972912581365e+00,3.535100330151901282e-01,-1.261350145687447188e+00,3.489557027358778374e+00,3.133773231294652017e+00,-4.304265191508594768e+00,1.386217993012112348e+00,-4.329281295803964369e+00,-1.196349308119299293e+00,-6.551409666534158127e-01,1.321058252677270062e+00,-2.241316806454146104e-01,9.215663347084580570e-01
-2.791557950307833380e+00,-5.401409744623517639e-01,6.807967846537008594e-01,2.157381708267299913e+00,2.023200044211916904e-01,1.347979619243801608e+00,4.958920357973319870e-01,-4.822880158314151622e+00,2.155514992646939021e+00,-3.562656831075869945e+00,3.487855997499333061e+00,3.842043748668658720e-01,-2.268935993609213053e+00,-1.701520096649181468e+00,2.595980248244877941e-02,-5.824879176933213110e-01,-3.152328273859922092e+00,3.351987379861336436e-01,2.343634343809530840e+00,-2.085922264161765849e+00,2.918466598262107858e+00,2.030356874359642738e+00,-8.262743367723136556e-01,2.084792795975772162e+00,3.237389259709330336e+00,2.066289499819469633e+00,1.181831387067243888e+00,5.554531914965983308e-01,7.650030768268203385e-01,-1.588587196303403726e-01,1.757048430357506019e+00,-5.301221875351296298e+00,1.831415923038549609e+00,1.099692413088346976e+00,1.445936553950752712e+00,-2.324191975382038589e+00,5.043626049304645420e+00,3.436269510554526896e+00,2.943727017315816319e+00,-2.120078695700276850e+00,-3.411694478061928493e-01,-1.465104943013398442e+00,2.942255667711471734e+00,3.330788622997271187e+00,2.030866853987578935e+00,1.216286501605089665e+00,-2.795095500832089463e+00,2.996526206732333941e-01,-2.567334542455630420e+00,2.763724796868366695e+00,9.772056798428896407e-01,2.562891302780825775e+00,-1.361817042057717808e+00,-1.500916925451947659e+00,4.937908061250908531e+00,2.454110177858312092e+00,-4.020955750191809841e+00,1.457430538868755177e+00,-7.597005178119653479e-01,-1.072651607758834391e+00,2.340177986813520405e+00,6.568557542223851797e-03,-6.471102962512201850e-01,2.239002063741929671e+00
-1.452317506955042470e+00,-1.062805462426099634e-01,1.532606032006276875e+00,2.759367561751617348e+00,-3.882761563954195694e-01,2.100332847135463865e+00,-1.246852750540261567e-03,1.523351986128597346e+00,4.267346331978651985e-01,-2.282689005597355436e+00,-7.072794219734959142e-01,6.763468123024580780e-01,-3.605414541537468764e+00,1.990905243528132473e+00,-1.610926115592642205e+00,2.004341752526804576e+00,-4.419478948545264352e+00,9.847512235716777695e-01,2.486594704181512572e-01,-2.406039016279468257e+00,2.129292191095536246e+00,3.509418873491519264e+00,-3.610071812218670573e+00,1.924320080642250241e+00,3.066646865602003835e+00,5.970099386551772636e-01,5.701233675126138323e-02,1.626187391780221869e+00,1.648612228280823988e+00,-1.057013193766503045e+00,1.818273447017122901e+00,-4.792065926725586067e+00,-3.855758736035304057e-01,8.543443865671856985e-01,1.068750292692353110e+00,-8.875077525298116221e-01,2.369175745482944961e+00,2.545776629756494103e+00,4.007165222537404148e+00,-2.386529303739446384e+00,7.168481237204240575e-01,2.417633237555831816e-01,4.262828510166948526e+00,1.228635338410258848e+00,6.586545872102358423e-01,2.819195130331245469e+00,-3.301377479779154189e+00,-8.962438633788043507e-01,-2.585452775965418670e+00,3.886349736739826977e-01,5.540580341027023792e-01,1.314690353104789988e+00,-8.168255225021010535e-01,-1.017282033802816121e+00,2.911205766068855283e+00,2.306359756833351149e+00,-3.087641291205620142e+00,3.951527267418981637e-01,-2.547002433347627104e+00,-1.736263184620445044e+00,2.713969195550320013e+00,2.366417642100024921e-01,-4.531010877116186109e-01,-1.129531384915793746e+00
-5.623745998409397373e+00,-6.928495480800728190e-01,3.915231993951648004e+00,2.987076657813788838e+00,1.550173578084601989e+00,2.110779384066252540e+00,1.917072811092092710e+00,-4.734934915543446698e-01,2.004070801156623727e+00,-3.734873133780417742e+00,2.093850554516012874e+00,1.322358449345187648e+00,-8.290465865651128752e+00,-4.712389924710543632e+00,-1.838183708602068034e+00,-1.007542154606830831e-01,-2.741933029277551892e+00,1.449495354339696007e+00,3.599429044178573456e+00,-3.167095577614440494e+00,5.030475716493681304e+00,3.513737212324467230e+00,-2.486718261479495817e-01,5.748892077691091451e+00,1.419595055831615049e-01,3.427503988531428902e+00,1.374344813991487557e+00,9.527264249642527494e-01,-9.830385347045823563e-01,8.053795680886318697e-01,2.092919262891173915e+00,-3.918378869493032823e+00,2.078070815453432640e+00,3.384276892897859490e-01,9.039685920853367529e-01,-3.611112462906559628e+00,1.250887984879291093e+00,2.564052202457311136e+00,1.306718384129615718e+00,-7.568254836861350032e-01,1.500680533979930287e+00,-4.233825863986965921e+00,7.632096486533912483e-01,-2.603561735623083351e-01,1.533992798127744583e+00,2.048398602023070225e+00,-1.835994265177271600e+00,-2.383270600749559098e-01,-3.285646934621971216e+00,1.298952013919021375e-01,4.777603034718418407e+00,-4.014264405371796851e-01,-4.427012191546316089e+00,-1.482838008121957429e+00,3.516622415873020380e+00,4.862560685564262464e+00,-6.069765841410212914e+00,2.493164381387328987e+00,-2.718135210525325807e+00,-3.828333814653263723e+00,3.002229307978256490e+00,1.521346794639467870e+00,7.091122336565768292e-01,7.659407435907938932e-01
-3.057071566465733969e+00,-8.173107938513400894e-01,2.884811961062172969e+00,1.321938494626968774e+00,1.179516581778115025e+00,3.566537825510675219e+00,9.599598633015390403e-01,1.721146652185733483e+00,7.960761117025730860e-01,-2.588384049347626448e+00,-3.521579549909508167e-01,-1.460967742313750595e+00,-1.530829167316809736e+00,-2.797164033770003666e+00,-5.692297097890143265e-01,-5.694946427843565750e-01,-2.173295906720248638e+00,-4.682265956853506772e+00,1.081929428936716731e+00,-3.322078235552849534e+00,2.842475103274477721e+00,2.511548015293560532e+00,-1.815669003006597393e+00,3.509790031816908851e+00,7.511069212961472008e-01,2.981835793465013040e+00,2.243119490327587950e+00,2.277218477926600038e+00,-5.779862317196255983e-01,6.134867120109336325e-01,3.245361175942095056e+00,-2.461705405894252685e+00,1.913528248187751357e-01,3.908862070394143462e+00,9.954375489587400372e-01,-1.702627579521672319e+00,2.522037701557207079e+00,1.678266308692713205e+00,-1.946191087381663465e-01,-4.474884483961580450e+00,1.161396066074795730e+00,-1.224073322118589102e+00,-7.415216380558091736e-01,3.785749893314666714e+00,1.904219537839141552e+00,2.733832214025708751e+00,-3.281315909971489031e+00,-1.547876821189239083e-01,-3.570952550259854696e+00,3.605130026203957172e+00,6.125631391464061437e+00,1.444169106064433716e+00,-7.313314394936264451e-01,-2.701771706276040241e+00,3.370624714118826581e+00,2.710025359202477446e+00,-5.139121310976571877e+00,1.690520518464706079e+00,-4.246966234496978743e+00,-1.071219416826271642e+00,8.899358082786277269e-01,4.349446234144900281e+00,8.766890029075627977e-01,6.620669363371620153e-02
-2.682274845514701855e+00,-7.551305392560480056e-01,3.459153593730138532e+00,2.594604236662616525e+00,2.870022593497753238e+00,2.064634932510864829e+00,1.144103076047081613e+00,1.337999147664731270e-01,2.713599938827705227e+00,-1.458241016338887253e+00,1.790047351075240378e+00,-1.179156781884316718e+00,-2.620719670160063242e+00,-1.575709869910975058e-01,-3.340601953631335830e-01,3.724343512078733820e-01,-3.248094131350507396e+00,-1.221123385384974114e+00,-4.143551701785899155e-01,-1.903196046182683787e+00,3.391483612764718547e+00,2.195731109704732287e+00,-8.469862059334315463e-01,1.649060081445598014e+00,3.009130851521659711e+00,1.760126941181372473e-01,1.648720066961949726e+00,1.573200996394934048e+00,-8.526055420117880645e-01,9.922651517793978915e-01,9.452305328008547836e-01,-3.607776437669559577e+00,-1.113161956022596932e-01,1.613370009082372825e+00,-3.691249189198667624e-01,-7.328002454715454306e-01,8.554710548885902099e-02,1.866743123920942438e+00,1.029895969210971263e+00,-1.416112867470096903e+00,2.032970779546954265e+00,-1.472991303651463690e+00,3.989327126624389930e+00,2.766864482557581884e+00,2.172061631855011221e+00,4.441440764556936927e+00,-2.285658042838953463e+00,-5.676498691981020084e-01,-3.439944981103313815e+00,2.933570899643109797e+00,2.816287109518571086e+00,-8.054809963988662780e-02,-5.020166175599610758e-01,-4.688274976338482780e+00,2.948554989978437124e+00,3.461385927338708424e+00,-4.322016358015136284e+00,1.712244714477936913e+00,-2.017973983790140480e+00,-2.088235922505214504e+00,2.884628326197872905e+00,-1.049491939339928015e+00,-3.813646062801667735e-01,-5.604808449593502440e-01
-4.266326393306993481e+00,-1.209146897512450858e+00,3.047486287010656270e+00,3.710492075775242871e+00,-1.042982501954923924e+00,5.075466230082210650e+00,-6.046394241236201506e-01,-8.597495562808814551e-01,2.303737114635972638e+00,-2.299673044979419601e+00,2.911382175041453468e+00,1.233999140457380905e+00,-3.538958385709900512e+00,1.186010806687973762e-01,-4.173480681296902084e+00,1.727571746915079753e-01,-4.652522796466110222e+00,-1.663421038136329244e+00,-2.387622235829316431e-01,-2.991545491956519420e+00,2.942968186040146872e+00,3.873517026498471072e+00,-1.653613913443739758e+00,2.991278492204683115e+00,-1.970347758402319904e-01,3.457527204955207711e+00,1.343428335885771041e+00,4.841170154758056121e+00,1.273149796404010825e+00,9.468017355569833260e-01,2.795183551697987046e+00,-1.053662193680937165e+00,1.759427065622144459e-01,1.151490654103116018e+00,-1.651004251288788360e+00,-2.024263647204128880e+00,1.720108789234529034e-01,2.318022252597454536e+00,2.021245612982555340e+00,-6.472136051926646871e-01,3.128545981245746344e+00,-1.483244862412335330e+00,3.494728217127535785e+00,3.880518852113972628e+00,1.792310818436740449e+00,5.334837845335428597e+00,-3.788994135042742961e+00,3.135504148618877274e-01,-1.057550496338036883e+00,1.707506704695553656e+00,3.014466404086571849e+00,6.236233047022029519e-01,-3.340211219464972459e-01,-3.625322559257988964e+00,1.331795554144781235e+00,1.749694352179531620e+00,-2.192948062361565142e+00,2.615931458508110374e+00,-2.781847823139177667e+00,-1.508627504743448755e+00,2.117682561734743452e+00,-2.412464127989129015e-01,-1.243716486115455933e+00,2.391771437261598354e+00
-4.344598908294546646e+00,-1.755477986191641193e+00,-2.713077896087804586e+00,2.404778048144730729e+00,7.235507809060431894e-01,3.593331990020816491e+00,-3.234214345864867557e-01,-3.837962359980813254e-01,8.834321845422250519e-01,-1.112146597012896976e+00,4.239060860145693610e+00,1.569042993293787491e+00,-2.275299756427648035e+00,1.149116250422363095e+00,-1.728902218818721748e+00,1.342617465178191249e+00,-3.498946407326050334e+00,-5.831531691419296060e-01,8.400056484572813176e-01,-2.913621960433518510e+00,2.275597085455923985e+00,6.965210292422687743e-01,-4.531710954228191368e-01,5.001006821767814969e-01,1.864960935343779269e+00,2.381459760212582655e+00,4.408862616296172487e-01,1.933555912587806569e+00,1.791616107078557008e+00,2.210376919863978884e+00,3.101689915404106657e+00,-3.699134341833398842e+00,2.726362425293355596e+00,-3.334505164212173689e-01,1.447713821356213293e+00,-1.944291689618267593e+00,3.660085157826205915e+00,4.840477758528725971e+00,2.847997487095110358e+00,-2.386532582082595333e+00,4.182345726570981803e-01,-1.842567233914175207e+00,3.269879604581003463e+00,2.228225644672802375e+00,1.203375686226327623e+00,3.068259152423691738e+00,-3.396780807906899291e+00,-2.467890044241883574e-01,-1.597673376155372971e+00,6.767976614356898679e-01,4.306887649040143096e+00,1.677694322279849937e+00,-1.762539857527930298e+00,-1.270520512705922922e+00,3.756296269938122823e+00,2.428042487696619123e+00,-2.578630266583053832e+00,3.862446209424078791e+00,-2.440885943002767178e+00,-1.678252028350474045e+00,1.421626904433880512e+00,-1.331649758594461996e-01,-5.983470336175505944e-02,1.236113220831591281e-01
-4.409918124538252826e+00,-2.874008057987972542e+00,1.923283731809598329e+00,-1.911226852464349424e+00,-1.653169079540317998e+00,3.967428956946202678e+00,-2.178983152061709783e-01,-1.240152785392882206e+00,-2.652286311926654871e-01,-2.117338309037621880e+00,2.943894052608539091e+00,-1.482458176880205869e+00,-3.647533252814323390e+00,-3.542775065381141619e+00,-1.314850975509965991e+00,8.120789590798429547e-01,-3.451118895372303097e+00,-1.660204513549449423e+00,-3.845559336411704665e-01,-2.076539700968362823e+00,2.676809035851555496e+00,2.417872515153411062e+00,-1.911971408229915070e+00,2.621772398986440322e+00,2.492539359875632687e+00,3.221099453895994280e+00,-1.971651134347518486e-02,-3.288414259497307590e-01,-2.420005081602381924e+00,3.376510141802674170e+00,1.921565924343766163e+00,-1.923166602522779600e+00,2.248106924872726786e+00,1.981120071575801944e+00,-7.186602745503731793e-01,9.897123152188425088e-02,2.460004224886587210e+00,9.586430340594304100e-01,3.063477006745060738e+00,-2.085689126377519909e+00,5.800598096140567872e-01,-6.906788522210194348e-01,1.196073682269597427e+00,2.483403486798962945e-02,-4.137952848818926554e-01,1.460863716907760290e+00,-3.412291176737594967e+00,5.605207345566837196e-01,-2.132484570322724426e+00,1.518744888619103062e+00,2.997783892421479468e+00,3.992246832163112824e+00,6.623798582292934611e-01,-3.514943750416922086e+00,3.088999062543885454e+00,3.492160261105772268e+00,-3.296747417241359557e+00,2.311300708625466882e+00,-2.713228678592630061e+00,-1.584784348537758847e+00,3.064636752283333543e+00,1.542676826153865033e+00,1.245556416462704652e+00,-2.139243164884105930e+00
-3.233397615719206808e+00,2.430691737915127160e+00,1.904295279497091986e+00,1.316179262738351063e+00,-1.390378041044123325e+00,4.904264476998451805e+00,8.967241763861030224e-01,1.798057231953533730e-01,1.483722831639864737e+00,-4.178734556067443151e+00,4.462334944911244605e+00,-1.120223223875493446e+00,-3.137020743843085935e+00,-3.287384462229527293e-01,4.826175884025036833e-01,5.241344051683083372e-01,-3.600516996089798916e+00,-1.394827852762553055e+00,6.120838105508457083e-01,-1.744384212322420913e+00,3.722425598428751314e+00,2.358625757144650059e+00,-2.098195738103463270e+00,3.034927831769290929e+00,2.504871106385786028e+00,4.230259705445050145e+00,2.387115151407543490e+00,-1.650959292693883196e-01,1.857983731601486443e+00,4.780549161427476990e-01,5.343988233725742720e-01,-2.433703141721502039e+00,9.996656690459900796e-01,1.206634121556912742e+00,1.631695526756523629e+00,-6.205941154363258105e-01,4.105064809016824690e+00,2.895192507444755314e+00,2.298929024761890094e+00,-3.145589566872532217e+00,2.764167093217857474e-01,-2.884155163462801319e+00,2.213985690905155845e+00,2.807339460190446889e+00,1.649253010409234665e+00,1.937754955046286920e+00,-4.411140175062078228e+00,-5.915590215272642505e-01,-4.003909998464024511e+00,3.177167054402825208e+00,5.647455034093046500e+00,8.456664993118594431e-01,1.631634565478010668e-01,-1.733515200656893240e+00,1.863742789155691248e-01,3.569546209323500197e+00,-3.174018441664824941e+00,2.044058195340827666e+00,-3.802250801923449330e+00,-2.041177462590967551e+00,3.742868025042665359e+00,2.136956865612936074e+00,7.392216478449332717e-01,-2.346904383379919690e+00
-2.558966752100480413e+00,-1.323046179157917335e+00,5.127701221499893158e+00,3.484982527302671329e+00,1.024430789780974571e-01,3.985004403298749054e+00,-1.446740211470716186e-01,-7.701143547158557645e-01,2.850997101408638379e+00,6.214019739059271075e-01,5.113883899822754486e+00,-3.372186773197780596e-01,-3.162993594173545198e+00,-2.923050757159400881e+00,-4.087450961951721862e-01,-1.084867455307291007e+00,-3.660691782877043110e+00,-8.491566214981655092e-01,1.400694545816014713e+00,-3.336448281943012351e+00,4.308179580735613357e+00,4.082557419252825781e+00,-1.544072078825990513e+00,3.006456255508526798e+00,-5.056638564418505233e-01,3.402911079516190540e+00,-1.627701452530062376e+00,1.319384502395821279e+00,-1.356249721463935076e+00,-6.097893739625455112e-01,1.593626933026471182e+00,-2.174640367655325868e+00,9.163681837344332948e-01,9.136086519028961961e-01,-8.624429497562469127e-01,-5.510802091338288022e+00,3.073882069562019481e+00,4.084592062052323502e-01,1.183979485120254305e+00,-1.247346345750525609e+00,1.607576908549264383e+00,-3.853459420819973502e+00,2.778598968017014670e+00,5.095213485101630635e-01,2.413132192947950116e+00,2.336345231590452265e+00,-3.233572431486841481e+00,2.628850525382089298e-01,-2.357620447403397712e+00,-9.089331825144211230e-01,1.062461441463931955e+00,2.189617190349863574e+00,-9.998660172924320744e-01,-4.511765008840601610e+00,2.747425519167565611e+00,2.596142818738502278e+00,-1.282011417718771362e+00,3.102469872855873056e-01,-3.009810953994948690e+00,-1.052405281981908747e+00,3.970344385382667429e+00,4.244741939366586614e+00,-8.930186890245801479e-01,-2.374371198167858910e-01
-1.971536033176817915e+00,-2.582575499460481261e+00,1.282259168100778890e+00,-1.299092011804714453e-01,-2.240980894327932127e+00,7.501432533605258968e-01,1.944726462977623971e+00,-4.283983100451684845e-01,-5.605192599037498447e-01,3.880311868874235515e-01,3.763302295870457392e+00,-7.744991768526896525e-01,-2.403607475522606229e+00,1.417844415261699353e+00,-2.323291555063591751e+00,-6.870533342646645281e-01,-4.741398006624716999e+00,-6.680523166411672653e-01,1.467823043986844933e+00,-2.171126859192435532e+00,1.036521737264023191e+00,3.734372607433015911e+00,-2.214434583419981450e+00,3.519738205030862765e+00,-1.459102070873682599e+00,5.788876661478663976e+00,3.333120764715674422e+00,1.582500108024946783e-01,-8.589785109723277468e-02,2.383615187499021459e+00,1.641326516351004017e+00,-4.127007254435700823e+00,8.166527733500261732e-02,-2.315158976394020574e+00,2.672087060590024432e+00,-1.745327336230194648e+00,1.512492815607214824e+00,7.829760379204809828e-01,2.804289590751172234e+00,-8.270661699675496692e-02,7.026331891947159569e-01,-2.966742927719915102e+00,3.777469426649638251e+00,3.197876753417742357e+00,9.729634017719376304e-01,2.570011443746388125e+00,-8.687766632184639182e-01,1.891202450931836587e+00,-1.043996207996316983e+00,3.653131500117507535e+00,2.178632156359003869e+00,2.079735795490033290e+00,-2.358371534946937853e+00,-7.169540492736869997e-01,2.233763535647253384e+00,2.218054647464751117e+00,-1.135704236960151547e+00,2.691245745113311383e+00,-2.654136161152000906e+00,-7.447981365062489312e-01,4.137094866795294479e+00,8.967407260590224416e-01,1.410759045282212742e+00,1.434408103025305303e+00
-2.233202077908955197e+00,-5.791612738513267633e-01,3.172145189366171181e-01,4.804226196217862288e+00,-3.693178164117628670e-01,1.410770540663394135e+00,8.601020718441692026e-01,-6.906546022490217540e-01,2.599245977348223047e+00,-3.877332446729157667e+00,2.900598279117641898e+00,-1.170660773941491373e+00,-3.092490719348207406e+00,1.997629947123804151e+00,-7.126225660412592866e-01,9.231924756110982955e-01,-4.227451811847441121e+00,-7.197889648465414236e-01,-2.228149701316497922e+00,-3.300308449202092653e+00,2.139872054860475714e+00,5.070676692324628476e+00,-1.380466122986393929e+00,4.133260283551489778e+00,3.603868518758292616e+00,4.672264660815507398e+00,4.193306952737785864e-01,1.544783553362202966e+00,-3.325040736913130068e+00,-2.681549786226404830e-01,-6.154664603697019842e-01,-4.791174415988799673e+00,1.460158056888741784e+00,2.607186962806405717e+00,-6.097719810012298680e-01,-1.063145924165179279e+00,4.973253320977716996e+00,1.581337465771112338e+00,1.727869550299458989e+00,-2.046089050284772615e+00,1.901871956828259158e+00,-1.044954583228013378e+00,-2.214877897708542598e-01,3.926679778159400946e+00,-8.470151614990988342e-01,3.310608239998263258e+00,-4.040634959002129101e+00,-2.762896660123142833e+00,-2.182844969433027860e+00,2.836118155453434930e+00,4.080734478385212860e-01,3.584994298641380972e+00,-2.430087053696656785e+00,-3.244282599341972162e+00,1.574122231426418717e+00,1.801349054060985333e+00,-3.293821557961569280e+00,4.696529442844397551e+00,-4.546597772824343409e+00,-7.669050025318159269e-01,4.780019623258338513e+00,1.507499198671664153e+00,5.504485997243310225e-01,4.991718260374887750e-01
-3.971276021442167181e+00,-3.623460272614505762e+00,3.820496123918239562e+00,3.262746884658319857e+00,-1.129563640480663711e+00,5.429530695442252863e-02,5.350901150768324621e-01,2.511887795646695620e-01,3.261693151548968217e+00,-3.235050614908391964e+00,2.636325023273379919e+00,-2.793846259418600209e+00,-4.731049900201201197e+00,-1.581033452614542867e+00,-1.917645436256039781e+00,2.163017487230998626e+00,-1.859002366752625868e+00,-4.052603990555830871e-01,-1.154112468277634918e-02,1.317159002245538169e-01,2.316889276938744580e+00,3.042736978382503121e+00,1.064783621168951866e+00,3.264691363259472290e+00,1.112403209390291359e+00,3.097037596540443083e+00,-1.418515228740115930e-01,2.442888414951617904e+00,1.571703876439664915e+00,-5.097434465979813201e-01,3.849970144679834227e+00,-2.858289729345520058e+00,5.674290760780710263e-01,9.158997797905862326e-01,1.776175284420967948e+00,-8.856736295670010195e-01,3.001943487870401217e+00,-5.182752925624689588e-02,3.238454290938635793e+00,-3.691329130615228937e+00,3.330628637586650953e+00,-4.395971254275981011e-01,2.380129482123114038e+00,1.227313949293287854e+00,1.684502143259087870e-01,1.720171441043305549e+00,-5.559303863480375973e+00,1.115605452919831153e+00,-2.279189047777292920e+00,2.971657189356569972e+00,1.802591740106646245e+00,4.606397597092768414e-01,-2.081448717858387809e+00,-2.457992313924412642e+00,4.120858312983349592e+00,5.936574825282430190e-01,-3.876233062599983015e+00,2.168415281646968396e+00,-7.228029831697311280e-01,-6.404796273972228615e-01,1.930196091235444111e+00,1.126248533504373928e+00,-9.646016121098073270e-01,6.012100631728292122e-01
-3.837187853412673544e+00,-1.778938507457866525e+00,3.137988415185770208e+00,2.702650213120628475e+00,-1.605779579090693687e+00,3.825321956363110676e+00,-9.918624726139551040e-01,1.505785801494686993e+00,1.674946618893555561e+00,-8.103035374947369363e-01,9.694498698089477617e-01,7.562130625872161005e-01,-4.252289971318579553e+00,3.656364973944570274e-01,-1.876772844581178212e-01,2.775835791548648679e+00,-4.910258479966710610e+00,7.913503131011432323e-01,5.571512486434389011e-01,-3.713721219416208363e-01,1.211930015329905519e+00,2.783509782881859795e+00,-1.937311630680265129e+00,2.971045271574352054e+00,-1.403306594709210486e-01,1.557344949610897089e+00,3.482538241726257366e-01,4.065823403075256692e+00,6.650909347458487941e-01,-3.280011153672377500e-01,1.132884258170252512e+00,-3.851702899918388656e+00,8.008032389246593219e-01,1.073089740655027713e-01,8.128415475687797986e-01,-2.974235767569103572e+00,5.422891699771248852e+00,5.112400793665261567e-01,2.738238516343833417e+00,-1.841291929769761637e-02,5.422002489815029858e-01,-2.040276713727977587e+00,3.097693254575674793e+00,1.077907387481429335e+00,3.724874604906851516e-01,3.836481180453681361e+00,-9.769606710287468410e-01,-2.067709801220299348e-01,-4.152841372648099494e+00,2.396820927392019129e+00,3.045369163757007502e+00,2.283559317645407649e+00,-3.178746858597173208e+00,-1.890341030157222768e+00,1.009661221029758860e+00,4.429408921545565647e+00,-5.266528408958027541e+00,3.105663857809647599e+00,-1.203754658488615181e+00,-4.384456414050262651e+00,1.485534026407922203e+00,1.050220876830673777e+00,2.844427298350446165e+00,-8.356182555614480867e-01
-2.713073992485999675e+00,-1.790727632242777201e+00,3.205747634485581976e+00,3.345776685209062240e+00,2.661474212253915894e+00,7.304947483341530656e-01,4.066388926636950174e-01,-1.107512432832154392e+00,2.178677265969544141e+00,-1.137680674161743566e+00,4.118161816128840691e+00,-1.161817905630019077e+00,-4.113869033791044849e+00,-7.500946516776162420e-01,-6.692234522489445281e-01,9.951468010064710157e-01,-1.665979349688972988e+00,1.990066423007796903e-01,4.053163676518534708e-01,-2.533088928614537050e+00,2.556418261097316957e+00,2.838018053181290856e+00,-5.166674312972138194e-01,1.645589720083934671e+00,8.073627337624245115e-02,3.612335526980658074e+00,2.907807239214402983e+00,1.824332637061412354e+00,4.264469107685288085e-01,2.164398375026705956e+00,1.453564015276698207e+00,-3.076709402958551554e+00,4.346275110968078614e-02,-1.491335047171494121e+00,-1.975677491302547661e-01,-4.788237787245250843e-01,3.173474101141763537e+00,6.207164911656580797e-01,7.231154005324262890e-01,-3.728664900546915462e+00,1.903312652986188125e+00,9.148558541771449892e-01,3.808606956970295165e-02,8.692236660933774228e-01,1.098278162888209897e+00,2.746168494408986138e+00,-2.589831535019720299e+00,-3.981466927735605177e-02,-3.758565570707668613e+00,4.137178216959063182e-01,4.901618339953341952e+00,4.295411460025281514e+00,-4.298500988510212117e-02,-3.104405731948657543e+00,3.392602948913949312e+00,3.768447621855884222e+00,-3.344215710042671041e+00,4.374495916808502471e+00,-2.788305506483397700e+00,-1.905623660490288529e+00,3.410154095252721618e+00,4.669915132376656786e+00,1.589297645141924953e+00,1.727462096733602737e+00
-4.312628606808089238e+00,2.160348742312508286e+00,8.336111440622316904e-01,4.023476079368200509e+00,-3.126618137209636883e-01,2.207323356052395269e+00,2.420793495117635086e+00,7.918570355135565730e-01,2.124240696133826489e+00,-2.124058786589579473e+00,5.252805920358993852e+00,-1.425528209966517579e-01,-4.379797603817920049e+00,-1.290448448036604079e+00,-4.298297002371530340e+00,2.964582241100239823e+00,-2.296720897531587369e+00,-1.484824186452806671e+00,5.241294301176346870e-01,-2.085411715666020793e+00,-1.971438029891601218e-01,2.301545480810919031e+00,-8.170892292847927729e-01,3.607688386713007400e+00,1.284689081960365353e+00,1.548275275072457990e+00,-6.470345294402608527e-01,3.851684705962546307e+00,-1.420555405070153210e+00,3.026276579519006305e+00,1.722307168373878650e+00,-3.494468053116064343e+00,1.888063439389509046e+00,7.476658492128708255e-01,2.957884937491205068e+00,-1.167484764358713845e+00,2.967543149555803339e+00,1.548989206853494283e+00,4.946905488314754962e+00,-1.386277135513947600e+00,1.890298014300517027e+00,-2.054693792044195888e+00,2.601032613176146313e+00,1.779934456754700411e+00,-7.916541938305265980e-01,9.589703821261985617e-01,-4.988728898905923970e+00,-1.808033837653858278e+00,-3.560112936099280034e+00,2.345875178692257368e+00,1.008317410598166042e+00,1.397173973195880325e+00,-2.269447981384108193e+00,-2.504726311357133195e+00,3.646309542848086949e+00,3.084549208471841553e+00,-2.462697679689394015e+00,3.976952966118424193e+00,-3.638754169301978258e+00,-2.991733406218289204e+00,-6.251724182610640668e-01,-1.623665375894645102e+00,5.122815951066788109e-01,1.024376416971045423e+00
-3.054117576516103938e+00,-9.429880789045308465e-01,4.493522584666262532e+00,2.551277055666922866e+00,4.421506381254342033e-01,4.600257919949837238e+00,-1.235681533209825878e-02,-1.053353320921070146e+00,2.879317466133004544e+00,-2.101462568928600838e+00,3.091610273285801291e+00,2.604756516593584315e-01,-3.472687094489089521e+00,-2.170762320698405468e+00,-1.085320882935669307e+00,6.870785107488335264e-01,-3.121630884636452663e+00,-3.096413135850111686e+00,1.050297802087389876e-01,-2.910637558499634014e+00,3.002415764496233486e+00,1.548311313468061723e+00,3.201331979418930995e-02,4.175222447546767413e+00,1.677952084243925501e+00,1.276492368078101070e+00,1.712634485437435905e-01,1.980587322599508981e+00,3.721618010515899133e-01,4.589266954480503813e+00,4.823281826046066811e+00,-3.681226717100736234e+00,2.105198567919380537e+00,-1.469899861213981307e-01,4.036753873273852822e-01,-1.716877571221393062e+00,3.408248028104006622e+00,3.231356791058438205e+00,4.960826041508445527e+00,-3.339631685497246760e+00,1.745693732120473296e+00,-1.054011287444112988e+00,1.095904286086316626e+00,4.894138020555261370e+00,2.663083137857334748e+00,3.506427572580278706e+00,-4.714343317453328908e+00,-2.694978385228558704e+00,-2.898038659256688465e+00,3.519557925904631901e+00,6.589178408356548111e+00,2.364907574907443522e+00,-2.496165921456484860e+00,-2.581479024347898665e+00,2.255613821526689655e+00,4.266016790889641364e+00,-3.645867119557764546e+00,2.279841390471283535e+00,-2.820884469459870925e+00,-1.850459280233020420e+00,2.349503312629315666e+00,-8.351208939127610087e-01,-5.637216070050399264e-01,-3.407247728748065141e-01
-4.853713382018495892e+00,-7.376611193333868499e-01,1.387051204754346623e+00,4.006769005170877307e+00,-8.096872367794973879e-01,2.501435966616385009e+00,1.379501332086238818e+00,-9.916353637591455161e-01,2.990720963971593260e+00,-3.646803603695045748e-01,2.045148334439100157e+00,-9.556966389433779741e-01,-4.221177789666916702e+00,6.030191031132510204e-01,-4.500993707729638027e-01,2.072664962783054232e+00,-2.903328030805771398e+00,-1.623884510725744246e+00,-7.570313481777206643e-01,-4.859215203531224603e+00,2.623108018655871287e+00,2.552132598364787786e+00,1.248707347806718992e+00,2.426175830686848389e+00,2.142971880427956943e+00,-6.822070904208641373e-01,-4.144041525406434445e-01,1.754223356810066914e+00,-2.121517162856700001e+00,-5.928004133512194684e-01,1.267584822526110822e+00,-2.294920645597120057e+00,1.120642455447150132e+00,1.015129950932754044e+00,1.363133858770047446e+00,-2.080665234903402272e+00,2.008600011137230190e+00,-8.243741084361939642e-01,3.723870498543242036e+00,-1.185114960091591119e+00,3.691716318847839240e+00,-7.266560111636392039e-01,1.681863009970408385e+00,2.989689595156906243e+00,1.823652718644511062e+00,4.612394822131628658e+00,-3.535515458351893070e+00,-3.995628694550453219e-01,1.458649940105772425e+00,1.602493736678609171e+00,1.789826875814370277e+00,2.344349989735820206e+00,-3.823390728754980650e-01,-3.336080995447212594e+00,3.373718191841772018e+00,1.689303868041248879e+00,-5.065051270473019507e+00,1.628490633968393553e+00,-1.658552344388098065e+00,-2.772437846460718003e-01,4.822690396522975931e+00,3.001205840314032924e-01,1.194902354774213027e+00,4.942555843525820447e-01
-3.670351422843576739e+00,-1.541607816938499464e+00,2.247959526195878688e+00,1.212395664010471830e+00,2.181873933039683022e-01,3.526819901951609548e+00,1.871753809248520417e+00,1.557407373659306593e+00,-2.728654849533609372e-01,-1.889512484607531295e+00,4.088962899102108750e+00,6.319075317298605832e-01,-4.905706001116967307e+00,-1.387698946162758684e+00,2.233008173588078016e+00,3.380355769625249529e-01,-3.923392074315572131e+00,-4.753312832175293767e-01,2.207223232529631041e+00,-2.956989165840242961e+00,3.812013926504702610e+00,1.714188012454287424e+00,-1.456593313440144311e-01,2.953788375975509695e+00,-3.574260155484365598e-02,7.029217883922234122e-02,-1.007247505399452292e+00,1.220554452977251181e+00,8.845656013354061820e-01,3.884225934425198368e-01,-8.939579337699399275e-03,-2.221430843636978736e+00,1.390144202460690259e+00,1.435474053133846351e+00,8.864358109869124869e-02,-1.518894968196550455e+00,3.427157348422087857e+00,2.215918727911420749e+00,3.179178007124566108e+00,-2.332153935537176537e+00,2.698335267000560034e+00,9.326186890050476297e-01,2.363653970918798919e+00,2.260443919377984834e+00,1.250144331982230961e+00,2.843694423649571146e+00,-4.115910868356237096e+00,-1.043020902112900883e+00,-2.072829382950612143e+00,2.491096488299138656e+00,3.081175422205402636e+00,6.746118770049936986e-01,-2.575888285677928824e+00,-2.139712117986274809e+00,2.815811062788282637e+00,2.667742287195649542e+00,-2.809770802812753931e+00,2.681468320486708468e+00,-4.939863121744001440e+00,-4.568914525633134271e-01,8.321360572534040045e-01,8.075645397608106624e-01,-1.715386491544523828e-02,7.089493498060220888e-01
-3.297135338797276383e+00,-1.400332845041663887e+00,-3.569782194696347055e-01,2.534191752576022694e+00,3.585640171794065578e-01,3.034180369912311548e+00,1.400269291115978643e-01,-1.284650117125571755e+00,6.006512338740759294e-01,-1.777896858243378064e+00,1.320662233446454614e+00,1.310006880828257669e+00,-5.327535504745307904e+00,-5.233535130959148240e-01,-1.241324837580674245e+00,-5.771506331783105015e-01,-5.392501767129614265e+00,3.381678988289384957e-01,1.461587855065671793e+00,-4.805658335806011650e+00,2.751899495045244670e+00,4.087245426279666027e+00,-1.870967273988037416e+00,2.757268392846623062e+00,3.226507585158129299e-01,9.465195328534403707e-01,-1.016106396894442820e+00,3.084660605322573357e+00,-8.458951129069884889e-01,4.498685187437633237e-01,1.352706091413842904e+00,-2.406617404197656462e+00,2.075151539396615341e+00,-3.361215618038919661e-01,-1.862783657312402141e+00,-3.511220063010284775e+00,2.727173305262103664e+00,3.043667069049641682e+00,2.066156395825197833e+00,-3.067616405596315765e+00,6.940488988617499189e-01,-2.676674861249001225e+00,2.266558526336896140e+00,2.916769142988840269e+00,1.821323512397020172e+00,4.176063045354065473e+00,-2.484363736647241527e+00,-2.552844735863658343e+00,-8.673339671660726946e-01,3.069516982296051744e+00,3.478159641277245751e+00,8.037151701582497809e-01,-6.876786931769398592e-01,-2.900439069145460458e+00,1.135196237910764738e+00,3.746210855008897500e+00,-3.265552987216286507e+00,3.864577237608867399e+00,-3.878096760466922976e+00,-1.371135268528734574e+00,3.307834748435459549e+00,9.814968732777610283e-01,1.966314996363082157e-01,1.586389792395590081e+00
-2.296460579652018552e+00,1.737520296550873145e+00,-2.931930400798847813e-01,1.506649024180072960e+00,1.036904493585906195e+00,3.767969437261465160e+00,1.274960992570924212e+00,-8.539464295657528403e-01,1.819765894447431087e+00,1.200685097018210357e+00,2.397882644402928864e+00,-2.137384973584484094e+00,-1.426549506726781935e+00,1.574940502395235642e-01,-1.313551739318570943e+00,2.718617845427360180e+00,-3.022812487743406162e+00,5.389426308301239477e-01,1.534781716160428688e+00,-1.673183312456525851e+00,1.449714580661162655e+00,3.442781120574663234e+00,2.707923363462434452e-01,2.964845330985358629e+00,5.912032452245703951e+00,3.721154386345498111e+00,5.729782290842767578e-01,2.417254599845668483e-01,-1.547420404988779863e+00,1.616067893954514556e+00,9.978225439566683619e-01,-2.923038946661576709e+00,2.452984317286866389e+00,-8.196734109164414139e-01,5.864718842725296089e-01,6.074285934810954579e-01,3.604775679516181164e+00,-1.978383958859524228e-01,1.775815178995182597e+00,-2.612279010483659736e+00,4.364939245808587831e-01,-1.748952603930711946e+00,-8.517551459900878363e-01,9.343568501301335871e-02,1.817857921885505768e+00,4.499437904933390797e+00,-2.680800930101023827e+00,6.100068461265093500e-01,-2.882151049226775452e+00,1.658432887184934756e+00,2.678284204770426946e+00,2.109843743566163887e+00,8.973049441210978472e-01,-1.327183204756273716e+00,1.672793304098285194e+00,5.493126456113237133e+00,-4.665633427442656078e+00,-5.000621636481556997e-01,-2.392655929892821387e+00,-4.122141685068096972e-01,3.244774853659602609e+00,2.237897497450276774e+00,-8.158641822705517965e-01,-4.934880795377073470e-01
-3.219077679842011097e+00,-6.069228208130279523e-01,-2.245177365961898985e-01,4.103547063150628560e+00,1.426758804266882841e+00,2.016740051983849646e+00,-1.629436292745110260e+00,-4.310883551271138536e-01,2.184367392633596250e+00,-8.665145561837943600e-01,1.883646860631631892e+00,-1.058745782742535280e+00,-4.405191988666450342e+00,1.097569391398434124e-01,-2.330851671713833007e+00,1.434665867474858914e+00,-3.931939416522035824e+00,-5.522087882870482245e-01,2.403545419724218979e-01,-3.904304192931291162e+00,2.545471969628762654e+00,3.380776209140488042e+00,7.969913573739602075e-01,3.152172689804672245e+00,1.931092261842840108e+00,5.469311332415194293e-01,1.159261966647114228e+00,-3.950909050593247596e-01,-9.680228323078206021e-01,1.232122141876326182e-01,3.512558625263773937e+00,-5.160471108762798131e+00,1.592836957345025173e+00,2.186672517247560066e+00,-1.045136760358700512e+00,7.575940548996273893e-01,2.880797206988273906e+00,1.466996413173535574e+00,3.134341573107820356e+00,-3.547676511909529040e+00,2.261105045077119957e+00,2.003395452397116472e+00,2.990018269146306196e+00,1.197945016118969974e+00,1.989440762122992812e+00,4.655336744990812292e+00,-3.093477962646516310e+00,-3.712674497161003173e-01,-6.982171655772191343e-01,2.466029190397154292e+00,4.694188622004571876e+00,1.426921877913634562e+00,1.130105366067863493e+00,-1.290768137708395047e+00,2.709161324414834926e+00,4.192829412315327353e+00,-5.196172521686226453e+00,1.635816752932336193e+00,-2.140444491858326082e+00,-1.572811434961582933e-01,1.932960784607573812e+00,1.292992956866358067e+00,9.999285192644686848e-01,-9.493503259440949638e-01
6.395727645155391272e-04,-1.045624505392640291e+00,3.614422414218130264e-01,-2.267854045688149967e+00,-2.265111581846824595e+00,-1.215773501794868316e+00,2.658766313732769504e+00,-1.536059297739588825e+00,1.238580835942062697e+00,-7.552437177254918144e-01,3.893053070643256675e+00,1.609823948789079306e+00,6.715953215852571434e-01,-1.260358012407425843e+00,-1.106458877945884378e+00,9.498979234313015274e-01,2.469778772852975202e+00,-1.536542482095655915e+00,4.763014367350696610e+00,-2.818011000049999382e+00,-1.490193265952406643e+00,3.877126692433560118e-01,-2.043688236556001403e+00,1.331029390740378959e+00,-1.460045141499933807e-01,7.537755965894659127e-01,4.202249363815923289e+00,2.459871507632414911e+00,2.203001442751264527e-01,-4.350438959196905042e-01,-1.423002383830185069e+00,-8.729003970737876372e-01,-4.857952438340895185e+00,-1.044708989643398978e+00,3.178013706021899920e-01,-1.259884360869520048e+00,-1.624135922104882113e+00,-1.480954481328027983e+00,2.120940551872395829e+00,-2.524714979043217067e+00,-2.714162548839969880e+00,-1.760352103287459613e+00,2.095719020308879799e+00,-2.988096124888374394e+00,3.820419733918596794e+00,-1.203831663739654445e+00,2.549455776438076526e+00,1.031559171488648952e+00,9.277636314665904660e-01,3.784682051437696648e-01,1.652643022611851809e+00,-5.497804884130184089e-01,-4.444710830538173063e+00,2.843735485881089264e-01,-1.296436336055567962e+00,9.206829410505000810e-01,-1.655878990440702303e-01,-1.536259542062672789e+00,-3.246693762437864450e+00,-1.566456724147462953e+00,-2.476343546300320497e+00,1.187313510005404860e+00,3.851850172192572419e+00,-1.604602524232951577e+00
-4.216948550705484355e-01,-1.123411098268426889e+00,-1.779396232931062194e+00,1.917522212009133753e+00,-2.747227175575797098e+00,-3.535840934361954346e+00,3.938685459488025842e+00,-1.823742325194411373e+00,-7.639653200562823709e-01,-1.173903672114313235e+00,3.185282503486691841e+00,2.081776364113484767e+00,3.493822258172095130e-01,-1.832862577182760022e+00,9.598560497473211939e-01,1.694623030222206728e+00,2.069708744747329021e+00,6.639396626250593236e-02,2.863726390864499649e+00,-9.617052997225066235e-01,-2.261053319488601776e+00,1.009900386144201523e+00,-1.019406606532453630e+00,1.414779026931303196e+00,1.817626528912250627e-01,3.878760249383893743e+00,3.401584827402430289e+00,1.638406655761982522e+00,-2.109756059662206695e-01,1.769359471387338845e+00,-1.281615390058638004e+00,-1.774303940953414038e+00,-3.846247702135134894e+00,-1.613393253012734618e+00,5.110792465201997592e-01,-2.383969576520406086e+00,-1.425037935855617999e+00,-1.260541244373176495e+00,2.212796242607632635e+00,-3.022253138130484906e+00,-1.984966567681041072e+00,-3.909590417300512488e+00,1.025575786435312997e+00,-2.202606704830296636e+00,1.550856958828706000e+00,-1.605178025821150656e-01,3.074238617915583394e+00,8.955216243812360588e-01,1.685815272324062031e+00,-2.135101330673846665e+00,3.071769662000571000e+00,-9.854913853545076430e-01,-3.169310009761042934e+00,-2.008211187222618044e+00,-8.921919774651312363e-01,4.740490196795807409e-01,-2.274335499689434048e+00,-1.499016476577101908e+00,-1.774006506858741172e+00,1.006005033186707864e+00,-1.783064949614024952e+00,-4.306639635546609668e-01,1.258771670086503036e+00,-2.379248399304510819e+00
-2.424542280921437420e+00,-3.833155408530208863e-01,-2.352748185276094528e+00,-3.114330788447657872e-01,-2.585874480025788458e+00,-3.964230472625793755e-01,8.339248004897159561e-01,-3.526584748396741187e+00,-1.573856281914477684e+00,7.402543142189366154e-01,2.278912056228503680e+00,1.179277320392657646e+00,1.412222012309066743e+00,-2.441836240742172315e+00,1.088280541584900618e-01,8.663787954822804727e-01,1.712031800984792795e+00,-1.361208619821515864e+00,2.934901580187740944e+00,-2.096157466105384781e+00,-2.541111268470130469e+00,9.917548095581502077e-01,2.902336333342090402e-01,2.444996933165155095e+00,-3.344038481577204180e+00,1.756309877066720482e+00,4.276456084621324649e+00,4.175996939346481973e+00,1.315835067522840962e+00,4.446930702840090621e-01,-2.147163374571858796e+00,1.603680160390609011e+00,-7.000675470135742096e-01,-1.314584179193210911e+00,1.487479179206990132e+00,-1.912510785003212588e+00,5.072563652494741504e-01,-1.408857137060183007e+00,1.135811322431086401e+00,-3.479269024896260554e+00,-2.197810450058778731e+00,-2.137428576688291670e+00,7.220168893661862430e-01,-3.090415502021328642e+00,2.180236218631401712e+00,-4.742150875867439108e-01,3.329707204252358999e-01,-1.191039329955166481e+00,1.366200522259730210e+00,1.705170564265215405e-01,3.980625137156126758e+00,-6.766987046590019483e-01,-4.901541132009204382e+00,1.152773814142793452e-02,-1.300134935623257437e+00,-5.962116915645900850e-01,-3.705417748723458082e+00,4.178335112587769906e-01,-1.725963912738658568e+00,-5.125896769163558186e-01,1.561693316669852560e+00,1.270910240668450264e+00,2.002983157657968416e+00,-2.553476523028316514e+00
4.507795657617587048e-01,-1.788068225501759478e+00,-1.171749434405769730e+00,-1.069092327650929430e+00,-2.058388820485073101e+00,-1.444347409867782872e+00,1.503152623826449874e+00,-3.462197534812369248e+00,1.702620474738987255e+00,-1.355674578812474884e+00,2.567117071126041594e+00,2.134279110867130846e+00,-1.822751724460324851e+00,2.918915897957061745e-01,-9.763117908496209418e-01,1.213935493902011276e+00,-9.530880319617724972e-01,-4.212621529182662972e-01,4.794335371762631581e+00,-6.927020509574701723e-01,-1.475279289039755248e+00,-1.628329915884270118e-01,-3.877971164408419158e-01,1.037317452546733021e+00,-2.647618737282262380e+00,2.143587085715573881e+00,2.750911145663676116e+00,2.893737195159150399e+00,1.462902269073471651e+00,1.371019170875664939e+00,-7.161367615084802685e-01,-7.941340548806496979e-01,-3.830645013957325595e+00,1.319579160742569979e-01,-1.447521943532727118e+00,-4.423971697060252062e+00,1.177512461221323026e+00,-6.221358858739187703e-01,-6.522104287588570415e-02,-1.488819425064927149e+00,-3.847562171362791883e+00,-1.239389891986082848e+00,2.279315225517044574e+00,-1.896251091110760401e+00,8.540149314656628743e-01,2.120069494153648648e+00,2.748018369623293822e+00,-1.478043770873753937e+00,1.337742134339710454e+00,7.023516563119626133e-01,1.881859826969521698e+00,-2.451266636847470703e+00,-4.015470522980765011e+00,-3.916962391088240070e-01,-1.664119865180431423e+00,2.663580326009307164e-01,-2.196902995953703641e+00,-3.130414371848343258e+00,-2.253484963680465469e+00,-1.175897346377174468e+00,-1.845763979602208726e+00,1.308328592085688191e+00,1.086780843578427858e+00,-2.411401447021288114e+00
1.177805192193556172e-01,-3.817067588492150665e-01,-1.738197907439530177e+00,9.875432041941296646e-01,-1.188266134490967740e+00,-1.070509150515791763e+00,1.108750493173816798e+00,-3.486429494569352805e+00,2.321196286616414861e-01,-1.681061317039575176e+00,1.639162928713964185e-01,1.141591305519188193e+00,2.526842092941221085e-01,-1.525684814563112557e+00,-3.426583129862950106e-01,2.659650759320336455e+00,1.187516139996331654e+00,-1.354144294880529342e+00,2.106926579129909882e+00,-2.129017448317969130e+00,-3.004372798383398102e+00,-1.029150148744311544e+00,-3.565541869244839290e-01,1.890720029414056480e+00,1.417908156258090635e+00,1.578772991188653663e+00,4.741319505222735486e+00,2.169094772590296927e+00,3.296164560241962249e+00,-1.255428416207349684e+00,-2.801656397812382071e+00,-7.775300556019969500e-01,-4.531997005144805968e+00,1.107269419664195675e+00,1.354655523325685174e-01,-1.334764358884601210e+00,-1.908429717767731459e-01,-2.426960737728818707e+00,5.437568508462384820e-01,-1.084059021441276860e+00,-3.370950119219812802e+00,-1.938777666588028081e+00,2.392419558611942332e+00,-2.489572510309444375e+00,1.872119622578390041e+00,1.666025726542203378e+00,1.495532250584237444e+00,1.419333306817029738e+00,1.927819571701148815e+00,7.083023613731757040e-01,2.200390472684971677e+00,-1.939471239931023439e+00,-2.454777624360536148e+00,1.640354341446721431e-01,-1.468637520762247517e+00,1.361449161592415358e+00,-2.261400414005259929e+00,-2.676913893478126916e+00,-1.776389548832277399e+00,-2.320752283820158635e+00,-1.986242999265154241e-01,1.561021053326248964e+00,2.355496339120633387e+00,-2.315433609621949440e+00
-8.486683251930244865e-01,-1.091617778440048259e-01,-2.518962794165593877e+00,-9.487700032758986657e-01,-1.597942154150437943e+00,4.401777450551860316e-01,2.112612603896227625e+00,-1.006577316279085421e+00,1.805135240626855486e+00,-6.210659538260053791e-01,1.676591366088747481e+00,1.126360738831902575e+00,6.665064018420868708e-01,-4.907433755789358809e-01,-1.597163332541411851e+00,1.033560855887275753e+00,4.588600642004903030e-01,-1.840172820266177345e+00,1.512020474318149565e+00,-6.987359208286927359e-01,-1.430502006698661788e+00,-1.140020965485233795e+00,-1.198100261123456800e+00,3.105336647274981487e+00,-2.446659966379507001e+00,1.679552006047386969e+00,2.564285916271920041e+00,2.423262364699543703e+00,4.231103944453854737e+00,1.234838331120226562e-01,-2.931448721609279939e-01,-8.055695879252908753e-01,-2.511346897302590087e+00,1.202642312975717775e+00,2.438918612745077041e+00,-2.346459559020164676e+00,-1.058902838555553005e+00,6.153999059029240382e-01,1.316805659355952507e+00,-1.506348754348342478e+00,-3.008853675094116387e+00,-2.024191297379672960e+00,2.643257926176154182e+00,-2.293912542155455370e+00,2.866100796691410491e+00,-2.342490601522372318e-01,3.315452909185744534e+00,-9.625679634620900593e-01,4.523667527081203232e-01,-1.523643134577486569e+00,1.041132195752038747e+00,1.887462809669402386e+00,-3.472834038476921847e+00,-8.035231085050947852e-01,-3.331152495535790958e+00,6.353920145248131979e-01,-2.822525381607052353e+00,1.055219637265162991e+00,-8.158683218001836490e-01,-4.927316794832939939e-01,-7.503785032133420962e-01,2.063678603985536153e+00,2.035440473500760739e+00,-4.300555420250733452e-01
2.957509132723349365e-01,-1.097370794862613685e+00,-5.909733631561814304e-01,-7.360155034353290660e-01,-1.444680486245654372e+00,-1.892776987628910890e+00,2.729420863248047446e+00,-7.882432907732574989e-01,-5.341179548821450851e-01,2.272167842545979033e-01,3.822281010263193224e+00,9.817452410553066944e-01,-2.547606286588255831e+00,-1.259462788272644129e+00,-6.558228824586675998e-01,5.417806418195700857e-01,3.503214668979212743e+00,-1.504204895403016717e+00,2.014546563477404462e+00,-4.290751225914775091e-01,-2.260398998785021707e+00,3.251271347984346916e-01,-3.282448398673815104e-01,3.475694314909374416e+00,-2.007109650534206757e-01,2.593211134335022816e-01,3.403828736736465022e+00,5.360873788133546647e+00,9.954688659322237232e-01,1.285743890533348754e-01,-1.481438036479769460e+00,-1.182277969645878724e+00,-5.180058363539809640e+00,2.788491388105358570e-01,1.417897369080157066e+00,-2.933913064308605989e+00,-7.594928875906570287e-01,2.253325048445963485e+00,4.546476048037594309e-01,-3.785678578815081519e-01,-4.513982435329731757e+00,-4.846123986777703951e-01,3.685983298961731602e+00,-1.610565933246569603e+00,2.356758242026170791e+00,1.872248436725076903e+00,2.147126028369487294e+00,1.335485457543878374e+00,1.854471182100553950e+00,-1.553233756382837338e+00,3.680251986590809654e+00,-1.602494391327032641e+00,-3.593646373282716411e+00,-6.624864232843830081e-01,-3.155115379136845810e-01,7.799427142488238873e-01,-2.695882197446203055e+00,-4.866334084520135272e-01,-7.949957561697822417e-01,-1.280033359742160037e+00,9.765316095242737582e-01,1.505103558065741476e+00,2.868257068127228138e+00,-2.653172621362494432e+00
-6.688996648372189657e-01,-2.162149392974435536e+00,-3.758015274684680662e-01,-1.771916442735179453e+00,-4.107111062285682124e-01,-1.783978824306836852e+00,1.159586771917984205e+00,-2.269260172622886707e+00,2.687834866086928010e+00,-8.403276297843211839e-01,1.721478607509099090e+00,1.804496875705409620e+00,-2.199031002279840941e+00,3.521157563632359988e-03,-2.160974570007856865e+00,2.056473567379745404e+00,9.042376861420482470e-01,-1.771404853641701083e+00,2.530423186320633899e+00,-1.175351715427032540e+00,-1.626110783838209173e+00,-1.651293322752784842e-01,-2.432124335769380252e+00,2.061609581244019385e+00,-7.859403617642473083e-01,2.586449117588828450e+00,4.507489052172344302e+00,3.386225313403496084e+00,2.585914983330987127e+00,-2.367714423894010656e-01,-2.095494443850841826e+00,1.223827164621583474e+00,-3.231392746956295525e+00,-1.416354884290344507e-01,1.592529512919619306e+00,-2.714558577017033514e+00,-1.050343688448715174e+00,1.575454940435039308e-01,4.183971555967562761e-01,-2.772881322520576397e+00,-2.712811702390730773e+00,-1.938406213965179203e+00,2.958109950644893349e+00,-3.606969516864260150e+00,2.462547583672615392e+00,-1.314069103714498477e+00,2.775920947905024860e+00,4.649163119794512133e-01,2.572135644246027475e+00,-7.737963530483534802e-01,4.978626350437828307e+00,-1.696981918421921920e+00,-1.976644881397212394e+00,-3.441365606071744576e-01,-1.141204987989210995e+00,-1.361305540139946535e-01,-1.597643733363347085e+00,-3.761848224326425072e-01,-1.786767046414881044e+00,-1.883078012014262947e+00,-1.470341915805262634e+00,1.310930951524455601e+00,2.485381350007755508e+00,-2.994748539559062284e+00
7.388116512566842431e-01,-1.350700948636464283e+00,-3.787529407108126023e+00,7.146724504091412911e-01,-9.658571962554827195e-01,-2.771216207212175320e+00,1.503180070058293794e+00,-2.751485746798028043e+00,9.281047767054662057e-01,-2.748948142133736949e-01,4.046942881052157048e+00,1.677578796798980809e+00,-1.554830265584731475e+00,-1.939709744857261109e+00,-4.445191202294742627e-01,2.188996933825356983e+00,1.249114931116900751e+00,-1.318240194450991165e+00,2.832499681321687390e+00,-3.116946603320175146e+00,-1.613324134933474374e+00,-1.797875194244635821e-02,2.394374128472276375e-01,7.617752664783903338e-01,-4.934438738765539179e-01,2.572257750562020107e+00,2.475164524948295419e+00,1.589536090879757335e+00,2.649960211456657611e+00,7.007341421823656269e-01,-1.805791243690312076e+00,-1.087552129446985427e+00,-4.684814613958269369e+00,5.873878884661665190e-01,9.386509498538626595e-01,-2.358116410946255570e+00,-6.965871535899326172e-01,-1.483852286274104593e+00,1.587463039981675816e-01,-3.205769972908099952e+00,-3.115014518698275392e+00,-2.127635710010922221e+00,9.000838261335759594e-01,-1.656978418749455839e+00,4.849922952618890726e+00,1.411000214625618865e+00,3.234295629909089698e+00,-2.005101236457590974e-01,7.463729599961019812e-01,-4.332107175298046675e-01,1.832338004836036482e+00,-3.422075496623844248e+00,-2.861659534924580583e+00,-1.132409729812247079e+00,-1.057700152997716581e+00,6.979426493557755462e-01,-1.507245316250101386e+00,-2.929609162869858618e+00,-1.833135603878942144e+00,-1.139570773817826232e+00,-2.587837397996437527e+00,2.179189606257622369e+00,2.161682202606045600e+00,-1.934405569434767713e+00
-1.182377925177891420e+00,9.461575640938240106e-01,-1.421304122510978152e+00,-1.474541154802088805e+00,-2.369872720312170777e+00,-2.717126698254115791e+00,2.221188571442538340e+00,-1.725006368356023057e+00,1.060095980534402127e+00,-2.089199218225611610e+00,8.888022169016336349e-01,6.224623773759764278e-01,-1.976232268682343474e+00,-4.023612527351457802e-01,-3.323426830512034247e+00,4.699733036795964436e-01,-7.978157294234460295e-01,-2.818008326630768501e+00,2.868426423546736270e+00,-3.543034248028686939e+00,-2.595768046230623849e+00,4.053066684458421776e-01,-2.081395439237938572e+00,1.947484457179020856e+00,6.386071110044655441e-02,1.971141513068521256e+00,3.209404727919916489e+00,3.017268151297810785e+00,1.835570099781858033e-01,3.272512323470208040e-01,1.106611826381767028e-01,-4.983696738402538795e-01,-2.660248432399762386e+00,-7.121643274807870627e-01,1.589836542744912595e+00,-2.349103983575764332e-01,-1.795488896623889108e+00,-2.891414837808515159e+00,4.867873729235526747e-01,-2.967765795032154319e+00,-2.157122092894073084e+00,-2.923654237207435003e+00,3.729680884720491640e+00,-2.704779469375156342e+00,2.530352317007912966e+00,4.597857216055130092e-01,2.178011219420037836e+00,-6.545623466570115179e-01,1.932925453478520295e+00,4.185741570983330107e-01,5.225042135409437627e+00,8.943898869634081539e-01,-3.372695536783489878e+00,-4.389738162862724113e-01,-1.488012167315275081e+00,1.700345659115349406e+00,-2.299510666015845306e+00,-1.753150618608767752e+00,-2.944682127802991989e+00,-1.100779511746612593e+00,-6.075859208768730202e-02,2.093733247015590493e+00,2.443835869343316425e+00,-1.969129347717223588e+00
3.916990328085427908e-01,-1.460966415481632197e+00,-1.461821978990554882e+00,-1.231356165901160260e+00,-6.109590138298953699e-01,-8.726296398879557215e-01,2.710947712685471522e+00,-2.540088268554263173e+00,1.714865504808508856e+00,-1.289522961315925365e-01,3.425609051562265250e+00,1.298796692365658423e+00,-8.349836881583307946e-01,-2.329510634923583012e+00,-1.552172912652473480e+00,1.139883912372363417e+00,1.187622537555186097e+00,-1.899226443263890118e+00,3.882362764125179222e+00,-1.347895830407372930e+00,-1.806757481758037409e+00,5.076177640007919489e-01,-5.366049546552060789e-01,3.147172806906048059e+00,-2.448697652007971293e+00,-4.156002977149531041e-02,3.429583942209101011e+00,4.084429097947555931e+00,2.532992658723145496e-01,-4.513295506277453795e-01,1.022143571511418880e+00,-1.638908722552102626e-01,-1.530473477448480057e+00,-5.550586853362272644e-01,1.083913976506867272e+00,5.202079440051754489e-02,-1.145958886544458100e+00,-1.943500986422690202e+00,1.335592481931219266e+00,-3.339039048316822189e+00,-3.152899145485300814e+00,-4.740928885841264595e-01,4.005232828395586253e+00,-2.047317004093432313e+00,1.326279358852534340e+00,3.612540070496351730e-01,4.595852834210957027e+00,-1.552494046685326978e+00,2.620512902742285988e+00,2.675382971320457992e-01,2.701155964578413560e+00,-1.756750169442636178e+00,-2.522104134352356475e+00,-1.526346255855928646e+00,-1.036149489770649801e+00,-7.889535214164866694e-01,-2.891680007347947612e+00,-8.665654772775459591e-01,-1.737179093689832365e+00,-8.224388139307184931e-01,-6.383735331634248222e-01,3.414840568019760436e+00,2.710924446042543234e+00,-6.570580898755224997e-01
-7.712360133973121812e-01,-2.368286941433491499e+00,-2.232576096108853214e+00,-1.969309093750492679e+00,1.570852750385474117e-01,1.439811312776373420e-02,2.336311043285510536e-01,-2.931759216790193356e+00,1.099520962748957942e+00,-1.569938180714456344e-01,3.373305944425172509e+00,1.542052177463361984e+00,5.777192932128034641e-01,-2.959651189442314312e+00,6.769056489003131283e-01,9.024901549044997973e-01,3.258108132948675628e+00,-2.413358457920689037e+00,2.159316287057139405e+00,-3.400868879422292768e+00,-2.728671747442303452e+00,1.595449162944883703e+00,-7.696727874749208498e-01,3.974472528216944411e+00,8.319340513813933136e-02,5.338737816075503906e-01,3.567248249474898270e+00,3.204655177689730294e+00,3.315843692986510938e+00,1.032057265357485765e+00,-1.298200628458109351e+00,-3.125313283720014823e+00,-4.170435496430048516e+00,6.759405092776700208e-01,1.355357014632862178e+00,-6.082953166030669045e-02,-1.813795464578625172e+00,-9.750688650218419795e-02,-1.813976870311674539e+00,-1.312102270251901182e+00,-3.300866612260989985e+00,-8.779579870853966295e-01,2.738290346864852509e+00,-1.775061867950162187e+00,2.580949412556675870e+00,-8.253005928580886552e-02,1.418261919281343264e+00,-3.526639581028620518e-01,1.368651413055172572e+00,-9.306769386105425701e-01,3.502030472472417610e+00,-1.082959688240329621e+00,-2.960613406562973005e+00,1.019693347270127504e+00,-5.394238633964572038e-01,-6.464368659440755671e-02,-7.821121599509115452e-01,-9.006881104010713290e-01,-1.929986416273069993e+00,-1.117704252765568951e+00,-7.664662417467813516e-01,7.668673971769377484e-01,2.705145813472805472e+00,-2.338452837177406263e+00
4.293028221084016494e-03,-1.881672195513816259e+00,-1.617721212911479522e+00,1.607552456291827525e-02,-3.050089777819604553e+00,-7.997783616068424584e-01,1.837339636230850282e+00,-2.321401071200126065e+00,3.851563335415897904e-01,-1.962959119510179651e+00,3.992187195678444489e+00,2.043169172312649273e+00,7.322869595556262823e-01,4.433982365246234014e-01,-8.668652459773714680e-01,1.960137036157409307e+00,1.759910692058968884e+00,-1.535239419590663790e-01,5.328885975677852826e+00,-9.089775735025951153e-01,-3.123137125619448007e+00,-1.828675651964366544e-01,-1.039104405470951287e+00,3.369340818990895770e-01,-2.933260637851673902e+00,1.256470876507272516e+00,2.602279218085596035e+00,2.850508542395504996e+00,2.753836805960619749e+00,8.107358056730855633e-01,-2.396577415276240686e+00,-4.203867348197185549e-01,-2.919380971445964423e+00,8.148197413363282848e-01,1.372059094977760907e+00,-6.250533392771224772e-01,-1.628635501108318673e-01,-5.926029951066986712e-01,1.871022339326005035e-01,-3.328313336912526843e+00,-2.461596541249811310e+00,-4.099638606043640721e-01,2.192971749400452364e+00,-2.584929869688065818e+00,3.346015504617890102e+00,-1.158377484928907908e+00,2.732470106801613507e+00,8.766186398839983518e-01,3.732326667228934802e+00,-1.277964684126868256e-01,4.921956222364209488e+00,1.376883239414248283e+00,-2.690611536485455701e+00,1.566189315620821088e+00,-1.721117901075817747e+00,-1.060535704771628618e+00,-1.696701301807880480e+00,-2.482018942094104563e+00,-2.185872760132264947e+00,-1.464799128108988935e+00,-1.953709016186223391e+00,2.100274749778249461e+00,2.889124244272972764e+00,-1.339410185292745137e+00
-3.161147301553448585e-01,-3.156079422135146029e+00,-1.195678284810822722e+00,-1.683378420274214804e+00,-2.476747877153933075e+00,-1.770591665765634870e+00,1.609187695092180626e+00,-3.022196393202890352e+00,-1.002446426917831257e-01,-7.850311253082842278e-01,4.316392383750896400e+00,6.327974343697574389e-01,-1.045829397808712979e+00,-1.057854954358831812e+00,-9.395179033709804006e-01,2.351644847833177288e+00,3.105759631959040590e+00,-6.524876182146477355e-01,2.763756506837649507e+00,-1.861305892489493852e+00,-4.007733320152460976e+00,8.294111744822516563e-01,-1.357658376130488342e-01,2.425297719937536733e+00,-2.482888607100381062e+00,1.027137181729132376e+00,2.569256950575552700e+00,2.282494726230168247e+00,2.671977559823544901e+00,3.198269079815418969e-01,2.591300428354044172e-01,-2.770329454418785087e+00,-2.449878320556816647e+00,8.169598272321094701e-01,-1.991173643631876100e+00,-7.520722385692689693e-01,-1.179524159214973666e+00,-1.854925854825379306e+00,2.714914680562263261e+00,-1.538004980864725590e+00,-3.455758865920558254e+00,-3.805288484614181677e+00,2.108269346256856913e+00,-1.737519425530403394e+00,1.396258323293297687e+00,4.669359623018543570e-01,2.470692272777263554e+00,-7.338307332509264036e-01,2.946546197746235940e-01,-6.553025833907232256e-01,3.441246132342881570e+00,-5.470822791131526586e-01,-2.645910715968862181e+00,-9.713362634920785776e-02,1.878052305108119491e+00,1.780054170930395196e-01,-1.290829536534711552e+00,-3.734666339127691304e-01,-3.341990590021079122e+00,-1.073227011116938412e+00,-2.106104502686894975e+00,3.147359230214441972e+00,3.765445285799621011e+00,-2.857499691354540516e+00
-8.896937698958996554e-01,-8.896503510666979864e-01,-1.904811163901673154e+00,-2.461468197393888779e+00,9.509502861654466344e-01,-7.489584443886553311e-01,1.180067924697725257e+00,-3.227024169026392997e+00,1.127893065491565316e+00,-1.286777625709317974e+00,2.698314865921283445e+00,5.890345593375950761e-01,3.481501106240674215e-01,-5.159219510453962876e-01,-1.453648674149966347e+00,8.165105107855857858e-01,2.558302886020537681e+00,-2.373923952047912067e+00,2.891195023592531221e+00,-2.627197934370105514e+00,-1.800958447088433445e+00,1.567384775804471442e+00,-2.401380584119520378e+00,2.723094693355077922e+00,-1.900906400488151293e+00,5.818012768027358561e-01,3.016611592674514508e+00,1.566258578647405253e+00,1.899634706293129582e+00,-4.794575958176403585e-01,-2.101909698040175911e+00,-7.756243459672593765e-01,-4.860290321464501240e+00,1.566554265659754641e+00,1.621827765058763582e+00,-1.239854119396956778e+00,9.203765282030649253e-01,-2.893982838776564037e+00,-1.847539292087953644e+00,-5.914939608253479975e-01,-2.965365083108056687e+00,-1.920636812269975513e+00,2.807213105422795785e+00,-1.676570012550950173e+00,1.998632789096140172e+00,-3.287689414869271465e-01,4.290552198404938622e+00,-1.886158091711347962e-01,2.849586763781176479e+00,-6.635555411473894605e-01,1.795807775201283762e+00,1.052616774530137578e+00,-2.256701945959255440e+00,-1.558396253241368434e+00,-1.447391921997713826e-01,4.216350133201925421e-01,-3.787377556768451115e+00,9.417330042362181963e-01,-3.145801449014471451e+00,1.161208695672806268e-01,-4.664083091048709662e-02,1.414074067558448888e+00,3.038322135679266900e+00,-4.161417518653355074e+00
-1.241997030517322242e+00,-1.341685570678428974e+00,-2.744619359968996086e+00,-1.304374053881018236e+00,-2.958857140543493358e+00,-1.103741948168828424e+00,3.086361053782001873e-01,-3.373196991880834883e+00,7.781730056671892770e-02,-1.946899035484327856e+00,2.603899300149370433e+00,1.240769778294017911e+00,-1.060762743153921273e+00,-1.669836092271958616e+00,3.331515084101692725e-01,1.145779172202263663e+00,2.053080132605766828e+00,-1.668424483140130476e+00,4.002221137063308731e+00,-1.697326326836324784e+00,-1.556982120774778711e+00,1.016865155158213074e-01,-1.686044910980917244e+00,2.979587970409993680e+00,-2.862203189968362427e+00,1.172707348890135615e+00,3.184635180727599657e+00,5.605442832558909849e+00,1.210014375974864942e+00,8.784116157695809335e-01,4.588095702740326853e-01,-1.426277269386889701e+00,-5.747623283293322061e+00,-2.005333032778261693e+00,-2.888279507643249922e-01,-1.085997814838764342e+00,1.468082060514820375e+00,-1.030614583351377567e+00,1.484972705039547813e-01,-1.327226132274802017e+00,-4.398735855338083311e+00,-1.004839370309811963e+00,4.044693302293993042e+00,-4.253113184353283227e-01,1.243564849491038515e+00,1.555552534965560785e+00,3.943039179980216247e+00,5.171851843209416266e-01,1.786321900996330481e+00,-2.521049353326865194e-01,3.841958150892178292e+00,5.431051053592605982e-01,-2.849038309798086033e+00,-1.168821132246626426e+00,-8.120769719593536884e-01,2.044515725609842960e+00,1.712978756489227372e-01,-1.233712929067884545e+00,-3.646755003003363527e+00,1.790719626505911100e-01,-3.085812837524600782e-01,1.646035796642641102e+00,1.513344634274022216e+00,-2.234237982197603056e+00
-2.460974337496416864e-01,-1.162829904292153937e+00,-1.553246327879698852e+00,-1.350686864139604815e+00,-1.269857352730461297e+00,-1.612270482746791966e+00,1.651220137312408465e+00,-1.197672108276086611e+00,8.176237929438270324e-01,-4.943509292862928728e-01,1.136331512952105660e+00,2.247167212207499265e+00,1.368542469624535185e+00,-1.053564732355880329e+00,1.798588696749858329e+00,-4.127200589191326596e-01,2.290783903936873145e+00,-2.481462615025637142e+00,2.573857714239647265e+00,-1.489919211283379452e+00,-1.279486204777049441e+00,2.122350332504561621e+00,-1.083603083445318083e+00,5.841902863059231787e-01,-6.499519486267933965e-01,1.402555336735930469e+00,3.773173397499137049e+00,4.244977441512143734e+00,3.823156383524314528e+00,1.278665623070776469e+00,-5.515494108677611029e-01,-2.593851538149154923e+00,-3.043154569831303391e+00,-5.266706470663952144e-01,-7.149235706076741970e-01,-2.792699165513853998e+00,-1.041708922871955156e+00,-5.471368427323982653e-01,-1.442216020389637254e+00,-2.221869098426803912e+00,-3.709378793415840647e+00,-2.597510844110087369e+00,1.307425805372767424e+00,-3.220692044386306740e+00,8.553780857962709483e-01,-3.327450480483141737e-01,1.889498458013365134e+00,1.354498482092673761e+00,3.495542134588543348e+00,-1.883645613618455172e+00,4.620462442560061334e+00,-1.215617839578096770e+00,-4.727324882508477266e+00,-1.356251245801738392e-01,-1.111896826428038665e+00,1.319899742745554549e+00,-2.137464494460977527e+00,-2.992202906480240454e+00,-4.429933289785488171e+00,1.328838114252980374e+00,-7.385349083611448817e-01,4.628148116370153220e-01,3.517792946660351916e+00,-1.995666200378398258e+00
9.375495384007750399e-01,-3.879419139117777915e-01,-2.719563871737449734e+00,-1.555277033921397045e+00,-1.226336760669286985e+00,8.187550351492960399e-01,3.364263690484289082e+00,-2.062275382024538306e+00,-1.286790198974169908e+00,-1.132248777794506722e+00,2.517605273249356124e+00,3.844641874256536251e+00,-7.430164187732437586e-01,-1.454646774911353635e+00,-3.237887166542239292e+00,2.263066033509228969e-01,1.303835963339734505e-01,-4.864268751954563541e-01,1.386197670971432760e+00,-3.080646107066179695e+00,-1.532466150962703111e+00,8.154418453059864014e-03,-2.350977468037629414e+00,2.014937320126622300e+00,-3.840194731081575164e+00,2.119705026916023360e+00,1.896921176112584817e+00,3.944729653560147487e+00,1.954884351369722051e+00,-5.882579191350389980e-02,-1.260348985941303068e+00,-5.625885784358829467e-01,-5.383087613474892841e+00,1.253937994800269129e+00,2.563572196449235729e+00,-2.513658530046008810e+00,2.930842509932082285e-01,-1.388874490787278981e+00,2.072663391834851154e+00,-1.542804835244222961e+00,-2.129119327920672156e+00,-3.087584838761525674e+00,3.149433111980099564e+00,-2.286534197695417880e+00,2.331445964355548739e+00,2.070519887494828293e-01,2.637320401788631585e+00,3.403290681223527514e-01,3.761600173027911609e+00,-8.066107364736705421e-01,5.814158331177468497e+00,-3.238005004187376912e+00,-4.890598383271854921e+00,-3.200307094837099298e-01,4.674254751240507488e-01,1.003586648574193330e+00,-2.406186894811787269e+00,-2.187912926947062964e+00,-2.749474234820188379e+00,4.102548134569312666e-01,-4.817135437919067842e-01,3.140325759201647138e+00,2.941446527728823757e-01,-5.006682080018530989e+00
-2.460555393673642843e+00,-1.117731608340818417e+00,2.860858985774639152e-01,-1.640818315702446739e+00,-8.027633616149495444e-01,-1.355094040342908368e+00,7.818775413344422054e-01,-1.896740032384154340e+00,2.597118398958538354e-01,-1.463386658800521545e+00,2.615039464182382645e+00,2.639321653365499287e+00,-1.018538678869718606e+00,4.661649812065518095e-01,4.401603939800524667e-01,1.124751621037249683e+00,2.545735893185145038e+00,-1.320252399411758315e+00,1.825256497941270206e+00,-1.828069503659105699e+00,-2.139845390593276608e+00,6.554585033572519759e-01,-5.452721595108049879e-01,2.496407033323211788e+00,-1.515711507838733318e+00,3.105663996913763825e+00,3.944122457667154968e+00,4.796458955844583372e+00,4.742617958693070790e+00,-7.154077862466295956e-02,-2.180990141818459627e+00,-1.889519818413081254e+00,-3.430099926625806983e+00,1.218040724424303001e-01,7.799711468867432940e-01,-1.300764977789647725e+00,2.087441951063739864e-02,5.301092906577500319e-01,-9.703315187499006456e-02,-3.477240068248901306e+00,-3.694905979924767436e+00,-3.263105566465733798e+00,1.264847520516014789e+00,-2.694402381975939065e+00,3.272993650563873480e+00,9.004152553948904236e-01,3.674424574697008339e+00,-1.184663957190611738e-01,3.730736489596624850e+00,-2.185611907937985154e-01,4.285235569003350342e+00,-2.381157935146146265e+00,-2.172339364446133736e+00,-1.961527332409201518e+00,-1.445074953957065311e+00,5.215374737635132263e-01,1.018496064462559136e+00,8.788391688829999548e-02,-3.744236674842442270e+00,1.503378073660998071e-01,-1.880899209096835722e+00,-2.781674350150658004e-01,4.220609630506984900e+00,-2.393976902008446483e+00
-1.869324086148610231e+00,-1.644629233107123500e+00,-1.027925305680311929e+00,-1.190083949627448900e+00,-6.974790687886026630e-01,-1.385984971625960016e+00,1.895052218243406417e+00,-1.219813672046107023e+00,5.533759684748110752e-01,3.227964113552473924e-01,2.302686302515646322e+00,2.226826290925034257e+00,7.330213519892984086e-01,-1.134000772612766550e-01,-1.395225741338145475e+00,3.352873169882507831e+00,2.515149440919578261e+00,-1.722869009491658776e-01,3.130100001425828893e+00,-2.755628747612393070e+00,-3.690452155551496638e+00,2.943571771300337314e+00,-2.214216531515460495e+00,2.830366598524175270e+00,-1.037277099020123661e+00,2.652535082998161986e+00,4.352543113399968355e+00,3.444501761757395197e+00,4.146859339267250810e+00,-7.313255822170672271e-02,-2.329238192635994409e+00,-4.092249042449543905e-01,-3.822562202831760736e+00,-1.040919155079672809e+00,1.963497292884497147e+00,-1.763977905135286850e+00,-4.004964871965494000e-01,-1.380649542510546501e+00,1.653332737616761250e+00,-1.400259782028762778e+00,-5.490827258589446203e+00,-1.236691769669897134e+00,4.360553952479184758e-02,-3.026183003454308462e+00,1.215822698780171907e+00,-1.074117081076847224e+00,2.915182282272486880e+00,1.516801716104873465e+00,1.081355345963376458e+00,-1.997119011331386085e-01,4.324675934551949652e+00,-1.573071970926718022e+00,-4.618933779715774790e+00,-2.736493217160043123e+00,-2.652850602339573705e-01,-1.288565333649374089e+00,-1.243911429218582665e+00,-2.718005292102125270e-01,-2.887339245759928730e+00,-1.437376458213758923e+00,5.718095643464964350e-01,1.482285748801733583e+00,2.886213797762836375e+00,-2.755659963484466513e+00
-2.698293701187868265e+00,1.628842193129919735e+00,-3.337081319118975209e-01,-1.249917072074142155e+00,4.578963743883999182e-01,-6.487970565739794582e-01,1.557317634584820087e+00,-9.741951887283126776e-01,2.531301638928523001e+00,-1.958200180437936089e+00,1.925485135740861331e+00,3.280393199182002562e+00,-5.382984648252160387e-01,-6.308823218670553956e-01,-1.778032941727814009e+00,3.358685047817979719e-01,1.201505212346831719e+00,-1.354274725845510119e+00,3.347507575066996477e+00,-1.812433765818461939e-01,-1.858053910272575493e+00,-2.275570282349197448e-01,-2.100742747920647968e+00,1.912236378494097000e+00,-2.552667923875579170e+00,2.092052289432710488e+00,3.001567203317620169e+00,4.064538842300752464e+00,1.541268887915176578e+00,-2.481595419191814367e-01,-6.877603603652610031e-01,-2.520541824644929596e-01,-2.341137668631581015e+00,8.031132747310656406e-01,1.194261955535471431e+00,-3.373506407183492151e+00,-1.147244924765976393e+00,-1.447674773980264007e+00,1.974536620209090598e+00,-5.285959574589398358e-01,-4.062046811395267909e+00,-2.455272316048338954e+00,9.806228161636771912e-01,-8.647241022057028381e-01,2.771194654168023686e+00,-1.286660093100307822e+00,1.940656254461531560e+00,2.489772571206163576e-01,3.695188060580543166e+00,-1.678346896459205650e+00,4.083486668207385151e+00,-8.062872166980064037e-01,-3.379780739056120975e+00,-9.385054553964390367e-01,-2.011684411302707254e+00,-9.729739321210195691e-02,-1.767669014921549264e+00,-6.669726671169614596e-01,-1.547371824838727150e+00,-2.068280563385568982e+00,-9.796762909754040960e-01,-7.741562180403560589e-03,3.539782471446244028e+00,2.752396961428544842e-01
-9.042775625902417236e-01,-1.556580931424767389e+00,-6.256282731077595916e-01,1.071872166604616705e+00,-3.049572495446272402e+00,-2.664852104433236057e+00,-3.713348214234204470e-01,-8.157517446993152177e-01,6.190540461710700715e-01,3.589156142596385823e-01,2.305036711543908545e+00,1.608506984151982566e+00,9.549341172537723077e-02,-3.474058069444594388e+00,-1.858101697555532228e+00,1.392743274457856506e+00,-6.404147945107880879e-01,-8.271316989051143986e-01,2.863519375150243018e+00,-1.009722232308748469e+00,-1.650962199045838075e+00,2.382333981109054477e+00,3.285625769763231840e-01,3.860536351492768858e+00,-6.510947353677484228e-01,2.939179773194808831e-01,3.960162429696367337e+00,3.423479305414905749e+00,1.925196069833736257e+00,-2.562904509794394770e-01,-8.395623090152136703e-01,-5.904936955141449895e-01,-1.324127081174803600e+00,-4.032764554216785591e-01,-3.378233612896182070e-01,-9.243550656301405821e-01,-2.926162977881674454e-03,-4.061313109554498979e+00,-8.072081390098928555e-01,-1.336727491711058757e+00,-4.037595846866347316e+00,-1.792557280816049925e+00,3.702413784370170990e+00,-4.602496765469921591e+00,2.148790535224399445e+00,7.489569849623102238e-01,4.649628835169230534e+00,-1.579030252585088334e+00,2.185412275020692796e+00,-2.254598119977408444e-01,1.408755737615523529e+00,8.125805222701891761e-01,-5.199555333729801276e+00,-5.938995712961310236e-01,-5.886950759686434553e-01,8.959958209984685285e-01,-1.543293616556930647e+00,-2.221817117316927437e+00,-1.427412651107379027e+00,-1.807257818438275376e-01,-2.149325501739002053e+00,1.182783822778858740e+00,1.977262171798961798e+00,-2.490749986013949258e+00
2.100283214782681096e-01,-1.384752066470407605e+00,-2.454118589139571149e+00,-2.139673834917469319e-01,-9.021727730821653690e-01,-1.688025205446595400e+00,1.359542611334988882e+00,-2.004264817618399253e+00,1.565500380228200816e+00,-1.080625306268776953e+00,5.072856884163908120e+00,1.009204926102847732e+00,1.865411334044513536e+00,-2.188213356212122207e+00,-1.998903693622404276e+00,1.115423835026375210e+00,1.104978793089356426e+00,2.933355425171091380e-01,3.852634482891983847e+00,-3.074316999012850271e+00,-2.183770194024886813e+00,1.259038353516815034e+00,-1.437211836870351256e+00,1.421415046940005311e+00,-2.483803296749864664e+00,3.610061436065990392e+00,2.823191048926633862e+00,9.109283790094377942e-01,2.031552475636653643e+00,1.061771878333416907e+00,-1.065773804463949315e+00,-9.373919724676564869e-01,-4.258902043752460287e+00,-3.925270672305565256e-01,-1.272338881126815480e-01,-3.006784283449763784e-01,-4.432191772407423347e-01,-2.443911133442370431e+00,-3.400140081599756225e-01,-1.224546488096569297e+00,-5.808942012760642370e+00,-2.172999652268320592e+00,1.562966444087196205e+00,-2.882076301944702212e+00,1.748929170680105338e+00,1.672456608187896654e+00,4.030932146902459934e+00,-5.443420897062983821e-03,2.954177672179975733e+00,-2.142089050574414344e+00,3.576657051897948136e+00,1.033276962371177277e+00,-2.870674558622269057e+00,1.345469994778276668e-01,-1.206501496057040601e+00,5.799245085994206850e-01,-3.781889384373176011e-01,6.650558323926152315e-01,-2.553511301802434907e+00,-2.581545356370320121e+00,-2.333966564271308997e+00,1.088489064826857033e+00,9.207209402081337757e-01,-2.488959867229562306e+00
-1.320109274276380695e+00,-3.431204231624048195e-01,-1.982244160332071736e+00,-2.525168940189326250e-01,-8.042645698826396128e-01,4.527970236190930198e-01,3.150398846291594612e+00,2.741836784782942793e-01,2.607256283819565090e-01,-3.797043463847564193e-01,3.088081491982937798e+00,1.579175733009018812e+00,-3.219539324124280344e-01,-2.031765144418182345e+00,-3.058183875095910942e+00,1.936305916581725350e+00,8.606448381298696937e-01,-1.450187614586956553e+00,4.098427957628952178e+00,-2.815813198348565916e+00,-3.493353727648564888e+00,-1.713928956812471593e-01,-2.247830532542870241e+00,2.453606700139062013e+00,-1.279402066568245955e-01,2.076458220162644253e+00,5.039900328206374347e+00,3.465324173640076388e+00,2.834868473133500988e+00,1.022459662642521305e+00,-2.649751805161804974e+00,-2.734048409525676737e-01,-4.458946511270255542e+00,-8.044510194714744600e-01,1.668276434955851206e+00,-2.009208792181903291e+00,5.530919299565070224e-01,-1.847733387736109290e+00,1.710533099345213026e+00,-3.067691100987059549e+00,-2.833041156944128502e+00,-2.702714706936813815e+00,2.731652410140204879e+00,-9.243871360832843775e-01,3.342559305332216013e+00,9.968994009277615254e-01,2.764326004224721967e+00,-6.212360051299282704e-01,2.574602793653204547e+00,-2.217552892353472416e+00,3.135924120799822745e+00,-5.340832438982520136e-01,-3.151270165215015240e+00,8.310536051938044455e-01,-3.005768855877638313e+00,5.197017087845580363e+00,-1.357838733169838719e+00,-9.036793861884573342e-02,-3.118214662718318930e+00,-2.006174923304026581e-01,-4.403164248293172101e-01,3.191221655136602386e+00,2.986254575594444738e+00,-3.304383693684826540e+00
-2.544428889351025291e-01,4.982045610111565104e-01,8.175906404383941339e-01,-1.885943716364346656e-01,-1.840868632946056405e+00,6.709245128851852868e-01,-8.233048999028640402e-01,-1.402117333472143512e+00,8.440580380660314130e-01,1.754557524848111338e+00,3.934528909773400862e+00,1.562715780968315427e+00,5.781704010652041203e-01,1.403170876670424949e+00,-2.235836978570509004e+00,2.684421614014627533e+00,1.118055416365775212e+00,-2.035510233359765220e+00,2.997601109748138537e+00,-1.783597191127598514e+00,-1.028906480485990871e+00,-1.483464846632125411e+00,-8.999360214958591619e-01,9.609375406811075937e-01,-6.485915064466681867e-01,1.551425758000836375e+00,4.354070399063110663e+00,2.670528103466097924e+00,1.767812031662493677e+00,8.828500275955077914e-01,-5.130424275592955219e-01,-4.326917829188783315e+00,-4.266482715569088313e+00,-1.306863503258581805e+00,-2.780655681826382786e-02,2.248459981119304008e-01,1.070676483725467198e+00,8.515466504257118707e-01,-8.285332234920428363e-02,-2.906921799479673219e+00,-2.424697045481163826e+00,-3.531057044522054600e-01,4.545523526191168173e+00,-3.564216726335459384e+00,1.821484412309333001e+00,5.538967668761937135e-01,2.232757144741782440e+00,7.094993534879351360e-01,3.062990590406603708e+00,-1.898822278343168080e+00,3.254143433633696514e+00,-2.288372964855591718e+00,-2.869944537467271406e+00,-8.733757163051870664e-01,4.268065651789414439e-01,3.065157456539391312e+00,-1.380515635048240819e+00,-5.779362952726121438e-01,-2.846890080806806722e+00,-1.107475465244837753e+00,-2.299855650086758407e-01,-5.373996437805184101e-01,2.698844130889705539e+00,-1.967791819510942064e+00
-2.586934976256958674e+00,-7.587090117726725813e-01,-1.899169431169830835e+00,-1.379740680699197419e+00,4.544188979223924285e-01,-1.348338587355116802e+00,2.363824451904346091e+00,-3.439549569243698812e+00,-1.698894126653229808e-01,-2.418560873827156676e+00,1.725087608283252694e+00,2.655699743425112391e+00,7.989775032262446119e-01,-1.934091282039289261e+00,1.606084278835890444e+00,9.675891145197070831e-01,1.725343073572345842e+00,-2.316626683565471634e+00,3.534654218582048646e+00,-1.905012837423596395e+00,-6.963044376697318238e-01,-1.457442959205051736e+00,-3.438406488988844378e-01,2.326325746835533614e+00,5.433298293626154241e-02,1.970522272549204201e+00,4.573132622228356148e+00,4.289444101180949431e+00,1.189376363779735435e+00,5.507506815054449278e-01,-7.409321769019111548e-01,6.381549245796660497e-01,-4.274443730271776154e+00,-2.311448099068297068e+00,7.802260434600274408e-01,-4.023732996559738595e+00,-1.613091794474631246e+00,-8.956653799383644809e-01,-3.314994621589195667e-01,-2.123935655754101148e-01,-5.449426979000731919e+00,-2.164771848497810236e+00,1.367845465770170854e+00,-3.445664169631068141e+00,4.362113826271042605e+00,6.690096111576601112e-01,2.593920616137208146e+00,4.977233272104433781e-02,7.521134255565857796e-01,3.510413200354676189e-01,3.816264166768545074e+00,5.916879270800745605e-01,-2.553387058318870473e+00,-4.158750450157194800e-01,-1.523179297554633660e+00,-1.741809226820801637e+00,-1.651553282035620018e+00,1.393387914956092377e-01,-4.424891769836921895e+00,-1.567059277706872589e-01,-1.814647885498072544e+00,2.244090255195011263e+00,2.138366642492208758e+00,-1.934625955316346957e+00
-9.868921180237303359e-01,7.467800444204875099e-01,-1.541490437730608454e+00,-1.159845724966772851e+00,-8.151220042068001437e-01,-2.586961210412600742e+00,2.310178793559149568e+00,-1.630636707798974738e+00,5.670802155395228139e-01,-2.515296348504591162e+00,3.226154106173701575e+00,2.934933992687691617e-01,-9.791200342474603024e-01,6.291953099401557115e-01,-1.427696332740586493e+00,8.512799322302997407e-01,1.969439991633575415e+00,-8.654395509088590455e-01,2.392491498217119705e+00,-2.700019238116118991e+00,-2.635103528045899868e+00,3.573289686849250302e-01,-7.766671983284445524e-02,2.065299402786251903e+00,-1.255692266371783328e+00,8.950203373534360018e-01,5.501954121490577165e+00,4.385751024081765870e+00,2.444900106553547836e+00,-4.503073914620062679e-01,-2.760518305317006593e+00,-1.773278181159433586e+00,-4.071689310692129027e+00,1.570850239024677464e+00,1.079339526407905092e+00,-2.016445408401549066e+00,-1.434411111624851909e+00,-1.107000668089693107e+00,2.672999107745311909e-01,-2.307809922546651737e+00,-4.105463633336438711e+00,-9.983307888506036676e-01,1.650340868593497490e+00,-7.615141969752168283e-01,6.161970998825321288e-01,4.270795418687889367e-02,1.521178258664129368e+00,-8.988397207648953779e-01,1.958228895681396242e+00,4.815002841020723512e-01,2.594538447037425311e+00,-9.560955565100317521e-01,-4.872269166578907296e+00,-5.143829842352385384e-01,-7.414195054208012614e-01,1.561793021443346863e+00,-1.289389922130237842e+00,-1.245451333053811283e+00,-2.678952544363944810e+00,-1.455909035945217145e+00,-1.185233937983847685e+00,-7.890438538457282824e-01,2.920651569776802958e+00,-2.144817204015589063e+00
-1.156893429441454568e+00,1.263760077353357492e-01,-2.073678926516581811e+00,-6.527638397676749360e-01,-2.839898142192924801e-01,2.669762551007974771e-01,4.672821934849383796e-01,-2.652049842600019414e+00,9.349024575633777534e-01,1.517223565858708323e+00,1.997391164566407529e+00,1.593864982937539088e+00,4.403808418275931280e-02,-9.760649006426866947e-01,6.371278283096715178e-02,2.981980284557135263e+00,2.149592716588007324e+00,-1.366783722875747120e+00,1.305162684662460659e+00,-1.382228504098710786e+00,-1.687341125418935439e+00,-9.554648375880114841e-02,-1.784099244562511677e+00,9.815273576335026284e-01,-1.403477146124810782e+00,1.425012150282257029e+00,3.651225976788312177e+00,3.663428516978550320e+00,2.533930820639629378e+00,8.030424474246269928e-02,-2.652834518545560627e+00,-1.218432012022560684e+00,-4.522039337480480370e+00,-1.594217518636202646e+00,9.100175323723103116e-01,-2.412547583287994790e+00,-8.480609500478043516e-01,8.024902841933143627e-01,2.772855222103776107e+00,-4.637301476749529527e+00,-3.618716871011407488e+00,-1.628489529320503282e+00,2.132543397958570175e+00,-2.910307665182554793e+00,4.079341188604111323e+00,1.308666789517619833e+00,4.791308608950126668e+00,-8.242290304988867389e-01,2.720766544629700689e+00,-1.315061260317647918e+00,1.930150998697514053e+00,-1.623669736145961773e+00,-4.637100929982662656e+00,3.650846866298051996e-02,1.718336660196899679e-01,7.023003937896864501e-01,-1.560931317998363710e+00,-8.916227408009220756e-01,-2.429608351351191242e+00,1.542117800456600518e-01,1.361783882588655903e+00,-8.540030606686879189e-01,9.376032637244191559e-01,-1.816905987650189402e+00
-1.056341964407487288e-01,1.425162813620665103e-01,-3.816036510143945293e-01,2.868694232045077008e-02,-1.437090681233442968e+00,3.808225610687199225e-01,1.501366972818057643e+00,-1.020144163243518642e+00,-4.787875846968825400e-03,3.653963905622226171e-03,3.102526260124972346e+00,1.628855362072470170e+00,1.122401797210228036e+00,1.418956994636972002e+00,-1.688819882156156194e+00,9.353216305673974773e-01,1.791851425883673965e+00,-1.443950143160700472e+00,3.304244914126178490e+00,-2.031832094185284099e+00,-3.755923551775889990e+00,1.477500707564523230e+00,-2.085749189145350790e+00,3.624142116542353520e+00,2.450260993144963706e-01,9.673862555847491107e-01,2.401731395051819540e+00,2.265874133398341872e+00,2.465192491358679128e+00,-2.190609081706377470e+00,-2.590101993316235252e+00,-2.164115460559031590e+00,-2.911059023867474060e+00,6.349204157319683350e-01,1.596031976804096253e+00,-1.960882222154989751e+00,-2.442869229070963599e-01,-1.402964258244648432e+00,-2.006349955373536442e-01,-1.039736981980865504e+00,-2.915220265498278174e+00,-4.148835585517169910e-01,3.969193148860178599e+00,-1.886720985588784760e+00,4.262191598075058430e+00,-9.254407579784806881e-01,1.718956041264758650e+00,-6.359417331649047656e-01,2.787343209793085475e+00,5.179122158516614727e-01,3.282081551384704809e+00,-1.565562096109964774e+00,-4.880095432351034823e+00,4.140768763822053611e-01,-1.090200604775859006e+00,3.421288617111550856e-03,-2.181037033736061836e+00,5.677194382579058285e-01,-3.589718861682462681e+00,-1.520865318983628089e+00,-1.272879241822766794e+00,1.189608381499893230e+00,1.837839151261839943e+00,-1.882563571792840840e+00
-3.802909738886466329e-01,-2.867771519024679527e+00,-6.778668842127235639e-01,3.148047726291518522e-01,4.792901680996830560e-01,3.562735811015693699e-01,-6.671422343181787618e-02,-6.160481962706345627e-01,1.210501778725393107e+00,3.951937456983245500e-02,3.180683317852462277e+00,3.006092904763377316e+00,7.872248244932743555e-01,-5.636729804142002198e-01,-1.735701270447035149e+00,2.411597926043929085e+00,1.574295322656135809e+00,-5.093755721558634875e-01,5.685629575824867388e+00,-2.519301547742998526e+00,-1.972392131302315832e+00,-3.917252713721706137e-01,-4.361590705671844148e+00,1.647387231509411798e+00,1.058738013426316016e+00,7.140180421558742774e-01,2.014377984832500523e+00,3.038488214148372002e+00,-5.552622704384826413e-01,-1.667067796409434921e+00,-7.345914982334645904e-01,-2.310804982247154360e-01,-4.527353671416140202e+00,6.124169721300571911e-01,2.612008931833452730e-01,-2.314980967282207924e+00,8.447348833253824907e-01,-1.321671085876138685e+00,3.084719370039669117e-01,-2.119183070929207879e+00,-3.473197959253231382e+00,-1.705698462798190818e-01,4.315361946360088297e+00,-2.199207003739113819e+00,3.191786106937108958e+00,-5.627496082074718853e-01,2.804659100571117669e+00,1.801739486063312634e-02,4.718308007673230886e-01,4.990888939315785144e-02,1.682544674704790744e+00,4.699703985017527064e-01,-3.480622814494603645e+00,1.860645562484036564e+00,-2.042089504491086505e+00,9.931735410520454721e-01,-4.018482471829162961e+00,7.219948638938271657e-01,-2.626288498252431935e+00,2.625243805533759023e-01,-1.938362758917273165e+00,1.192960137402956811e+00,2.729788101616096085e+00,-1.346838398811473381e+00
1.273242098720700488e-01,-9.682677746825169018e-01,-1.965551663905866109e+00,-1.269159873965683083e+00,-1.125472896586071414e+00,1.967172464012212352e-02,2.299282700442840000e+00,-2.281879807059158605e+00,5.306916293775649773e-01,1.332799546990084849e+00,1.959356225452768996e+00,3.873011383941431518e-01,-1.867792369962956167e-03,1.463695240971281120e+00,-1.649961890296417266e+00,1.085339341205378005e+00,1.301753118520967423e-01,1.100254653480901013e-01,5.629174205677836440e+00,-2.965954186933144499e+00,-1.981521119299346267e+00,1.566639347322873022e+00,-1.910784053592384790e-01,4.007205302867291152e+00,-1.155497969200478758e+00,6.769349413736844845e-01,4.619533785775320034e+00,4.215562929521883717e+00,2.584747716046928545e+00,1.485719047315279484e+00,-1.014843243737661771e+00,-8.761206679462112401e-01,-3.467449246583708344e+00,-7.962787218910567510e-01,1.140890298061854047e+00,-3.967879940728044730e+00,-6.240759339720809429e-01,-2.347845922416529341e+00,1.049839115603720785e+00,-4.066269988995856899e+00,-3.664307438809481177e+00,-2.637367364675935466e+00,1.149915156917850512e+00,6.526812541728104211e-01,1.897021765844993269e+00,6.841368898774358165e-02,4.375146922082792322e+00,-8.290743174304699981e-01,7.240828148662008523e-01,1.640340977148094237e-01,5.299979562391491150e+00,-2.101517634730662110e+00,-3.801293139899787121e+00,-1.134945812209390059e+00,-6.013643216362736243e-01,2.941103038750064735e-01,-3.038078810366208415e+00,-1.402953867044517633e+00,-2.399049964946203595e+00,-1.951057555002111199e+00,-3.059093223389207861e+00,1.054888498118661921e+00,2.396711095460912322e+00,-2.434341825980647300e+00
3.619679598598124493e-02,-9.930250155453334004e-01,-1.614412015549111290e+00,-2.255977849097274834e+00,-2.475032031251818587e+00,-1.816035650370404486e+00,4.749058465332197665e-01,-3.949759141893271597e+00,-2.374857778824982502e-01,-1.884974314216275149e+00,2.982746451331063753e+00,3.545788035493405932e+00,-1.397202660756760473e+00,4.442237549984346945e-01,-2.224388107912069312e+00,2.104929339241354835e-01,1.173337456701212922e+00,-3.841365307192197598e+00,3.828652966611858055e+00,-4.698673975807863279e-01,-3.591024472359942710e-01,-3.506928340333210770e-01,-2.195108861189722926e+00,3.948825703338021853e+00,-4.227592714791424733e+00,-1.407372523594012659e-01,4.206873325329236302e+00,1.317295385304903865e+00,1.709149115797155893e+00,1.873194796945452545e+00,-3.307546814740581098e+00,-1.728869994439418356e+00,-3.052368202395173480e+00,-1.040328966214771889e+00,-1.940855687069839020e-01,-3.723483598863739807e+00,-1.389930320742953418e+00,-3.068100084857856125e+00,1.673692523835542900e+00,-1.949951964972400642e+00,-1.581510770238210961e+00,-2.023770585929092647e+00,1.340692622594665817e+00,-1.756849439822913528e+00,3.324311925978069127e+00,2.125207923997949611e-01,3.899064376547459077e+00,2.610107107917153391e-01,1.471495855784246132e+00,-1.054939889128239994e+00,2.911725378816980125e+00,-1.149612044272092737e+00,-2.725062205023851547e+00,-6.128434969874927418e-01,-1.346879420533819705e-02,1.668770389919101316e+00,-3.255358702132801429e+00,-1.991352070137102581e+00,-3.909971136326467089e+00,-9.052949115179828032e-01,-2.297355106089534971e+00,2.151654292200894769e+00,2.571129105975378248e+00,-1.473868701621739774e+00
-1.849692944972447961e+00,-6.088256814563208774e-01,-7.156219359192707019e-01,1.398500026851766886e+00,-1.006105594262946656e+00,-1.656957813611924735e+00,-2.909939823858007646e-01,-3.499719533219438183e+00,-1.372742908462018629e+00,-1.345877535060512997e+00,4.222407954808248931e+00,1.344761411771309145e+00,-4.572708571435433744e-01,-1.282385671921849601e+00,-2.255787691679981499e+00,1.337205943299422106e+00,1.429339379276017397e+00,-1.123910150537881458e+00,1.926369720852120881e+00,-1.956542580240956841e+00,-1.676073932577159198e+00,-5.418985911923785981e-01,3.542209929979835970e-01,4.537824187591199543e-01,-2.801489939736361734e+00,3.474155720587086105e+00,4.093320644662407304e+00,3.240844125823962862e+00,3.242276825486205993e+00,2.770201569944946929e+00,-1.815513126283206935e+00,-2.432174314871879961e+00,-4.298597541512956255e+00,2.741744099346998809e-01,1.026297965029888237e+00,-2.947740981627320345e+00,-1.588130138091264465e+00,-1.972973784731997027e+00,1.512674179753950243e+00,-7.701273333983242875e-01,-3.679520377322432978e+00,-7.910190172833768685e-01,-5.757928153452152031e-02,-9.080805316665594429e-01,2.579588769990934338e+00,2.198880249595751124e+00,1.570033144835877303e+00,6.958598496904904174e-01,1.915058323688777486e+00,-4.787126618798211997e-01,3.985811496503234963e+00,1.947055358546840864e-01,-3.390730670760738530e+00,-1.031935201192538454e+00,-1.445082727947217593e+00,2.156205270447978384e-01,-1.305657781145874941e+00,-1.679688748055835568e+00,-2.113946907027561828e+00,-2.382821037192078606e+00,-9.020759477777906543e-02,1.270561082519676921e+00,2.187846240872069359e+00,6.683075606833743798e-01
-9.697556452522682058e-01,2.729215858846172349e-01,-2.305994205961076737e+00,-1.225691053466017033e+00,-1.092086597088300026e+00,-1.562648044265556369e+00,2.663219727817566440e+00,-2.817497650834619449e+00,-5.414480849848100075e-01,1.040628964988055571e+00,2.370073433781574757e+00,2.043995202142343537e+00,-1.820482914525209273e+00,-2.190083134839865942e+00,-3.315581649634612216e+00,2.211678490386145057e+00,1.834342977512128048e+00,-2.113607452380096952e+00,3.491967066371579609e+00,-2.854548600226281874e+00,-1.257724239238013020e+00,9.581455049089577791e-01,-3.498832328518491908e-01,6.362220303670971244e-01,-2.397883488431935994e+00,2.718355699522573055e+00,3.051859750018012019e+00,3.260553247842178148e+00,2.360756131445628014e+00,-3.519977575108199641e-01,-1.899516740767778433e+00,3.310902402334134909e-01,-2.647675506953965474e+00,-1.758516417370775686e+00,-4.819687495458235826e-01,-3.567338453652171282e+00,-7.223879354079987269e-01,-1.001350640907842093e+00,8.582212238804516335e-01,-1.982799578446675426e+00,-2.637816920749074701e+00,-3.443034645019924067e+00,3.059510714499463102e+00,2.112511995570216516e-01,2.646100338833659471e+00,3.721892543595455849e-01,2.827325260126002604e+00,-7.387293724041958942e-01,-1.496169143573040650e-01,1.987732761857084474e-01,3.503009933975111956e+00,-2.439075036837875299e+00,-3.197388449154691781e+00,-1.691047420525506162e+00,1.846833142161165675e+00,8.106784084145917113e-01,-4.717769869549355288e-01,-1.472493928270324659e+00,-1.052600278657420008e+00,2.545498971902709906e-01,-1.995253343639400878e+00,1.304378565752628116e+00,9.653496269143455599e-01,-6.419803527740473026e-01
-1.074875816127966122e+00,-1.328080661846583244e+00,-2.698323935928010009e+00,-1.361204022679002534e+00,-1.989308722929591822e+00,-1.547030917652647108e+00,2.567472624477731280e+00,-3.297807611292522534e+00,-5.461940587185409868e-03,-6.677741727197805677e-02,1.135842551044224491e+00,9.656332080136365015e-02,-5.375710348752714696e-01,-7.918723070254837237e-01,-1.331849106977465613e+00,4.962413723388592324e-01,2.370928586856155817e+00,-2.740885472952460322e+00,1.540338556096732869e+00,-2.965018737572655549e+00,-3.984396851249754068e-01,3.705698440618041545e-01,-1.807780878214828579e-01,2.475475926885426947e+00,-2.186204293117444131e-03,1.643747772911050120e+00,3.543045604149341443e+00,1.389262700588037358e+00,2.163397500811438778e+00,5.491642220744621383e-01,-6.225740179981539280e-01,1.564056112688929634e+00,-3.173174396185581614e+00,-6.342880155684177401e-01,-3.947434118789414637e-01,-2.574436509007851814e+00,1.394052113036812646e+00,-1.131742337903835383e+00,1.686365675280694365e-01,-1.272161185249127469e+00,-4.130741453064194602e+00,-1.689951308022936471e+00,4.345001712035717389e+00,-3.773069615961647028e+00,1.454193910589338667e+00,-1.974092152372236564e-01,1.481948311120183437e+00,5.905514398539262189e-01,1.567649954365651910e+00,-1.100434357783493411e+00,3.084880504765102671e+00,-2.329940324497125292e+00,-3.473822557042272940e+00,-8.772801891470458635e-01,-1.799986036936336298e+00,4.619237257451478396e-01,-4.073848803004402441e+00,5.717925207362408724e-01,-1.470731594400786157e+00,-5.357334455198619061e-01,-4.619524865979396377e-01,2.609500812635217493e+00,1.225691141709556398e+00,-3.403915198391513020e+00
-4.312083349430725909e-01,-2.243702575480349459e+00,-4.589321718515650961e-01,-7.655704895475028415e-01,-7.810406306385979658e-01,-9.326308004334673551e-01,2.223448023861901213e+00,-9.408516036500431667e-01,1.456947049149486473e+00,-5.660030678065891552e-01,2.922659338412504582e+00,1.472236796226727318e+00,1.075346045476124779e+00,1.066925849017567929e+00,-1.159144226696904756e+00,2.602979534118990745e+00,2.516259446720030546e+00,-1.286812235045490249e+00,3.899678780335304129e+00,-3.295342258043190142e-01,-9.208967872276132560e-01,2.568516195965274918e+00,-1.754785856087994311e+00,8.064831848803610814e-01,-3.197301451759222424e-01,1.352630570350226380e+00,3.791536326018993819e+00,2.701911295381683065e+00,2.067121881099201364e+00,-1.247939486730311076e+00,-2.016827041172110313e+00,-8.386870379553013066e-01,-4.278034866885235488e+00,6.324738012081658756e-01,-1.024999556949096613e+00,-2.040654101256621278e+00,-4.387670008238170327e-01,-4.658762581450389684e-01,1.521104149005964246e+00,-3.896675496760601654e+00,-3.246649132609920052e+00,-3.363364521760625614e+00,4.243678313043628414e-01,-5.085675765652679647e-01,1.844770967784572724e+00,1.662339644436174435e+00,1.291966933307934884e+00,-5.938639965806427612e-02,3.897641636366248719e+00,3.362201438737173476e-01,1.793972922536651637e+00,4.516805014974711874e-01,-3.763313123078427580e+00,-1.249250983750435307e+00,-3.706432711974421146e-01,1.632970961536898358e+00,-1.749056279004405745e+00,-1.052819826367978884e+00,-4.102172909708772686e+00,-1.024247702633691581e+00,-7.824936408248163167e-01,2.060569725890868398e+00,1.032029204493589702e+00,-2.889018331909993353e+00
5.928720663659596823e-01,-9.303550246615839292e-01,-1.269775147193755949e+00,-2.631301520420105344e+00,-1.477484357871758025e+00,-1.054288983891185971e+00,-3.192069641474435393e-01,-2.336374761680726664e+00,-4.762737388433018193e-01,-6.665618954074016278e-01,2.644141304676580262e+00,3.458152169474515425e+00,-3.460538621101446055e-01,6.486775537822144777e-01,-1.243766346525134292e+00,1.844682784125296848e+00,2.353097939849969400e+00,-1.863663648798159933e+00,3.498809792742954006e+00,-1.448321403508811667e+00,-2.896129045420175352e+00,1.834123439475080275e+00,-2.188088355719102651e+00,3.691829361744817017e+00,-9.494340540522090421e-01,8.379218033705950752e-01,3.011873741605510801e+00,3.759261073027445388e+00,2.807285602729197471e+00,9.099020269002928707e-01,-1.593221772319000307e+00,-2.639410803701143227e-01,-4.113268027279316286e+00,-9.441468762912519352e-01,8.673789131819535925e-01,-1.117632417476440931e+00,-5.540059226164739670e-01,1.106506993570830488e-01,2.497356100195953221e-01,-1.385281434214236995e+00,-1.987358575110307113e+00,-1.620461762315371423e+00,2.221830273323024851e+00,-3.395242907085698203e+00,3.915792458066889026e+00,3.165837849369656176e+00,2.227080468972456817e+00,-1.189023275525278533e+00,1.698083142105010435e+00,4.385586938137834290e-01,1.816122569554784016e+00,-1.246542532808916359e-01,-4.193709047985953120e+00,-1.823925564332508520e+00,-9.231432798146068652e-01,-8.635484357100042807e-02,-2.034030631548379375e+00,-4.831626625186536406e-01,-1.570792659326296636e+00,-5.665910911933019767e-01,1.059162296808674242e+00,3.799738034612133664e+00,3.418007250495816329e+00,-2.323526183945176626e+00
-1.696864014268377741e+00,9.824747268274287570e-01,-2.247951464107180719e+00,-4.723847616381527947e-01,-3.213825274489861883e+00,-3.011989982605751237e+00,3.166187291111064450e-01,-2.332553861348577229e+00,-2.455892999704437862e+00,1.581884239354590438e+00,2.462091942676408962e+00,2.190075807215849935e+00,4.110084765769089210e-01,-1.825302315093057848e+00,6.045700444353085956e-02,-1.090667475132262698e+00,2.367097916998646134e+00,-1.232122671673221426e+00,4.365829745302043818e+00,-2.399774044864130929e+00,-9.256570386532483319e-01,4.664949251628346949e-01,-7.562608304151795524e-01,3.083548429859224171e+00,-3.078245633195520803e+00,6.705850499384916619e-01,3.205688383493297877e+00,3.158246089539226364e+00,1.183193713875395847e+00,1.055634198326778961e+00,-1.127585798964187980e-01,-6.728714964152946454e-01,-2.958049279835676337e+00,-1.116949002359330034e+00,1.389179435698103315e+00,-1.449377450979733251e+00,6.776187373846609407e-01,-6.221741777293376963e-02,8.138065767814328666e-02,-3.356309324674001004e+00,-2.699937952064754398e+00,-2.200624446865916184e+00,2.526101628004098654e+00,-3.691103345166566463e+00,2.570951208153857692e+00,-8.993692460853597304e-01,2.697530701129242647e+00,3.596465219968388305e-01,2.072578312238223752e+00,-2.436149420594961867e+00,1.892893484966246875e+00,-2.188991973183960660e+00,-2.755434108137120752e+00,3.775262583221938861e-02,1.125407455423497183e-01,1.437519623747674835e+00,-2.519926416862806384e+00,-1.278347847165310469e+00,-2.590040364133468831e+00,-1.293579604181889886e+00,-1.250822027422791471e+00,1.357139823265336664e+00,2.264938381665495992e+00,-3.003941569086298280e+00
2.255988571299175405e+00,6.223689975631752080e-02,-3.734330534943280711e+00,8.800189170575323239e-01,-2.573038008765022866e+00,7.387240331282400874e-01,2.591665974062216105e-01,-2.364412571807526398e+00,1.696768236910159988e+00,-2.304522129553293830e+00,1.957216756959831550e+00,1.006064807930135308e+00,3.385806512345280184e-01,-2.726972603223019931e+00,-1.285092501361619455e+00,2.068790080285705546e+00,7.514174417905085113e-01,-1.508281191988659176e+00,2.259122405297713243e+00,-6.151591389919457420e-01,-2.240992962909825970e+00,4.741604783186816885e-01,-1.734570390046480837e+00,2.284092097224060147e+00,-2.710890718114610465e+00,1.086981199235282469e+00,2.389359201741195093e+00,1.746273869345658758e+00,1.282371247723320007e+00,1.992387423451749129e-01,1.244156899319983189e+00,-5.152437655155713836e-01,-1.385893866803802110e+00,-1.192233011286447653e+00,1.016445638106640015e+00,-2.710014885495082737e+00,-1.578228225096950155e+00,-9.549431185657075716e-01,4.100383129094092638e+00,-4.243751115786478234e-01,-3.824358171453420940e+00,-5.865531376847570311e-01,2.344551515042485157e+00,-1.111843781885995419e+00,2.675488957641118049e+00,2.397464017715882634e-01,2.022117208558316115e-01,7.728505990913139279e-01,2.513505458200312237e+00,1.950095896063590573e+00,3.707572318019578983e+00,-2.397990682704463916e-01,-4.557797751884083759e+00,-8.610593046742394119e-01,-1.413581412584651753e+00,8.452027359005035434e-01,-2.783247794958383370e-01,-6.278382581989325750e-01,-2.162697263050555652e+00,8.910808360999533662e-01,-7.198905236455405143e-01,-2.216497905516912059e-01,5.291006484618938632e-01,-2.993025068379073339e+00
-2.591854087254005901e+00,-3.370758655177541474e-01,-4.798581133024507395e+00,-7.827941984173976131e-01,-1.302750730477215457e+00,-2.289965732351212147e+00,2.025161416941533510e+00,-1.575013133017142408e+00,1.855981044672725178e+00,-2.138450984744470484e-01,2.888768138703549759e+00,4.827458597588583089e-01,1.944376534227365005e-01,9.193820315421274980e-02,-9.024240239567202782e-01,1.424500011488471829e+00,3.231645496609808710e+00,-7.094720116618395966e-01,3.434874860381793571e+00,-1.743846098346891527e+00,3.298834926620828334e-01,2.323423822859626675e+00,-1.836517407396235146e+00,2.129015294119886548e+00,-1.990110176110384765e+00,3.122909874476765602e+00,4.107602099516187266e+00,3.478142596478332571e+00,1.103164000736932993e+00,7.041525091480763110e-02,-1.971823993855429169e+00,-2.139412832359706140e+00,-2.744385846680155616e+00,9.032054324103016008e-01,1.510759992835202237e+00,-3.333154435889213119e+00,1.123123254487220946e+00,-4.709924565973895305e-01,-6.868157255327023147e-01,-6.833887934376667861e-01,-4.369958351490559778e+00,-1.687139044593464199e+00,1.529288787440549635e+00,-1.362307340664789201e+00,3.056645589003286645e+00,-3.167099960016450666e-01,3.340275436281202381e+00,1.077943999638058425e+00,2.617360882523336763e+00,5.977075847977978418e-01,3.762909812637141638e+00,-1.017672877339613979e+00,-2.474967220985305971e+00,-1.324634560108484571e+00,1.715823830285421625e+00,-3.555167893238462273e-01,-6.136354695032939510e-01,-1.538637485824685847e+00,-2.418755810631433523e+00,5.686519063775377081e-01,-1.344122929479252271e+00,1.612365846014178095e+00,2.141867126070100547e+00,-8.928726506973627686e-02
-8.144140737714713474e-01,-8.760778897253598263e-01,-2.943492965825868168e+00,-8.736348755652557641e-01,-2.161641907660739825e+00,-2.639225219790846122e-01,3.683950901470287587e+00,-1.371243545338027392e+00,4.884599056721388166e-01,1.685147030839826865e+00,3.200992790274938216e+00,3.152144042075830654e+00,-1.607322432785939892e+00,-4.671940408596859662e-01,-1.905680100531753851e+00,2.103190851455322363e+00,3.420254557947522756e+00,-1.622532008344099941e+00,5.279035396878593467e+00,-2.048251248249008505e+00,-2.291304105636212007e+00,2.039210840346093789e+00,-7.236033681991177469e-01,8.599685126584160066e-01,-2.126691280240522453e+00,-4.639755672046279589e-01,3.376159313495628034e+00,3.964904200491850883e+00,2.908684322667673072e+00,2.239635844854705127e+00,-5.751168599723472941e-01,-1.131082023890745525e+00,-7.450276573001746172e-01,3.838265624151291355e-01,2.098696753136442439e+00,-1.828814951414136081e+00,1.727586195624112531e+00,-1.756489228319486395e+00,8.892591805016466511e-01,-5.812899539238820523e-01,-4.106886156195447057e+00,-3.622847960102706821e+00,9.447067062328375897e-01,-2.109778948702280221e+00,3.955777187962215447e+00,1.207565576649860084e+00,2.677630079939921082e+00,3.391130435636569573e-01,2.562115345180711046e+00,-1.486303469209116157e+00,4.170488251096768906e+00,2.589042809457033911e-01,-5.055855204082456922e+00,-5.307522186660735830e-01,-2.245720658253184787e+00,3.550006910907275159e+00,-3.680164341680988827e+00,-1.249406180658171772e+00,-2.538794616599975740e+00,-5.564850744481042444e-02,-4.787987021108949248e-01,3.796271994780112458e+00,3.298186154321987473e+00,-4.023907227598051861e+00
2.347417626881027619e-01,-8.323127603424497201e-01,-2.142903835463283002e+00,-1.148393418167641400e+00,-3.571340313348155160e+00,-6.316077171454195227e-01,2.629443115922257324e+00,-1.738429703269626980e+00,8.935940482742754654e-01,-1.027775898638715324e+00,4.068972433028603675e+00,1.613426347529168359e+00,7.538695689408417278e-02,3.650615875360747609e-01,-1.405806811359750164e+00,1.795336901720670175e+00,2.917252606794745518e+00,-2.577428592807586405e+00,3.996476324448079875e+00,6.644163011320103340e-01,-1.265784915933537924e+00,-1.549077103466212080e-01,-9.533352022145089588e-01,1.816278491962944663e+00,-1.213766411691847402e+00,-5.029011921702464250e-02,1.976001663126411456e+00,1.310831706640504191e+00,3.392745905028189402e+00,-9.223140418498263493e-01,-1.113340340119690630e+00,-2.053936574757266875e-01,-3.323867284805481770e+00,7.480016412131267334e-01,1.179617312917436323e+00,-1.961062924992774015e+00,2.679622439434609316e+00,-6.252306478182486638e-01,1.070715650617335202e+00,-1.458014996321692180e+00,-4.591880806929218295e+00,-1.184061377781112423e+00,2.879481908799996326e+00,-1.337789659671569709e+00,3.231736951440800976e+00,1.242793373583668259e+00,1.763766534194959767e+00,-1.299509338452865259e-01,1.542642060928872905e+00,1.987572796288282206e-01,4.607948692948283131e+00,-8.349787353786872757e-01,-2.642248093862728187e+00,7.450305432817150297e-02,-7.245181933441542377e-01,-3.999612538940873208e-01,-2.433234289546708506e+00,-1.306975317315244300e+00,-3.328570619457368984e+00,-1.301991702087777814e+00,2.036312261375319288e-01,1.736880793247424393e+00,8.965949790395071339e-01,-2.382480136885035904e+00
7.573179970991628096e-01,-1.122618729753543043e+00,-1.651554795799438757e+00,-2.405415689039581029e+00,-2.449086326918925582e-01,7.697215662425420657e-01,1.445096456397460427e+00,-1.888902941677606195e+00,9.589840826117322914e-01,-1.341271514415913746e-01,3.494293477684404792e+00,1.324124320150962930e+00,-2.493538191569735218e+00,-9.888046997993282794e-01,-3.598791815101941571e-01,4.469420304595206339e-02,4.458691685547536698e-01,-1.737518168271905861e+00,3.505664294826159377e+00,-3.778825184818259686e+00,-1.833680393829843824e+00,3.131556199245554506e+00,-7.335280709541317501e-01,2.531030212615552166e+00,-1.735054567917310164e+00,1.447056523411443640e+00,2.266689839284042218e+00,2.659906068749883890e+00,4.297002632720664295e+00,-4.409754798738316772e-01,-1.193332884438977892e+00,2.535058371970386748e-01,-3.946124932447590883e+00,-1.154327084997757158e+00,2.727850240176891150e-01,-3.145286550707092843e+00,-7.778496460134702861e-01,-2.908380578403365391e+00,1.802355957034033063e+00,-2.644746302057775722e+00,-3.049855125947213530e+00,-1.271407064455317482e+00,2.536346059137071229e+00,-2.373673557137116141e+00,2.378622083995561631e+00,3.230220724791104114e+00,1.512865112465572093e+00,-5.333537598908656419e-01,1.554164269567340995e+00,-8.942535492431665789e-01,3.803397102419232567e+00,-4.273598258274530215e-01,-3.730312050006086899e+00,-2.536649705146144518e-01,-8.879274732189720298e-01,1.313301409365810413e+00,-2.085680617702499351e+00,1.124054692572362679e-01,-1.766687104696420985e+00,-9.224618220379139366e-01,-2.299753818363453828e+00,2.130087376152325351e-01,1.752584894291752127e+00,-1.880644119440041395e+00
4.752939330526380068e-01,8.419325803989665680e-01,-2.349573710736381216e-01,-4.564169575299309445e-01,-1.284109507060976485e+00,-1.517901501727394464e+00,1.784688604456136307e+00,-1.595445782439830484e+00,5.469213747245387225e-01,2.904892327123386186e-01,1.587199634450755070e+00,-6.914973640887556172e-02,6.137512292399983638e-01,-2.346799741620557711e+00,-2.255766420734356181e+00,1.933080038279591406e+00,8.800705887006626815e-01,-7.328523380706892798e-01,3.049730420068165859e+00,-1.927247787213297370e+00,-1.008058930634947004e+00,8.882330913575307019e-01,-3.525191517482180181e+00,2.667072461297499864e+00,-2.173204220235486206e-01,-5.147958932119691688e-01,4.533847129154071176e+00,4.767968011621636748e+00,3.117276496196522917e+00,4.578645634140358078e-01,-4.671455974104852249e-01,-7.952924990385823456e-01,-4.495519105668779325e+00,2.634492786132101028e-01,1.538097880831569952e+00,-3.090246648132763063e+00,-1.236244242287655837e+00,-1.033451622231059908e+00,1.489591268171121197e+00,-4.326015422063663962e+00,-3.258715498394652688e+00,-3.697760550603071295e+00,2.863475908948907467e+00,-2.758757875916833413e+00,-5.141767171537883208e-01,-5.795001512293492807e-01,6.813955937638720428e-01,1.858152986453893707e+00,2.458257873832190743e+00,1.047256413388238716e+00,4.038430555497884988e+00,-1.215325524467842699e+00,-4.294973667032175868e+00,5.437881059523912430e-01,-2.185099754134331107e+00,5.564529762101552146e-01,-2.595814851538617241e+00,-4.568488228765357761e-01,-2.616690999932464123e+00,6.164180440055966326e-02,-1.301871138597921806e+00,4.253570309095957569e+00,1.026540922711849824e+00,-7.076222464837849113e-01
5.039903938028580388e-01,-2.272447031740894907e+00,-1.611422659296395388e-01,-2.006351036244653496e+00,1.005021588222043682e-02,-3.055266699208545766e+00,9.370741087422398419e-01,-2.998090009817065749e+00,-5.680958721474604900e-01,1.427822473754847721e+00,2.757254958983361259e+00,1.547856191052221941e+00,-4.662256362515480174e-02,-9.338990519138082869e-01,1.124589074628032037e+00,2.638052860420488699e+00,-3.799684786669728087e-01,-2.452561507839723376e+00,3.296923402463441732e+00,-1.801015337767815749e+00,-7.960580271357489135e-01,-8.002520811604354467e-01,-2.013312228571646489e+00,2.942198920834365072e+00,-2.377015842612513641e+00,3.226310505995244604e+00,2.753005333097092500e+00,2.633815573644709751e+00,1.569099812671352678e+00,-9.010895841025854391e-01,1.538687462746067158e+00,-1.584246599570696468e+00,-1.744736130250339468e+00,-3.651839703631393208e-02,1.251200261133399660e+00,-4.976129742941588496e+00,-7.094712286182169869e-01,-1.636362392431756518e+00,7.188120552090720983e-01,-1.696797958819343366e+00,-4.909571841506332746e+00,-3.540874212622632911e+00,4.120075465492178957e+00,-2.692501874439169995e+00,2.711607212463414740e+00,9.038654905127989636e-01,3.026956695003073072e+00,6.787951409909310785e-01,1.886947725063034431e+00,-1.955685752299481106e-01,4.835502802367257047e+00,-1.148676104240164531e+00,-3.145624267541625496e+00,-1.104239993876040771e+00,-1.323139962633237632e+00,-1.408136651807159190e-01,-1.686125124210525295e+00,6.434143848818536515e-01,-2.794671700410007453e-01,-1.171608853842290410e+00,8.972811529644328932e-01,2.314404812752886453e+00,2.576540006053353427e+00,-1.720574835220790133e+00
-4.931963690181936366e-01,-2.288059367900117103e+00,1.307115307140107596e-01,-1.318932886088957979e+00,-1.023971952817559927e+00,-8.384531431016437608e-01,2.449073902588376761e-01,-1.464417652309932816e+00,8.872863286343919409e-01,-1.093482697260842684e+00,2.215683934412461475e+00,7.806826213262576530e-01,-1.482171878459603298e-01,-1.262758607397002741e+00,-2.450831589982821690e+00,2.311127972840576028e+00,3.215591274980689640e+00,-2.042031650017652300e+00,4.978047240781645399e+00,-3.364190898010225972e+00,-1.893028088748524684e+00,7.686239327946243760e-01,8.506790053295731902e-02,3.211036221949281622e+00,-1.380831852417792494e+00,1.997362353423093317e+00,2.571330164542767083e+00,3.137050981003532968e+00,2.713607542597384903e+00,-3.917085800196731249e-01,-1.176617009619824072e+00,-3.487860223781099833e+00,-2.835313473043676868e+00,1.216923843395486537e-01,-9.173640954267483494e-01,-1.563285883162848444e+00,1.494116142519960055e+00,-2.482385769493619776e+00,3.870123086684448488e+00,-1.676408201924851848e+00,-2.350863564757134316e+00,-6.169207609370803702e-01,6.244297890573282661e-01,-3.613972386943376858e+00,2.882450654063607676e+00,1.822690058797444168e+00,6.053582182521907384e+00,-1.538592469495323467e+00,5.741255802880742554e-01,-4.121503472816769875e-01,2.921201500958309882e+00,4.417450593464251618e-01,-3.605974650193421560e+00,3.859620541192891885e-01,-8.406322016657890028e-01,-1.652127853471485608e-01,-2.818559412862675639e+00,-4.117846077340236999e-02,-3.799866468159932786e+00,-2.277188418490061483e-02,-1.321003207746473729e+00,2.625315843135267002e+00,1.972097346673433504e+00,-2.048483134744143452e-01
-5.028624048194526575e-01,-3.671861887781076472e+00,-1.200461065742317590e+00,-1.071817794962794057e+00,-2.422985064843482750e+00,-2.059964804725839649e+00,2.303479013252521135e+00,-9.302196826787623163e-01,9.066118324404313089e-01,-1.213914403719158486e-01,3.261062529361938189e+00,1.839615505108084026e+00,1.452089994077287116e+00,9.030424721750740513e-02,-2.046244464174440836e+00,1.939506287762712944e+00,1.623224230504476173e+00,-1.554578177697099051e+00,9.418088968932099014e-01,-1.321073312504327468e+00,-2.530352540635420588e+00,1.790526261230650951e+00,-7.583377625416847234e-01,1.230293464082867327e+00,-2.601496131955314262e+00,1.175008696922699825e+00,3.841962836011988180e+00,3.551401497071188906e+00,4.219455124734694529e+00,1.344696732133975781e+00,-2.201670138494853379e-01,-2.539447134211108015e+00,-2.667333034143981152e+00,4.524117920888803823e-03,3.839228906038044120e-01,-1.611804270745293755e+00,-1.179742432445191724e+00,-7.096844282965989459e-01,-1.126930862541997147e+00,-5.255038778720197978e-01,-3.387579687427352493e+00,-2.119298844897357981e+00,3.013359338045524805e+00,-9.436985818254973735e-01,3.561834796695379168e+00,3.055085295095820275e+00,5.835282509246157545e+00,-1.980123159787510745e-01,1.845766808008399540e+00,1.341308840797709179e-01,3.394326418452940253e+00,-4.262880326731017244e-01,-3.890229586337102585e+00,-2.457346843850931606e-01,-1.638572041908017862e+00,3.040477170724107392e+00,-1.666426703874751114e+00,5.317826270014740508e-01,-3.514278318831619785e+00,-4.257851236753592006e-01,-1.394815560645710661e+00,2.703275578714948946e+00,3.313656662961577126e+00,-3.249159072030114448e-01
-2.308805169053239403e+00,-6.051206786101877011e-01,-2.140775177591352385e+00,-1.812411365598890711e+00,-2.571882156326895874e+00,-1.192354598304637081e+00,2.671717305711767132e+00,-6.174839677794854431e-01,2.937946862105925927e+00,1.234119068385734819e+00,1.600509225861328266e+00,-1.112309366391587506e+00,-1.021246164929614508e+00,-1.038963346670325638e+00,4.941322763485327396e-01,1.382050883803985553e+00,-8.511607924409712034e-01,-1.822145981736647435e+00,3.779270067775329256e+00,-3.248550575239667282e+00,-1.229080159055798038e+00,-4.176214767910992887e-01,-2.958715362372004609e+00,4.286954155617782369e+00,-1.148966393039247968e-01,-2.000370312460398647e+00,3.656543257063485264e+00,1.375223822665389006e+00,3.970671892308383022e+00,1.043327157306265462e+00,-2.526126746561002889e+00,-2.273878506956598322e+00,-2.985538909671958230e+00,1.635875714418977722e+00,1.951777407431295019e+00,-1.655519595309847158e+00,-1.254599009905235096e+00,-8.426435867967714266e-01,4.945450062622603338e-01,-1.765724937003920303e+00,-3.867960868736390445e+00,-8.601655962821035395e-01,1.149297116824438136e+00,-8.566899154085401147e-01,1.439427255814673678e+00,-1.378362240173011344e+00,3.546688352526207844e+00,1.917256382638703460e+00,2.842520518306504318e+00,-7.050654499522907015e-02,1.783685147835745832e+00,7.967428204738458142e-02,-2.801341144296769947e+00,-1.639522855676385671e+00,-7.140703176080097636e-01,-1.550813016982975689e+00,-2.150133972850942321e+00,-1.849972896301184333e+00,-1.562854237263079371e+00,-9.685435832101580989e-01,1.844725274536986426e+00,1.447083694232767170e+00,3.009606459171810577e+00,-2.097596717061709359e+00
-2.002261886461326412e+00,-7.820364393461312069e-01,-2.114490033775861200e+00,-2.209795450452560317e+00,-1.394480505454979147e+00,-2.597589739863944924e+00,2.218582581775343066e+00,-2.643848692352287255e+00,-1.092166572591956486e+00,1.547832534459034015e+00,3.025751861145304478e+00,2.039144724381949381e-01,7.308716180495276049e-01,-1.838551876136873764e+00,-5.846206702309498793e-01,3.081076049414178453e+00,1.855173079503844358e+00,-3.173056260796226269e+00,4.974082059767332531e+00,-2.514233119644970760e+00,-3.152033602828930636e+00,8.623468585309329582e-01,-4.464076380131974275e+00,2.438597407738520406e+00,1.106719955526246579e+00,4.330101817175662227e-01,5.180220979161500594e+00,6.407710704729449702e+00,3.100998688716773533e+00,1.536909622754267124e+00,-1.130968611651699929e+00,-2.227953520679707422e-01,-2.262304637289131115e+00,-8.151223779084751930e-01,2.754904981349091120e+00,-1.975342897527295971e+00,-3.875331325527381354e-01,-5.881897579915489338e-01,-1.543363144887910376e-02,-1.136732116571772311e+00,-4.645507772534170243e+00,-1.570858355335280843e+00,3.679713309545557642e+00,-1.899763601558691173e+00,2.032337953888001980e+00,-1.541004301748164496e-01,2.788006519848671871e+00,3.324024576500066441e-01,8.791588761092901105e-01,9.051727461336717129e-02,3.341070745770621908e+00,-2.175424084960726923e+00,-3.246655498820253616e+00,-4.211476023527581103e-01,-7.683876484819633923e-01,1.793497860525818943e-01,-2.919021173890738563e+00,-2.016046106267102567e-01,-1.859946605754419391e+00,-5.676696390391617886e-01,-2.008074690021674602e+00,1.867086190288323566e+00,1.615758931751595018e+00,-3.067310416045076149e+00
-3.147994407125990213e-01,-4.114747892829924147e+00,-2.106276672606293143e+00,-2.065046225502720656e+00,-2.489073860899483126e+00,-3.410859283318465884e-01,2.086700510436662714e+00,-2.293129760743745749e+00,1.448725512627547118e+00,-1.745154406290547189e-01,3.214743347566505260e+00,-2.784115493768166694e-01,-7.522267308670314012e-01,2.336579241990909273e-01,1.912537732530845691e-01,6.557539220074602992e-01,1.069064658574975679e+00,-8.421580841177095378e-01,1.709493720943870976e-01,-1.303330538733706412e+00,-1.776512626825107244e+00,-1.267478036218277815e+00,-1.070699141780438790e+00,2.162924338179306183e+00,1.654910007756311696e-01,6.185371624602471474e-01,1.775805802263037858e+00,2.158284914920717057e+00,1.791617434156984823e+00,-9.010225849068123072e-01,-1.695812463917366841e+00,4.794558829751838225e-02,-1.313008676732056346e+00,2.872311097342455932e-01,1.608818750345644588e+00,-1.337944280315914947e+00,-7.507741303304493741e-01,-1.653839397306367198e+00,-8.088877707002817274e-02,-3.050349318099357276e+00,-2.581435466751532015e+00,-1.671046144315844639e+00,4.644322734308506284e+00,-1.322196942328571101e+00,1.390391263042818792e+00,-1.032385414803892898e+00,1.617247554127411613e+00,3.134774972472937904e+00,1.756869847893121506e+00,3.039195425708514531e+00,6.224834954726057745e+00,-1.707091347943227033e+00,-4.924396472987429441e+00,8.476382563047484275e-01,-8.180036580244754996e-01,1.302967940886678555e+00,-3.009022915032891099e+00,-8.073103745604890413e-01,-8.590363925779422871e-01,-1.438630844273417697e+00,7.866841103482058450e-02,1.966369254603781425e-01,1.308468304110901759e+00,-3.134159143531636271e+00
-1.606731642763157719e+00,-1.165726446569184560e+00,-3.720324468859834699e-01,-3.010207352599504338e-01,4.008218461106169972e-01,-1.542820097356237374e+00,1.561610669973444887e+00,-9.076364265271321674e-01,4.907578240885903109e-01,1.589239042790029366e+00,2.892906361335789711e+00,6.731323373842534874e-01,6.301489299010372136e-01,-1.612060195966071197e+00,-1.088419474738030468e-01,-1.139810128589262561e-01,4.689069622571793161e-01,-7.175022303211289199e-01,6.114946567548432910e+00,-2.002064278852415669e+00,-1.716541766556522353e+00,1.695837376406757802e+00,-3.771212172319936329e+00,3.227845232052988234e+00,1.155993659368881321e-02,1.459539619513487985e+00,4.324509937798836745e+00,1.527398311179100521e+00,-1.661107996419106669e-01,-3.450148503781086395e-01,-1.181162791513400201e+00,-2.031074033892474429e+00,-3.507886852182719561e+00,-1.753145447007039559e-01,-3.327540329426759147e-01,-5.325450188450142619e-02,-8.143798815212793807e-01,-9.333170320359495120e-01,1.105450317628599688e+00,-3.290839277633965221e+00,-4.311076030637354783e+00,-1.081474566872484555e-01,6.839898475417685031e-01,-3.064935568949525901e+00,3.505876393429277371e+00,-3.150754118549511151e+00,2.669018360695995185e+00,-8.877242459308570810e-02,2.877492189833028569e+00,-6.201730859974592391e-01,3.894308049025668517e+00,-1.660724237927267977e-01,-3.925889780962089404e+00,3.860165709314369309e-01,-6.606162117274425594e-01,-1.562365125576702152e+00,-1.035026881557774781e+00,2.475966492750870662e-01,-2.346986257477401416e+00,-1.963778364742319260e+00,-6.362567024626373247e-01,1.409946573914313106e+00,1.803043497655990146e+00,-3.066536163189645059e+00
-1.991527486744977926e+00,7.868045955119917778e-03,-1.099044401686198658e+00,-2.006573466271931672e+00,-1.206478189620860286e+00,-1.353799808991315246e+00,-1.382337764218521947e+00,-2.855952326366926197e+00,7.399598640311605413e-01,-3.744865189668876160e-01,2.628994146330094317e+00,5.034289897342847375e-01,-1.595651539420179343e+00,1.977786683399909151e-01,-4.916072312963913893e-01,2.982027382767871160e-01,5.037280966141062244e-01,-3.447753129324219401e+00,3.521298005270405707e+00,-1.114771086334995776e+00,-2.817767696373671082e+00,1.873130754642416740e+00,-1.438914648724862744e+00,2.803698940926995231e+00,-9.604393371471654506e-01,2.962397348707579869e+00,4.045975664411186834e+00,1.126104299703301725e+00,1.879534435395415981e+00,7.730292728635012045e-01,-3.542190911815878973e+00,-1.199676334913113207e+00,-1.439832432510819160e+00,-2.032273405756325424e+00,-5.494068414009907197e-01,-1.800244115095484654e+00,1.185467457572741967e-02,-2.582471821528405265e+00,-2.544011801169043796e-02,-2.074649903169113241e+00,-2.710542442163422105e+00,-1.900611154375925649e+00,1.124142025564301539e+00,-3.630941710469397066e+00,2.955454224836101762e+00,-1.530629641706589439e+00,2.102403295405701478e+00,-5.498313476551497381e-01,2.028349394153705632e-01,-9.108254615492779038e-01,3.082653153103408261e+00,7.080748733744597345e-01,-3.844268528878354019e+00,-9.726868523630914920e-01,-2.893687723967902636e-01,1.101194801205821694e+00,-3.706477923585650203e+00,-8.420291071793373217e-01,-2.389173277800403117e+00,-1.209076888047863063e-01,-1.444283849750700011e+00,1.341108545168907318e+00,4.519135954854924364e+00,-3.566701938448154863e+00
2.003722450702616786e+00,-1.715153372252996800e+00,-1.512292143933284150e+00,-4.170210530242407287e+00,-3.718929350618165763e+00,8.209028025964530961e-01,1.285164461024368654e+00,-1.354616152357864811e+00,-1.421759711095644807e-01,-2.575868232006516823e-01,1.360796089697199562e+00,1.584944277282687164e-01,2.031253991365449818e-01,-1.499923115525453543e+00,-1.394604963341193438e+00,3.486386171513623289e+00,1.463152763641392129e+00,-1.736210569798168901e+00,3.942703762775852994e+00,-2.867363667417206941e+00,-1.494367505818102959e+00,3.505241225722373510e+00,-2.250818443632903509e+00,3.657164448291163605e+00,-9.474870420070895527e-01,7.492427157943226668e-01,4.251236262229886265e+00,3.499815613990364227e+00,1.514587110364919109e+00,2.380188617899710590e-01,-1.324972166871632773e+00,-1.567778844565707708e+00,-2.977632755462987557e+00,-8.259711663826507788e-01,5.874958547588686741e-01,-1.307125598531013511e+00,1.626865844831632657e+00,-5.162290399906723781e-01,1.820824554801744988e+00,-2.429802175045378210e+00,-3.402548303362411986e+00,-1.540429448147309532e+00,3.371228842964224537e+00,-1.880317168066596434e-01,1.662601728978170712e+00,8.896104071022465920e-01,3.732628426600865801e+00,2.781699323072756025e-01,7.300067078155993983e-01,1.294503028218014773e-01,3.329185824682550088e+00,-1.123449305440254120e+00,-3.080143489523616385e+00,5.146583324867897158e-01,-1.822985897305552605e+00,3.148784077053696340e+00,-2.120698970473419820e+00,-9.516548426931588089e-01,-2.298052901356341327e+00,-5.550824482231558887e-01,1.740648034392715537e-01,3.769211939378670717e+00,4.276894861508251822e+00,-1.627010953409537830e+00
-2.432944478333072258e-01,-1.961330674802542529e+00,-1.522885837301947820e+00,-3.795513884586541931e+00,-1.139100854963428500e+00,-1.928768475485378442e+00,2.024127448671365403e+00,-2.440624528335908039e+00,-2.242926561318339118e+00,-2.303425895611818319e+00,8.755080376505031126e-01,1.208076577591282952e+00,2.533693744709673012e+00,-2.219678260904774270e+00,-2.270541262803473792e+00,1.835236510350829020e+00,2.593042625890370267e+00,-1.386959620868425169e+00,3.055051274840619335e+00,-1.022569299447389835e+00,-1.903034769425641315e+00,1.766990641954411245e-01,-7.040992858688374101e-01,1.688441092629400231e+00,-1.968715138249216068e+00,2.753844307891367471e+00,2.919430295211780102e+00,2.183806609159030465e+00,2.418494049356735509e+00,-3.619763261065270799e-01,-2.354924618632070477e+00,-1.920559848531893987e+00,-4.933965954843882784e+00,-3.182625478553250398e-01,4.792119007412240506e-01,-2.919172238385570495e+00,-7.911567311486994436e-01,-5.001757531421457958e-01,1.754414989345707276e-01,-1.501432599705848192e+00,-4.011468471610508679e+00,-1.646330150392341540e+00,3.200779851412558941e+00,-1.235190771692535439e+00,3.816121670703467750e+00,2.183345981469944519e+00,2.656876952552870375e+00,9.223824515030430993e-01,5.541983570989105878e+00,1.161421676147552651e+00,4.043970191897841460e+00,-2.589683002918393484e+00,-3.295664844483289890e+00,-1.461291364874439225e+00,-2.054545373979036249e+00,1.714499365260474750e+00,-5.842866162639148708e-01,6.732851310458061178e-01,-2.046963064203687566e+00,-1.941672482695050661e+00,-1.453270643238596005e+00,1.325994447090320660e+00,3.458588339090733932e+00,-1.583183247380562486e+00
1.490831691732861675e+00,2.809492472276322594e-01,-1.412418836330511240e+00,-6.335370445248394988e-01,-1.811643515369377511e+00,-1.069319900608956875e+00,5.098462662446674454e-01,-1.049089952102066903e-02,1.777990672502258063e+00,-7.617616395464722467e-01,2.356199305133140243e+00,2.988005216502253258e+00,-4.971161903035892227e-01,-4.218273636950528038e-01,-5.351716715527606860e-01,-3.705432235125651896e-01,1.931432449313955413e+00,-2.608194103598745706e+00,2.545723776291958007e+00,-2.479983271501522424e+00,-7.115700887388425322e-01,2.353164823953029838e+00,-2.537910079927217399e+00,2.864827943673261768e+00,-1.923189762232286659e+00,2.039123953313956683e+00,3.527563378730636856e+00,3.348253256504001296e+00,2.720192640821128993e+00,1.687591189511572054e+00,-1.119444058633577654e+00,-1.932334602184411665e+00,-2.363372751330359733e+00,-5.519542967927504318e-01,4.819292516383943958e-02,-1.680650622462198429e+00,4.890028651434551454e-01,-1.100601081361049616e+00,4.196080902008720859e-01,-1.193667311199086312e+00,-4.511765067926260642e+00,-3.558424629111061499e+00,1.399848668362396520e+00,-2.757193290726568158e+00,2.839316994726984067e+00,-7.027072391779483063e-01,3.366737396237786673e+00,-1.477134667017867997e+00,2.138658291451885241e+00,1.285107531711570106e+00,3.335824690268420323e+00,-7.064188650594063201e-01,-3.411162872465905327e+00,1.207755252541840241e+00,-2.518843768797119687e+00,1.579337872401918474e+00,-1.177095951497310944e+00,-5.271159279688570898e-01,-3.112504395610154351e+00,-1.205653891354547369e+00,-2.122012101568814479e+00,2.242628477468304737e-01,3.661425110801220129e+00,-2.058515066626106726e+00
-6.655123283807211632e-01,-2.243311962810001781e-02,-1.916984115599831506e+00,-2.688502104959126449e+00,-2.508472649080669470e+00,-2.924512231932807182e+00,3.330140969425474662e+00,-3.635098535763680694e+00,1.190966236064601613e+00,-1.676631276105251089e+00,2.928590333347122154e+00,-2.325696137703390232e-01,-9.600008965233157443e-02,-1.564203456690024474e+00,-1.762542608213960804e+00,-3.918471608472717804e-02,2.627214769520825222e+00,-1.197753678787523146e-01,2.687193174300331666e+00,-1.758331380181348269e+00,-2.645459603435514673e+00,1.196540826257160850e-01,-7.550128016694546140e-02,2.971581336177727017e+00,-2.778799241561556999e-01,6.984238259614707900e-01,3.378735957729067874e+00,3.659270760840025893e+00,2.391002988005551888e+00,-1.737123410949133806e+00,-2.132545262770574990e+00,-7.655288411594609599e-01,-2.315465606879714144e+00,-7.650506835797543648e-01,8.188978769001140634e-01,-3.659016967501719453e+00,-5.532764567267656197e-01,-1.045891105769599205e+00,1.340702267669563241e+00,-1.087498077182748490e+00,-4.141454892989186121e+00,-2.650998364033521071e+00,3.294996430448467351e+00,-1.051086653429898377e+00,1.897116151212981494e+00,1.015646839220710973e+00,5.355366797460503037e+00,3.385014801909309035e-01,1.130776229361132090e+00,-6.109873721000527169e-01,4.053768385389698636e+00,-1.194248985330637725e+00,-4.223886861078488764e+00,-1.123004577427897832e+00,-1.734799179267267899e+00,3.352730755190515666e+00,-9.646964857088563550e-01,-1.818623557053294926e+00,-1.610570070452273850e+00,-1.669099035293131195e+00,-8.950291532267535821e-01,2.742229597874823455e+00,2.278892876609128759e+00,-2.737829921729473703e+00
-2.061605522105665500e+00,5.934120651670942159e-01,-2.596079110631609677e+00,-3.325907104955426741e-01,-1.771090124640418928e+00,-2.553670483103995803e+00,2.592306296642443719e-01,-1.435640198573762127e+00,9.118034895558539965e-01,-3.845140170219221165e-01,1.900838953719984126e+00,-2.816925608488707322e-01,-5.133246731376217564e-03,-8.715261172124741940e-01,-2.127864784394909670e+00,-2.945927585033185636e-01,3.887728164945625675e+00,-2.207110334830458154e+00,2.920584688676068019e+00,-1.306262399634717797e+00,-9.401658721247414530e-01,1.605057682010226250e+00,-1.536920719567884897e+00,3.643414333348959921e+00,-3.691276056467862610e-02,2.960889899410123149e+00,4.340156059473615713e+00,3.961222621409587141e+00,1.728970246893262619e+00,2.008648066971360224e-01,-2.334761352522179756e+00,-2.344269991390265595e+00,-4.383523065361787374e+00,5.510240595217508197e-02,6.766943952047085320e-01,-3.273168590804460987e+00,-9.528987586259493048e-01,-1.206972783316784259e+00,5.111123098930631770e+00,-3.215043882168747036e+00,-3.926578695011853526e+00,-2.196991974282222593e+00,2.589013418927243126e+00,-1.916428306542542259e+00,2.964898850502581507e+00,-2.690505933548570816e+00,3.367466354499602410e+00,-8.276813607425743680e-01,1.102748846337963995e+00,7.492781705638554834e-01,5.835467985612015518e+00,-1.629106544104722998e+00,-3.669134161071886613e+00,-2.138473042085652587e+00,-2.516854058975847019e-01,8.464532950449754622e-01,-2.967040858903963851e+00,2.552718165170371201e-01,-4.303015196001966025e+00,7.816085309402680537e-01,-3.677124460189663768e+00,3.675727775783408369e-01,2.873681842844176160e+00,-1.460370100072871491e+00
4.264830950387362707e-01,-3.312322508615881955e-01,-1.229392634877490842e-01,1.197111684233040929e-01,-1.240536604050358038e+00,1.393376251344132122e+00,1.536597054459753142e+00,-5.637849531129572878e-01,2.147180404792529806e+00,6.190490750715980095e-01,4.974796257960001356e+00,-1.208497987849863620e-01,6.983264360856706876e-01,2.435872307089083089e-01,-9.321020412511787923e-01,8.908786287551438976e-01,2.297786960419530455e+00,3.036369527236859600e-01,2.128607944629298476e+00,1.698159337095435095e-01,-3.302694939877969915e+00,1.518636435165789722e+00,-1.647350843890387662e+00,2.666841233449024351e+00,-1.692155824304822920e-01,3.422898084579695688e+00,3.481593832868131511e+00,4.180634756598526458e+00,1.195183423875312290e+00,-9.154076143792904130e-01,-1.101252852741581245e+00,-1.740784220590531728e+00,-2.660637431357049110e+00,-3.467005880233465787e-01,1.343711917909253817e+00,-3.138478529232701320e+00,1.873530968223151127e+00,3.932616362303462676e-01,4.454791865353791014e-02,-3.157070332992731654e+00,-3.101192289196147200e+00,-8.929315013169905058e-01,2.039083985426179524e+00,-1.552715264050980259e+00,2.998563734211014520e+00,2.605503934036869307e+00,2.425481879566128818e+00,2.719228312699051298e+00,4.214895226418740926e+00,-1.627876615706356445e+00,3.614215510954774224e+00,9.876312419537072174e-01,-4.725958997057138511e+00,-2.282318179496625188e+00,-3.786275590566376970e+00,-4.198672919005494997e-01,-2.620634101479748512e+00,8.254303530472955064e-01,-1.531393983809206993e+00,1.566741714318053980e-01,-8.891160685181966894e-01,3.561311681210875602e+00,3.546298880142136234e+00,8.485649690268046719e-01
-3.458148124817976843e-01,8.006714410809590010e-02,-9.015994848997331834e-01,-8.539618227373559911e-01,-2.565279171004750669e+00,-2.108027535571711297e+00,3.598515206777336273e-01,-4.806412353952442817e-01,2.395218330228110482e+00,-4.691366143885841167e-01,8.102004531946735977e-01,2.480844155245638838e+00,-5.422213203730432696e-01,-3.704895323965902598e+00,-1.034608544146440767e+00,3.268321099492363491e+00,1.827033748090393539e+00,-3.303190193919619766e+00,2.514453406681460557e+00,-2.065552043450818775e+00,-3.091124942761594330e+00,3.398388892364218705e+00,-1.490822620148110733e+00,1.143171109548413167e+00,2.857222647801616056e-01,-1.648563272653210454e+00,3.254793341477958180e+00,1.145361156130858094e+00,1.030637070563517721e+00,1.192662871588123119e+00,-1.261286296053042655e+00,-1.604840433203550409e+00,-4.953264937349991293e+00,-8.942548839667057159e-01,8.661678051453837179e-01,-2.640463374794350671e+00,-1.515392014977630097e+00,-1.688057557061573677e+00,1.807725810587098803e+00,-2.563979247251838345e+00,-4.206475224965450010e+00,-1.094637387165515729e+00,3.402875980299389091e+00,-2.442590682325148421e+00,3.805744554134985691e+00,1.117144557436003049e+00,3.085681012343595153e+00,1.686980398586983565e+00,4.137683206527475122e+00,4.075920991270524096e-01,4.276679706625572841e+00,1.864841449662573147e-01,-4.210400171993615714e+00,-4.268482361224401611e-01,-1.303773305605179678e+00,5.486377672042066500e-01,4.907418465329449475e-01,-9.388261921689936562e-01,-2.200708524520355258e+00,-2.915648236885166056e-01,-7.689693870036473644e-02,2.261809954802403322e+00,2.797148114769174132e+00,-1.853328960270910430e+00
-2.864535656537733121e+00,4.624398654316905777e-01,-2.409494086767590471e+00,-1.808876025557207390e+00,-1.809006954181936022e+00,-2.593749613770846452e+00,1.770105784856603748e+00,-4.356269826217429308e-01,9.809336914272362984e-01,-1.492787084313382806e+00,3.698867374496804139e+00,1.395219597349264928e+00,1.438141594467816420e+00,-7.856201666012042617e-01,-1.852949668012804363e+00,1.166197558231103493e+00,-1.256374068283377721e+00,-1.221463542812731617e+00,3.381354675567942003e+00,-1.610381627662386350e+00,-3.119003784390531386e+00,1.997315753500099156e+00,-1.010049980588398899e+00,2.592195003556913679e+00,-2.363735875778258055e+00,2.884617708788042023e+00,9.522717651014649398e-01,2.896460449315680918e+00,1.649181683010527255e+00,-1.722865979580132656e+00,-8.249487225647829103e-01,-1.078433031395232611e+00,-3.027013190606060888e+00,-1.490279325724185311e+00,-3.219763679764822140e-01,-6.988955330660071574e-01,4.516864461343914616e-01,-2.203250585349135982e+00,-5.483531362465448034e-01,-2.674326026615154284e+00,-5.134071566522026231e+00,-3.741459033681325153e+00,2.436775391719341322e+00,-1.699349819567460118e+00,1.330697245053043209e+00,8.639415047701022310e-01,1.316323853737487282e+00,-8.148111868697985871e-01,8.055414419579112195e-01,2.519727936501777177e-01,1.532169530637836896e+00,4.339851193124697470e-01,-5.381597916340004062e+00,1.405457881914214280e+00,-2.012435052604809815e+00,-1.058111261878390552e+00,-5.377873551944327701e-01,-7.072121403333330170e-01,-2.517240879449105240e+00,-1.026321662900274267e+00,-3.638298780817049716e-01,2.133053984569750483e-01,2.877828882301252555e+00,-2.049584618408184511e+00
3.475005864194539162e-01,-4.976010858039416895e-01,-2.460343625539800794e+00,1.138250811685719288e-01,-4.235738448867951700e-01,-4.608226419016412390e-01,1.349967623411971740e+00,-1.478341346430685821e+00,6.373089007463250688e-01,7.282646752108417054e-01,3.564419215865095136e+00,1.924810699697462990e+00,-2.164835996203745838e-01,-2.104638331759396852e+00,-1.342610815484982290e+00,8.765901981031257728e-01,9.937206037838223205e-01,-2.478591879050283886e+00,5.007822637302291824e+00,-2.185658774931401815e+00,-1.570076710176755874e+00,-2.080992272283179734e-01,-1.592568412318334126e+00,2.108112577637268892e+00,-9.378272207949959194e-01,8.871909564361855072e-01,1.974002305695631065e+00,2.189099354231228034e+00,3.761953706657286567e+00,5.322722220247971814e-01,-2.835463136366034309e-01,-1.082158378342843008e+00,-2.942131726365488475e+00,-1.505945706729148181e-01,2.563209784832318761e+00,-2.310320058495519024e+00,-1.988462066894802760e-01,-1.028724655414873235e+00,1.194829280940706617e+00,-4.348276903650205583e-01,-2.673819648448626296e+00,-8.601678116894975190e-01,1.543657245171111692e+00,-1.879841930274097406e+00,1.858623055159492665e+00,-2.561575238777733521e-01,3.924492548125813940e+00,6.168322757706350412e-01,2.187614286575385147e+00,2.771935275585574177e-01,2.714566164303553464e+00,-1.074555122843959154e+00,-2.854602549623309837e+00,4.191699852817354355e-01,-1.195876739991255322e+00,2.268697495909870909e+00,-1.322916346481202154e+00,-2.981657794250625493e+00,-1.855211139240067642e+00,-1.123641430392172458e+00,7.805291743301192575e-01,2.875249869445929196e+00,4.175905550608412398e+00,-3.253191251611395884e+00
-1.252193713181531387e-01,-1.218020104776692758e+00,-7.842481334493431877e-01,-9.333869934371504806e-01,-2.311581034882188579e+00,-1.023209302150884570e+00,1.694155503999057899e+00,-1.448341224302260866e-01,1.039982348509969734e+00,-1.822198792019464886e-01,6.426891422772444962e-01,1.745560875366481746e+00,-7.348711344531677625e-02,-6.291314429429433197e-01,-3.204438164684677570e-01,4.931247303399126647e-01,2.387213784426485130e-01,-4.394239162476249128e+00,3.309032391027233011e+00,-1.981179339448553955e+00,-3.004753511984363357e+00,1.709361964066894446e-01,6.871221934595683756e-02,3.447664595962764977e-01,1.643992251911616798e-01,1.710334338558098022e+00,4.387330260360253753e+00,3.485165544533747717e+00,2.841790876263576404e+00,2.184692035334412807e+00,1.177288471763382027e+00,-1.435847349328708944e+00,-5.076898456953275129e+00,-1.345317369047065448e+00,9.908800756841569246e-01,-2.366765402956761299e+00,1.196852250029094789e+00,-1.304233005050956740e+00,2.619004533445888905e-01,-1.844365934670954665e+00,-3.554125225028771595e+00,-1.973558080455045882e+00,2.809204748308800070e+00,-1.475032777378919135e+00,1.897301796766991622e+00,-2.942575003204455086e-01,2.787654693439309384e+00,-4.219511739008984241e-01,1.913615812558829399e+00,1.952066052850399136e-01,3.549908969717587404e+00,-1.933486691634208832e+00,-4.056868815101927872e+00,-5.022797894808790353e-01,-3.219344820202822532e+00,-1.782205507593492833e-01,-2.080198561667868429e+00,-3.913018424239609327e-01,-2.575616507573343483e+00,-2.436973433770519004e-01,-1.802125018504833420e+00,8.348631226781997317e-01,2.777700141355582630e+00,-2.027862463996608522e+00
-2.720163979754550709e-01,-1.580696549485884894e-01,-1.950373702653721564e+00,-2.281470546974860625e+00,-1.014279472037332264e+00,-2.621294286101315540e-01,5.707890154678115779e-01,-5.749714255441762401e-01,3.747615584946251133e-02,-1.177314339150565603e+00,3.719039875937658834e+00,3.698050882005401441e-01,4.512368267813200440e-01,1.460736155117007495e+00,3.263462937867287472e-01,1.952969531867535302e+00,-1.782339179719106159e+00,-1.457591890599569950e+00,2.177157816600377771e+00,3.839168287671761437e-01,-4.537633197064463886e+00,1.361027193510701450e+00,-2.644223080692314376e+00,3.727827263463996399e+00,9.787249463194069854e-01,1.002763096109366092e+00,3.950629114465626479e+00,2.813881234684330934e+00,2.258557987395746647e+00,-8.880200137018572359e-01,-2.215665674115225414e+00,-2.038226844691172879e+00,-3.526104598657614719e+00,1.814362661192766568e-01,2.113934253262721441e+00,-4.305183047518180928e+00,-1.586963779644349426e+00,-7.091173871355932468e-01,1.660392619440899331e+00,-1.158376628238905193e+00,-3.027905562948659757e+00,-6.224819259214791067e-01,1.386508925725669084e+00,-2.372664316341922763e+00,3.281797460998421734e+00,1.226509032412051114e+00,3.458198543308266260e-01,-8.235597900654089143e-01,1.230960957819691171e+00,-1.141087653375578270e+00,6.498189437723857154e+00,-3.071944758124302233e+00,-3.668818471814344395e+00,-3.065075011328443733e+00,-2.413995244587244571e+00,-1.662470042821295735e-01,-2.015283392805355955e+00,-2.272310618908140789e+00,-2.479360022462654189e+00,-1.405928629810490493e+00,-2.723232322340790601e-01,2.429431368596764784e+00,2.310035861261008350e-01,-3.636777048971294057e+00
4.195402026915387994e-01,-1.510464106309837184e+00,-3.973491790154580094e+00,-1.268067040243535226e+00,-2.215764000419063073e+00,1.180109010904415445e-01,1.543290242518899902e+00,-1.304493296303804950e+00,1.456690634120137773e+00,-1.020181355561195158e+00,1.846762753174370886e+00,9.033565918343631207e-01,1.258948294474470986e+00,-1.369689573717145725e+00,-1.803560309611243362e+00,2.109603601241444526e+00,1.055320941353553144e+00,-2.621460535019191518e+00,3.005612839068398934e+00,-1.469405429143157971e-01,-2.961721399466165749e+00,1.314042363543010961e+00,-1.557065893627634701e+00,1.725090973062328725e+00,-9.523364867539876322e-01,2.086214555509017021e+00,3.868576763423631881e+00,2.734327665605537305e+00,1.423971933119361211e+00,1.600922480593359287e+00,-2.027115217198231178e+00,1.129458995598563220e+00,-3.738003553696181758e+00,-5.646508201024688089e-01,3.944421173328074737e+00,-1.033368600036436824e+00,-1.019982436916882840e+00,-1.477276577273249902e-01,-1.195738030020454534e+00,-4.132869316521082581e+00,-3.030905517993255582e+00,-1.332822584833742496e+00,2.011346740514753595e+00,-1.967210271994043191e+00,3.781505184101175310e+00,1.604315577772066570e+00,4.275301181154652852e+00,-1.133240954641345222e-01,1.099189732412821030e+00,-2.253254704547199339e+00,4.200763867578572786e+00,-1.501520127597864018e-01,-4.843033011539867871e+00,2.302759368833749987e-01,-8.691017283497126655e-02,1.771741208880293961e+00,-2.224388089052244499e+00,-1.385115731627706737e+00,-9.448607705674318957e-01,-1.766927464180340079e+00,-1.437020106631891947e+00,2.290878671970798308e+00,-8.601078896057963163e-01,-2.337881838915318866e+00
-1.974547839402827298e+00,-1.592327418600633981e+00,-1.807751191044663974e+00,-2.290752597420593784e+00,9.529986596675188437e-02,4.099766440560328462e-01,1.561634431765058117e+00,-2.651562359815091252e+00,-1.758218490294746861e+00,1.324369156329406882e-01,3.267085977485396420e+00,2.475396053376052841e+00,-1.154185503556446113e+00,-2.137869986125682686e+00,-1.349590702606348058e-01,1.033771382388636306e+00,8.706373633321211614e-01,-3.375006351387281001e+00,2.695174389700632389e+00,-2.284983061508529367e+00,-1.605190755553423720e+00,1.050153733463801586e+00,-4.230689924281303860e+00,2.223632939350117077e+00,1.217216058665435696e+00,1.132736434940794901e+00,3.147263596412292141e+00,3.082653923742826763e+00,1.080583562342605664e+00,-5.391531986871299642e-01,2.925758742546324953e-01,-1.056535374352591594e+00,-3.957670239807622448e+00,-4.172194639089230606e-01,-1.655443799899944946e+00,-1.970419142823427450e-01,-9.922092165468359148e-01,-5.786904990166717999e-01,1.054720043413451602e+00,-2.805156730487795791e+00,-1.408257583502858568e+00,-3.104745745963190195e+00,-2.341125393562304424e-02,-1.554330881150396637e+00,4.693521102147577562e-01,-5.442689285263002663e-01,1.838328115085074987e+00,1.543204148375543872e+00,3.764316393593014176e+00,-1.090168538274600252e+00,4.119395725274544340e+00,-1.758059775037029482e+00,-3.364340892947908390e+00,-8.851402248679813844e-01,-3.742915721393669237e-01,2.243376903542647405e+00,-2.965556519794440238e+00,6.832511841047683721e-02,-1.750786462723737280e+00,3.709474887683856803e-01,9.960395369584356118e-01,1.931177472448380117e+00,2.175066185096309113e+00,-2.526924473734384780e+00
-2.725798252448349945e+00,-2.220948922274467829e+00,-9.969504145616766566e-01,-1.925533897166736841e+00,-6.013346381087623094e-01,6.767024676420831941e-01,8.199199251314674974e-01,-2.732201680929094323e+00,1.617533887146005656e+00,-4.401684704979309526e-01,1.179400127120817876e+00,9.063323476207610918e-01,1.695930905207468697e+00,-1.024822301330179153e+00,-1.859088511041671055e+00,2.784236204328796482e+00,1.858245205365111952e+00,-1.930020593684760311e+00,3.413609063098408836e+00,-3.778095621090078460e+00,-2.265297748724550697e+00,1.154285875355987478e+00,-1.405527829427400954e+00,1.663066258906256145e+00,-7.456614519890498727e-01,3.015842341369112667e-01,1.011950511896385407e+00,1.914784206284356083e+00,2.045011095975048043e+00,-9.545217498584164240e-01,-7.309442677122149901e-01,-5.841278647789238665e-01,-3.522537537268801699e+00,-5.225224802492030030e-01,8.714809500897215955e-01,-1.682382237685311477e+00,-8.755625627333635252e-01,-2.052567085790845347e+00,1.581904210395717492e+00,-1.922453105386871863e+00,-3.597485065557071593e+00,-1.594544408182966277e+00,2.525512724285879695e+00,1.218462420400812096e-01,1.988021725388033678e+00,-1.161983510697701005e+00,1.759551246817786740e+00,-2.914528250703797840e-01,1.274791954851338671e+00,2.370877442376033706e-01,4.268968812090037090e+00,1.456440123090874117e-02,-2.809472457488752184e+00,6.011666557042032455e-01,-2.927944285341249842e+00,1.173899360649393708e+00,-7.193197535978144153e-01,-1.926044478573355034e+00,-2.342372839732656420e+00,1.596947294361686254e+00,-2.289669451049138882e+00,-6.096372868501198639e-01,1.121574685237922475e+00,7.854992490026635465e-03
4.242376365808530059e-01,-1.831615002606321818e+00,-3.043638189955788498e+00,-1.974782702766202602e+00,-7.558181353529631608e-01,-1.949732778842033554e+00,3.748844768796880889e+00,-5.539979716687204458e-02,1.159890931132585346e+00,6.631321612547633748e-01,1.667338336856762915e+00,9.744095712110243390e-01,1.780296160116341841e+00,4.554645484901012065e-01,-1.033488939482183788e+00,6.267050469282434699e-01,2.930591132700823387e+00,-3.170837905795735878e+00,4.666213607227065907e+00,-3.029064479621903949e+00,-2.662789075359927704e+00,-2.795779468050760830e-01,-1.037045239470697933e+00,5.678704375492671375e-01,-1.294093283955680462e+00,2.012318026593409304e-01,2.412747461823348871e+00,4.401999468684874905e+00,5.117768924266334452e+00,3.426745202117909006e-02,-2.113651641866998165e+00,-4.365530902765900612e-01,-2.395404604543849736e+00,1.956443695263675675e+00,1.882113355568729940e+00,-1.709898194338269839e+00,2.956580100587579807e+00,8.480910598677890988e-01,1.563478355850620227e+00,-3.574386105029514482e-02,-2.043150731935938325e+00,8.598563736720521433e-02,1.691472700661052153e+00,-2.289802845685168009e+00,2.918285077531570959e+00,8.483156260787231284e-01,5.021597060701711968e+00,8.729894618864556533e-01,5.034695272831970492e-01,5.647679487048989921e-02,3.370024341407013235e+00,-1.342346938461908001e-01,-4.599713704115985458e+00,-1.894170359555240601e+00,-1.190799297155183734e+00,1.700074634062601620e-01,-2.350220688926062174e+00,-2.799819121460147997e+00,-2.016880506874861645e+00,1.696016865359366577e-01,-2.856755550527914966e+00,1.179914359029301529e+00,6.257690037296721464e-01,-1.735908120318911063e+00
3.836659156372890234e-01,-1.274719057237211350e-01,-2.726550935592762848e+00,-1.062034109428500628e+00,-1.567152004580101510e+00,1.553962046717745960e+00,2.177031083525899025e+00,-1.812275225576454707e+00,3.260521608814896943e+00,9.621797537666421096e-01,3.188634634015035108e+00,2.408579203665969892e+00,-1.100371299845015693e+00,-1.308184947734525316e+00,-1.350897614850095962e+00,2.161098055084438307e+00,1.648498709212300462e+00,-2.283965713470128556e-01,3.928052165206494806e+00,-3.050921125100163334e-01,-3.186363487489425328e+00,1.477309561792508719e+00,-1.917182327630986283e+00,1.990702338652731829e+00,-1.844727997527237928e-01,2.451911858766249175e-01,2.229014751962448138e+00,3.654779306108492776e+00,2.487442157730376469e+00,-5.305010814695534371e-01,-1.495257405921747607e+00,-1.968993518398824083e+00,-1.859279258201778751e+00,-9.947657560631972817e-01,1.220607790765158018e-01,-3.047095525082941236e-01,3.830655302556118524e-01,-2.225287054635558537e+00,2.921285804733106950e-01,-2.560820880443513747e+00,-3.130488163122797651e+00,-1.598896555032781830e+00,2.847896055506947466e+00,-1.812470988395833649e+00,1.508014800541773948e+00,-4.574578911652460445e-01,2.210451089815403058e+00,1.153058887450893327e-01,1.557998020997892530e+00,-1.500653014890776238e-01,2.034702338231160645e+00,4.565544271872854498e-01,-4.122793927449344586e+00,-6.340999360980579258e-01,6.786298830794996739e-01,9.332723876269484187e-01,5.551847142203216734e-01,1.811378326019393858e-01,-3.115110739647086291e+00,-2.430746272877748027e+00,-9.554944722826000936e-01,9.115957328222878964e-02,3.552223789588019542e+00,-3.353972550460062152e+00
-1.226139110216155070e-01,-1.249352709484462753e+00,-8.633607293366207802e-01,-9.407677680247715779e-01,-2.281205128539598448e-01,-2.982791458887946057e+00,-1.012078102332978347e+00,-2.596545724183459303e+00,-1.512537901540150553e+00,-7.255180812426657022e-01,4.126446295185596469e+00,2.515052118781659907e-01,1.745512818482634287e+00,-4.397947858314966152e-01,1.572857781681347156e-02,2.742194014148119141e+00,-4.802432325575802796e-01,-1.919922009118237183e+00,6.178629765958419284e+00,-3.494264920488908466e+00,-3.400793538459819132e+00,4.127249538704102494e-01,-1.236267982774890362e+00,4.034491967298088788e+00,-1.626336967949046031e+00,1.605236461260198366e+00,3.587948256300537153e+00,1.753065722640337443e+00,2.485204866258933887e+00,1.644466340320440478e+00,-6.031070915952828626e-01,-1.994817427228877893e+00,-3.587097333875755023e+00,-2.295904446789830189e+00,-3.795305153744898963e-02,-3.149889472073454932e+00,-3.860134872476165824e-01,-1.102519871699449983e+00,2.212465435756348242e+00,-1.568672797050353562e+00,-1.656355448443499911e+00,-1.601267708555568881e+00,2.085110344905822366e+00,-1.962566058064325825e+00,2.364529653393539377e+00,-1.277046127023236277e+00,1.731244830941630397e+00,-7.638494689289044848e-01,2.823906221522059390e+00,-1.587051393020646017e+00,2.063295659602755183e+00,3.683435045830634191e-01,-3.560382265801614654e+00,-1.554792041862567142e+00,-4.431652532432863723e-01,-7.253779639946267288e-01,3.169158663509668017e-01,-7.352291919899438533e-01,-2.412612468361727824e+00,6.263658331785826316e-01,-1.653024916865097449e+00,2.117224800280970598e+00,3.018831581329378011e+00,-1.614731636618748523e+00
2.432882704863856826e+00,-2.466593280061421645e+00,-1.546902393641736317e+00,-9.007659406978170136e-01,-3.142125338210550289e+00,-1.050203676071102432e+00,4.810257556037512705e-01,-1.151243391883165934e+00,-3.765629538470803839e-01,-1.572425594546191796e+00,4.664306063142269920e+00,2.037277469488590675e+00,5.044718881300144231e-01,-1.671351393482239267e+00,-2.497608249388000079e+00,2.492951128262851590e+00,4.615806194743222735e-01,-3.115842207786942986e+00,2.752816294048834322e+00,-2.553930205717335422e+00,-1.650775767711817110e+00,9.353866646522361883e-01,-1.279089278731327051e+00,3.241490794801378250e+00,-2.103617103945516931e+00,1.140704279557425149e+00,1.983140027360543067e+00,1.919042266187121593e+00,2.365578173496466263e+00,-6.193985576027966067e-02,-4.707757132463827876e-01,-7.593315794047406087e-02,-2.541974891535469627e+00,-1.696282108746180350e+00,3.840644268931502348e-01,-2.633255831542681502e+00,4.118999372597179631e-01,-1.348137526462835467e+00,2.673253260329037317e+00,-2.167560512251072602e+00,-4.345438959534973833e+00,-4.046774212956854022e+00,2.903656648692520825e+00,-1.618005158346363714e+00,1.317815988494538848e+00,-3.175213929169726779e-01,2.523952446834977437e+00,1.853610739180588940e+00,2.670614166924949462e-01,6.470951825357117437e-01,3.937918087124158362e+00,-2.523030312665345498e+00,-2.944196815780976362e+00,-1.066567085036262075e+00,-2.415691584240380330e+00,2.090575406005683590e+00,8.992187048761346446e-02,-9.632540232269397595e-01,-1.700031448403892309e+00,-1.452178448003160760e+00,3.488649889183819131e-01,2.694754457108066159e-01,1.655394663154746038e+00,-2.971682956771506401e+00
-1.323753177111745671e+00,-5.062495706968090925e-01,-1.661351607898936988e+00,-1.428058283968056674e+00,-2.898319435212115547e+00,-8.118072973323109398e-01,2.394950510560658330e+00,-2.284039486474901182e+00,-1.236666314548414469e+00,-6.909605501325413179e-01,1.584884042621025335e+00,7.795094686772526815e-01,1.059125239542443087e+00,1.247367979149960338e-01,2.680023956925778883e-01,1.022510169124202895e+00,2.324351201438373593e+00,-1.363508999275633293e+00,1.918067627757394478e+00,-2.580881070943477518e+00,-4.136821386510695753e+00,1.306189367631311882e+00,4.114440316758292138e-01,1.620600721385251797e+00,5.422764860056759062e-01,7.192975530859992972e-01,2.370331828476579972e+00,4.221093903778550427e+00,4.341426614394746863e+00,-4.347289420396273085e-01,-2.721891428547337455e+00,-2.883333036549949213e+00,-2.503023341685177705e+00,4.291165831359670113e-01,1.440550474544747717e+00,-3.252011711300426100e+00,-1.426019280098743014e+00,1.200183076510493940e+00,1.343521874326222942e+00,-1.915213174452372158e+00,-1.328666359241712946e+00,7.144179699756181279e-02,2.231703570687479932e+00,-1.098013922045590451e+00,2.880203506986567685e+00,-3.042025407713970342e+00,6.640534514148090928e-01,-2.654064298779877706e+00,2.653560635953706726e+00,-9.411169429850582135e-01,2.106342245646713351e+00,-1.965268302583942583e+00,-3.397120026559278028e+00,-2.369367461334612734e+00,-3.157720917605004729e+00,1.534540558735310700e+00,-2.497745301210869240e+00,-7.293953225995912781e-01,-2.597867883699746194e+00,-1.029612843060004446e+00,-6.918591497367985177e-01,3.645528522457877951e+00,2.214552161023910060e+00,-2.736307562419401318e+00
1.549503985239735204e-01,6.277427486981848048e-01,-1.984676863164087202e+00,-1.788513772700348614e+00,-2.363405755220619575e+00,-9.993815551111862039e-01,5.365585506356737033e-01,-3.314111301258637177e+00,-7.307052732534620176e-01,-4.122591218889064546e-01,3.995507401277220705e+00,1.499678477186414671e+00,1.421932082455484858e+00,-1.678963137417763596e+00,-2.915093916749444958e+00,2.169516607906068373e+00,2.508106219152688166e-01,-3.334843825762551006e+00,1.382797426695825838e+00,-4.119063556190456499e-01,-2.828963619629596860e+00,-4.709184302265494448e-01,-1.713271352786727597e+00,2.375504703746577295e+00,-1.567561216686091274e+00,1.845779639023852781e+00,3.636296400026929554e+00,4.965013686182442321e-01,4.077598831452995398e-01,2.070522940972263193e+00,-2.451026453051277088e+00,-7.065388111004828886e-01,-2.477116236943067484e+00,-1.694396227926513010e+00,3.493603573186725431e-01,-1.035956327672661104e+00,1.559044008499408385e+00,-1.349950259029429223e+00,8.363740584862913163e-01,-2.080541492674225168e+00,-2.123812173720017960e+00,-2.288058901954181046e+00,2.411844516749580336e+00,-2.489399821115036104e+00,7.708525652465294531e-01,-6.845434054390064915e-01,3.249779201031897102e+00,5.253945394480891151e-01,1.042036618582208529e+00,-1.103663634930375004e+00,4.514953093861819866e+00,3.241267622419570227e-01,-1.621088971766586839e+00,-3.351729681780685199e-01,-1.303714654533378869e+00,1.123072454167459266e+00,-1.393882140572738404e+00,5.985299298272299673e-01,-1.341735780309658566e-01,-4.487115872229014979e-01,-1.139819117006873439e+00,1.534572476483254011e+00,6.180785750672950218e-01,-2.551232975102034395e+00
-2.425546030323558533e+00,-8.358465021450377508e-01,-1.601315385211284692e+00,-4.159088888648968529e-01,-4.336741998779516383e-01,-2.296533962849363508e+00,1.116379135870101624e+00,-6.371261630943798604e-01,-5.161948708566639343e-01,-1.963083719619061140e+00,2.806615740965916039e+00,3.977203409089022923e-01,-1.413786606451173045e+00,-2.277254905964809950e+00,1.219615891714307399e-01,-3.209240602456169267e-01,2.302695496381570450e-01,-1.552416007388250918e-01,5.678374302249468819e+00,-2.109131944564568428e+00,-3.813170956377821330e+00,2.212430900430587322e+00,-3.017650795061463498e+00,3.243691338925216883e+00,-1.107162067788849846e+00,-5.362354936846944753e-01,3.054308984231611568e+00,1.889083611276534791e+00,2.826655206519631758e+00,1.765837516491178594e+00,-4.667944274740056798e+00,7.957433721761830725e-03,-3.181541451807775811e+00,8.756427223941953830e-02,3.279188856511359162e-01,-1.884232952904382863e+00,1.267706917548421242e+00,4.022682568239748235e-01,1.834389353723743454e+00,-2.099557719074909734e+00,-1.613830377323010268e+00,-3.758789943257090815e+00,2.829322100721244126e+00,-1.495916912939285304e+00,1.502316163608350186e+00,1.087114282676933552e+00,2.071495517404005504e+00,1.536458077682061329e-01,1.841200382464422303e+00,-2.086778610713800219e+00,3.512846656385694377e+00,-1.052236548984089692e+00,-2.102385838628533676e+00,-5.394664147917411778e-01,-2.254802437181346875e+00,-1.351606463013768078e+00,-3.993748416770412479e+00,-8.536113081456118135e-01,-3.331843359342874678e+00,-4.287027769034446045e-01,8.018779483038671607e-01,1.288954798038337346e+00,1.632372656701579938e+00,-1.500125847344461638e+00
-2.845336658625139403e+00,1.607308232858700059e+00,-1.230714460796534127e+00,-2.780939407364081628e+00,-1.834990046053449175e+00,-1.872829389432510094e+00,1.725257081942436876e+00,-4.621837357709164706e+00,-6.731184403282359785e-01,-1.430456785237145478e+00,3.570598031912494363e+00,4.398859787950981648e-02,4.207579477254314582e-01,-1.505901653852522948e+00,4.126664342792754070e-01,1.476710924921468937e+00,1.214353368086299234e+00,-1.710474704019953052e+00,1.918286370149747011e+00,-2.336649600020593631e+00,-3.904016506787338692e+00,2.071607281737787964e+00,-4.483399755859611702e-01,8.942646316863633871e-01,-2.939957420563138468e-01,3.850887868758998689e-01,1.259891471166620924e+00,4.822872078251974060e+00,2.124768240038965583e+00,7.620332546061932000e-01,-4.405814158858117224e+00,-5.930834405529751274e-01,-3.395957004124669609e+00,-2.090499297898866793e+00,-7.538529914364413553e-01,-1.568345166830874549e+00,1.097347821004993396e+00,1.743256995505876983e+00,1.870213502933330663e+00,-1.461087695885819659e+00,-3.471626447376708668e+00,-2.028908142862511088e+00,2.451544874168549271e+00,-2.868268963098581370e+00,1.429894394628832721e+00,1.730292053337579183e+00,2.816366349085465792e+00,1.573554769744064163e+00,3.826624502146100060e+00,1.132101970731214990e+00,4.588824861058658833e+00,-6.232283793335529065e-01,-2.421854653348190833e+00,-1.373747999349391735e+00,-6.891787184899463847e-01,-8.910355858546104013e-01,-6.275724073259676405e-01,-4.578812683214397716e-01,-4.010585920966855955e-01,-8.879233757615361267e-01,-8.360719873166555516e-01,1.353174564771944643e+00,3.249258097823963354e+00,-1.770685379613543331e+00
-6.833569643982848607e-01,-1.821019877180364288e+00,-2.176459098954415250e+00,-4.476554777040142596e-02,-6.509340071768187075e-01,-1.390084334149687795e+00,7.152751855952560467e-01,-1.819933459571266843e+00,4.202999405463831994e-01,6.122348514462514490e-01,2.280993912122397660e-01,6.192642464286943760e-01,1.246056329187956058e+00,2.230154157779659752e+00,1.797066270408336219e-01,1.284353419816867126e+00,3.658815319427377588e-01,-2.170662475829167271e+00,2.719613079630356811e+00,-2.099811844367925673e+00,-2.239540748917995483e+00,1.666125571893283919e+00,-1.329383523006141932e+00,3.901677450105293321e+00,2.540826140393678045e+00,5.616184034103591793e-01,2.203264365143501990e+00,4.692061685686145012e+00,3.482557725398478077e+00,-3.565829898542047793e-01,-3.613540248103380703e-01,5.461726727105953305e-01,-3.260807488476082039e+00,9.496422410772555889e-01,-5.991108183116313768e-01,-2.863199265554127848e+00,-1.602411107865912454e+00,-2.756432937180242959e+00,2.023507899595414772e-01,-2.961420894649329227e+00,-4.388912390237454275e+00,1.939047736585148840e-01,4.036796417434782569e+00,-2.356686749915183121e+00,3.548444053208684501e+00,1.528398530740499028e+00,1.937388691755237202e+00,1.389177592862954169e+00,3.625145217268737063e-01,-3.109914487874663180e-01,1.538150409238922212e+00,1.172213689261407676e+00,-3.104840465370966918e+00,-4.864909160418440792e-01,-3.063456227695748879e+00,2.998739326111614201e+00,-1.201680429503764636e+00,-6.761403727386047224e-01,-1.462316800971892095e+00,-1.265249476283269781e+00,-1.772138902044531505e+00,1.795273611248150214e+00,2.881318612625406228e+00,-2.603953567440633776e+00
-3.951853481720787320e-01,1.490801865338264864e-02,-3.645632277316168679e-01,-1.008731678317223324e+00,-8.315468805085435289e-01,-4.403205442844969619e-01,1.322317652559938717e+00,-2.311107075358213248e+00,1.818576189001868126e+00,4.513271248407826342e-01,9.561224586802890002e-01,9.346836600251364757e-01,3.058774502331079170e-01,6.134243583859908533e-01,-1.250694200933248679e+00,5.352572776481049344e-01,3.255859582936204255e+00,-2.612963813950663905e+00,2.401130320078337377e+00,-1.517544543071363661e+00,-1.719368021219021436e+00,5.769902395662526162e-01,-2.536070680367850549e+00,2.620746788832469587e+00,3.362207406293820089e-01,1.505595311694402749e+00,5.345862419960765166e+00,1.801140196075351252e+00,1.964261416760316958e+00,-6.139291950037686352e-01,-9.956925746013124412e-01,-3.850535644954855563e-01,-1.944972965729473202e+00,2.698824168676969837e-01,-4.843184889507490265e-02,4.066114856784124321e-01,5.772569054191188931e-01,-2.636281921780608606e+00,1.372803765292107236e+00,-2.271410954676630123e+00,-3.409059456456834614e+00,-2.153360277891870567e+00,1.866283562586258160e+00,-1.052887090385488111e+00,4.227189017721517672e+00,9.470465529446470132e-01,2.442963364767038126e+00,-1.640031320460652031e+00,7.950770433458385078e-01,6.019110206671192120e-01,3.587880478968473064e+00,-2.080506551324742492e+00,-2.870452109585524436e+00,-1.356197359263179969e+00,-1.893119440725563152e+00,2.371397523381165051e+00,-2.808734479547261742e+00,-1.510545452213789996e+00,-2.450255355119876022e+00,-2.805506944893491283e+00,-5.528755363085563479e-01,3.364425145030214281e+00,8.407307886360457783e-01,-3.466008818994970930e+00
-1.218445647420529188e+00,-5.331280974630714375e-02,-1.405719887407837376e+00,-8.336515092390255344e-01,-1.683088433008914420e+00,-1.590342163018093835e+00,2.200852674057940828e+00,1.928518486778374452e-01,-8.709922619442251879e-01,-8.591969958294705112e-01,3.472386142717049928e-01,5.162861219566616811e-01,5.884089387967293971e-01,1.980969665740704988e-01,-9.124462999832797516e-01,1.502431534956603310e+00,3.571980616945635845e-01,-3.736737187920807557e+00,9.332079979164342731e-02,-1.774803693771344726e+00,-2.052264222343718636e+00,1.615673290577973820e+00,-3.683897669826404542e+00,8.567203031915027189e-01,-4.025988235404379112e-01,2.167200372274309395e+00,5.233864236037655715e+00,3.616029012759168548e+00,1.069702673779138635e+00,4.527668281785273141e-01,-8.884883809261545640e-01,5.157875006459484712e-01,-3.811633331197024965e+00,-1.531636542211483709e+00,-3.099635344747784238e-01,-1.047591103407597535e+00,2.743156934380793999e+00,3.583583294236707406e-01,1.807704095792086907e+00,-2.766311188202495330e+00,-2.939380304280876821e+00,-3.214158173952145869e+00,2.077767838089952690e+00,-1.811008770774368726e+00,2.124155226419450315e+00,-5.282627872430926130e-01,2.796647698005271021e+00,-4.350223809729982793e-01,1.214554170847410575e+00,-2.236776245552020370e+00,9.570561901568450658e-01,-8.064162079254671989e-01,-2.261662336467508361e+00,-1.082306751075837070e+00,-1.216565460716408253e+00,1.038139629765527649e+00,-1.887615126953733347e+00,5.085079643438463748e-01,-1.618770626611258034e+00,-4.097200250263278165e-01,-1.667515894199769866e+00,2.028742428755144545e+00,2.771391150744212162e+00,-1.820794732209468636e+00
-1.217279004734789227e-01,-4.753958214857751940e-01,-1.209953184308156349e+00,-1.346715281898525296e+00,-2.434294870886069884e+00,-7.652857219886951556e-01,7.084246539293533873e-01,-4.864174119850519062e+00,-9.059507625197815717e-02,-1.113068170394275747e+00,4.905077213231425759e-01,2.035945712206247649e+00,1.173644748009640359e+00,1.892734386512283429e+00,-1.802730065294905870e+00,1.939886176316074629e-01,3.772238497922830724e-01,-7.003194283391580566e-01,5.064058335265026578e+00,-1.806346414627401753e+00,-1.857672758844867378e+00,9.756689694922417999e-01,-1.751056857867971051e+00,1.586354206137046363e+00,-1.197281234643822412e+00,1.292651563859686270e+00,3.779539248312177691e+00,3.425223181146469287e+00,7.678392405882705773e-02,1.240191923535713503e+00,-6.592684938062758349e-01,-2.207921112001250741e+00,-3.877573140923276540e+00,2.991595591499184303e-01,6.311921556705517578e-01,-2.700515881537657314e+00,6.784037338443071885e-03,-1.424089145083814678e+00,1.479966542299816279e+00,-2.146590276273860898e+00,-1.873415763360154918e+00,-1.175364853988157821e+00,2.080773986219457861e+00,-2.940583794862403622e+00,2.514340227041599096e+00,7.973927837617631464e-01,4.073621307359143628e+00,-2.297661108052881485e+00,2.643938281831072601e+00,-1.746952556138081647e+00,2.569872131325673159e+00,5.690271670712134799e-01,-3.685308022104724301e+00,2.162547760697607346e-01,4.920002378911032537e-01,1.444480844676800935e+00,-2.597213427431267263e+00,-2.088475722062966611e+00,-1.841468432730314131e+00,5.062174054202086548e-01,-1.775506960337443374e+00,8.510604009881683751e-02,1.082873712580854741e+00,-1.036289872633867404e+00
-2.695170580306183172e-01,-1.355542646850371957e+00,-2.386350254011255334e+00,3.870010503148892944e-01,2.313268122374889657e-02,3.221932136400686986e-01,4.071936145546917185e-01,-4.676049078797790415e+00,1.445498724169849147e+00,-4.024462958349400155e-01,2.874571376290702585e+00,1.910673488714678347e+00,4.661386998846626106e-01,-1.359479573122762686e+00,1.454168037632488364e-01,1.661413856478396234e+00,1.238289057739327959e-01,-1.485470547653529483e+00,3.344704508803628684e+00,-2.452128803116186972e+00,-2.346941812419187645e+00,6.707570490545105013e-01,-9.541086615521515713e-01,6.580405978488643726e-01,-1.346380375595116252e+00,1.037298765402289158e+00,2.632328988898362532e+00,5.130627259583590671e+00,3.409259581018849961e+00,2.191783289756730646e+00,-6.258765034764642854e-01,-9.420601617620755208e-01,-3.083554376759370719e+00,-5.106150105860002286e-01,1.901803005318757123e+00,-3.996452731184307883e+00,-5.493454960216028748e-01,8.539717024607487161e-01,-1.871234641745804783e-01,-1.475421938948460188e+00,-4.766373950465416343e+00,-3.326914500547846210e+00,3.939094373653736270e+00,-2.737894366356052434e+00,2.058583492109932411e+00,-1.379856924924733330e-01,2.950302462507725210e+00,-1.143114965559849927e-01,3.310965207078732764e+00,-1.076613969219311517e+00,2.091009026106812829e+00,5.167376151292233377e-01,-3.468246482685485521e+00,-1.655526302474786604e+00,-1.778804565455569309e+00,-7.822576168783590411e-02,-7.980581354867715138e-01,-3.550573072416389753e+00,-1.614561003780522697e+00,3.992684164242965572e-02,-1.593001952427812284e+00,2.800325354885440987e+00,5.058449990609650282e-01,-1.365940415687591170e+00
-5.221816616079745232e-01,-1.362806557847685784e+00,-2.228134734547807749e+00,-2.721744995747704010e+00,-1.188132702435444221e+00,-1.037159347385180785e+00,2.804793445905042759e+00,-1.570042709539198666e+00,1.709356036919640887e-01,1.209714645315708381e+00,3.600050461550336145e+00,6.003807544810519925e-01,2.608469372474058190e+00,5.189092421978200864e-01,7.527711706408184433e-01,2.153694116094464039e+00,1.403250437361678982e+00,-2.002321592550718066e+00,2.952879079118019057e+00,-2.428496788831943753e+00,-4.592702277792882981e+00,-1.136273286652849546e+00,1.334505476413139213e+00,1.987019830363257133e+00,-2.224814476762688287e+00,1.271675953503260903e+00,4.836649249818989027e+00,2.104683169035086454e+00,2.710271572477559676e+00,-9.905623197869213303e-01,-1.316700441496014840e+00,2.404449368555916511e-01,-5.297918565404851954e+00,9.442395653271840050e-01,5.598275803835007780e-01,-4.865771541651162657e-01,-9.500917667972323954e-01,-1.349352199577623423e+00,1.528192224588100778e-01,-4.542750134377608440e+00,-2.083641742277127840e+00,-3.066578686286998590e+00,2.742463594782517333e+00,2.041285031979531706e-01,2.082875069948753488e+00,1.839647049258037181e-01,3.272165264153948705e+00,2.541940545375217519e-01,1.032169978877542027e+00,9.379311791408138088e-01,3.222371946883867189e+00,-4.345832251624389686e-01,-3.433466782214899649e+00,-2.520505241574055866e-02,-2.432383860292161248e+00,1.178112222363818296e+00,-1.314226674127239480e+00,-2.339667563857203092e+00,-1.586039530855371860e+00,-1.723275715823525456e+00,-6.597610770353623533e-01,1.074648255213989767e+00,1.543682005305598848e+00,-1.752159099724226898e+00
-2.512388830942956730e+00,-1.642754755067426409e+00,-8.219680928577365320e-01,-1.013525707200024106e+00,-3.314794001635539278e-01,-7.115205610965108507e-01,5.694394878154367401e-01,-3.001169826786678207e+00,-7.570230608683354845e-01,-2.068079172473305416e+00,2.780611911812668424e+00,1.740330492828996434e-01,-1.373727062327483095e+00,-6.748059809893380834e-02,-8.378321465389959588e-01,9.335591734714718815e-01,7.363667358944585573e-01,-8.406140076216893631e-01,4.991771032830414789e+00,-1.467246027953712506e+00,-2.812939052078403002e+00,1.398418258610258036e+00,-1.634975789757024289e+00,2.727396122861809324e+00,-1.898847462533403974e+00,1.080193746797875054e-01,5.775455190448919751e+00,1.313887075487294220e+00,1.083824948724374515e+00,1.114228037597302934e-01,-6.596699669852457149e-01,-2.750306673142647096e+00,-3.170765691654874985e+00,-5.439633904728913283e-01,7.143510865728190939e-01,-2.004112415120455459e+00,-1.504766527087008754e+00,3.873894708323364355e-01,4.766477497576270816e-01,-1.805080623039969190e+00,-3.477684354560412139e+00,-1.788798159439125346e+00,1.647189905639347085e+00,-2.602551076150068088e+00,1.730225457950986367e+00,-3.070703356605868350e-01,3.158113295225279948e+00,-1.364269343731524975e+00,3.292553256272804596e+00,-8.181163198891570065e-01,4.729416296315346102e+00,-3.781381047538614482e-01,-3.816930566588410123e+00,3.861381151374265741e-01,-1.211644853639657127e+00,2.925917684009795128e+00,-9.534297291155165999e-01,5.443990128058915356e-01,-3.864979175587283322e+00,-3.574297461501073081e-01,-2.681172187304175836e+00,7.139068783247400907e-01,2.195039850854118235e+00,-3.953149080373246527e+00
-4.168994560808734207e+00,-1.316250008144845829e+00,-5.287965945679091728e-01,9.238718865278383596e-01,-1.205567604622826083e+00,-1.141699092426503359e+00,1.498748863384210761e+00,-2.462803898377930345e+00,-1.302621835216278390e+00,-1.891089137916753371e+00,3.120047782835841943e+00,-6.951886539869263082e-01,6.337010546365596797e-01,-4.821972078414709095e-01,-2.106534734241531481e+00,1.770242107879689275e-01,1.215814784824083228e+00,-1.070255599203201236e+00,4.303357628925689404e+00,-2.881583073568415365e+00,-8.344890633510400058e-01,7.438097660304632264e-01,-3.531139145585588501e+00,2.495459186440903476e+00,4.231914940091319188e-01,-5.231614753436519827e-02,2.159779510721211881e+00,3.597031591275652307e+00,1.102712931150573450e+00,2.507717226006993538e-01,1.671245930385453438e+00,-1.726014367576974795e+00,-2.442151214241825130e+00,-9.286355887428942024e-01,9.197833720711335870e-01,-3.068760113656830768e+00,2.201215344347507985e-01,-1.082768949430731098e+00,2.369952042000731396e+00,-3.773439574483357539e+00,-3.693353877557097764e+00,-2.459300794374837729e+00,8.524838530213600940e-01,-2.753936275693279701e+00,1.707193212944303262e+00,-3.628552942940218573e-01,3.419008032277258913e+00,1.353352022463885085e-01,1.912304742830637228e+00,8.134647240163823678e-01,4.015394875137623387e+00,-3.978081732651675417e-01,-2.072568932390016272e+00,-2.818030571611369162e+00,-1.164416204001846200e+00,-8.415877408663412496e-01,-2.210953394532742866e+00,-4.309781182002341837e-01,-7.236612972055080917e-01,8.244713167868222836e-02,-2.546090159739815562e+00,1.018315493728495724e+00,3.354934885610230566e+00,-1.572650487336549219e+00
-4.845402077318894385e-01,-1.678782056223563801e+00,-1.686046330873724575e+00,-3.113166332355294941e+00,-1.361904962027775889e+00,-2.575993412397896698e+00,1.015573437831999826e+00,-1.997532891690741774e+00,-1.736726228463383315e-01,-1.279004290249774911e+00,4.373488771280760190e+00,1.281736036501246234e+00,-6.460676268039745596e-01,-8.677086034158043581e-02,-7.444476470618988095e-02,-3.800501491359042916e-02,1.576898849528999502e+00,-1.117200329330783948e+00,2.336360653171435153e+00,-1.040324734874526591e+00,-2.640223890516654848e+00,8.340385016189961753e-01,-2.102069881003330920e+00,2.163197351254979139e+00,-1.820287100582537398e+00,1.207706024441395742e+00,5.022462929351047656e+00,1.391079465270880444e+00,1.838749384178920643e+00,-8.664897087797411857e-01,-2.728526319610835582e+00,-1.926490867572360655e+00,-3.441862814567326456e+00,-2.045365649042865108e-01,1.546886938814731494e+00,-1.595153962375275958e+00,1.467687394400112866e-01,-9.457336012228529931e-01,-1.562890627608037875e-02,-2.947820028227295275e+00,-4.352161133282433703e+00,-2.270525005788514239e+00,3.066861403518779561e+00,-1.341352040618233987e+00,-9.892695870400602942e-02,-3.213438270140490660e-01,2.804753228260208786e+00,-1.552440248427865876e+00,1.210218772812411636e+00,-6.084410608150550015e-01,3.448960626971422361e+00,-2.660139106062506809e-01,-2.699157474654137356e+00,-2.475701210010861075e-02,4.558480957518940002e-01,2.296174577818262286e+00,-1.262246217842743601e+00,-2.133483414869624006e+00,-3.868707640617923715e+00,-3.243490947287226422e-01,-1.886155342053030814e-02,3.261970150653485945e+00,2.419029114729257746e+00,-2.141577365564514057e+00
-1.334584815124939983e+00,1.143384895825418912e+00,-2.254958345501489436e+00,-1.404975052967562643e+00,-1.180313328051538990e+00,-7.133583598688619798e-01,2.487667570450962984e+00,-1.606512501984950880e+00,1.779060688321601802e+00,-2.168964891537080719e-01,2.860954253238348954e+00,1.459892142914868796e+00,-1.019043305607188366e+00,-2.167201896248924342e+00,-2.082037890821240467e+00,1.920952705988280496e+00,-4.348176262137724013e-01,-2.390392492471472785e+00,3.210929576429082832e+00,-2.318504961117191954e+00,-6.226713329640594097e-01,2.254136713227952171e+00,-4.402859203721948278e-01,1.633485502894051145e+00,-2.243685256583726861e+00,2.872445110819795477e+00,2.949108393205768675e+00,4.249550365056437684e+00,1.867334348938538557e+00,1.106277770919970482e+00,-2.075267827468223913e+00,-1.117051009347453494e+00,-4.184926362389200349e+00,-1.334508066782195357e+00,-6.378958897921953586e-01,-5.019603470126894340e-01,-1.893500396287406851e+00,-1.293895647859704567e+00,2.883616919270980183e+00,-2.456015355617060081e+00,-3.557498483785819676e+00,-3.254223808293763121e+00,2.448876674767769046e+00,-2.951963030748857797e+00,2.249743411393459347e+00,-7.419743325658673117e-02,2.553713605551795052e+00,3.423661658343686853e-01,2.727261318236842591e+00,8.037753165449355031e-01,4.043313518545964769e+00,4.788210659846754425e-01,-3.493361482219899283e+00,-1.378899686926301271e+00,-2.086148327146573056e+00,7.330604460526852773e-01,-1.933883882197643400e+00,7.712098335140629146e-01,-2.830247094240443850e+00,2.124642466084913917e-02,-2.099531332774886572e+00,2.447704000252650669e+00,1.971138067974438579e+00,-1.343059334623503354e+00
-1.874251377349163583e+00,6.842185697986988835e-01,-2.516473735323470962e+00,-3.822293742942025396e+00,-1.133760399252648599e+00,-2.771149636890205770e+00,2.246727376836663570e+00,-2.442478206809183927e+00,2.834462274876476950e+00,4.776728464231483340e-01,9.187762434475659212e-01,2.544035629993406822e+00,-4.195621247162678036e-01,-1.786501075612989542e-02,-1.281839288439179603e+00,5.184006542246125671e-01,1.064438225914298375e+00,-1.057971939485301105e+00,2.951669095704248846e+00,-7.858208487924163155e-01,-1.310759475236542126e+00,3.019031780709598989e-01,-2.783953827995859331e+00,2.499885035000646294e+00,-9.975143317954175970e-01,1.365342387940914559e+00,4.011857605732103593e+00,3.029379300650582696e+00,3.522656551241642120e+00,2.134459522646439122e-01,-1.174607951224328595e+00,-7.959380348538354077e-01,-4.116317739501305084e+00,5.022222595321410576e-01,1.218798799039549241e+00,-1.027096617107121634e+00,-9.320870201709584579e-01,-1.574669245560004427e+00,8.919121998705858978e-02,-3.030908335363324380e+00,-2.124977575443846245e+00,-2.256283687771471147e+00,1.397250234511548062e+00,-2.170093274882117562e+00,2.145974720119224521e+00,6.260125293043929950e-01,7.285069319693546763e-01,8.058369179658844694e-02,1.377615800858057682e+00,-2.850805581084668194e+00,3.265844156000219378e+00,-5.773291547096162102e-01,-3.056173598031913130e+00,-1.819894389902055654e+00,-3.013626995433866362e+00,2.448054376014790812e+00,-1.891142192240225395e+00,-5.216971084899456601e-01,-3.323962772562827350e+00,1.128404634121483952e+00,1.104891415319484427e-01,-9.364594022360783754e-02,1.649029505714662447e+00,-3.773806587326184570e+00
-1.322713022512610248e+00,-2.885700755402671458e-01,-5.615713159827666612e-01,-1.131675818938798983e+00,-3.306772605201952597e+00,-5.760144649187263211e-01,1.988488354600359997e+00,-3.488289838911508678e+00,1.084652628124280760e+00,-1.922195963618988257e+00,3.173394446072007824e+00,8.603069348590689502e-01,4.080718857026010560e-01,-7.288353374414937580e-01,3.344152971954912346e-01,2.269427479761922051e+00,2.496189323890617651e+00,-2.665773586511877902e+00,5.084740621541210537e-01,-1.268391574673625843e+00,-2.270293921934340098e+00,9.530481400872971021e-01,-1.267569087093435742e+00,3.279602494863968154e+00,-7.745056669171201946e-01,1.315449551284787910e+00,4.949301278670597881e+00,2.549631497651124956e+00,2.592860244701907568e+00,-6.458122415830863661e-01,-2.935571846246754379e+00,-2.098975838466667909e-01,-4.177533068340974154e+00,3.233252850902392783e-01,-6.720050331555580403e-01,-4.099538515275782835e+00,-3.005549722296539383e-01,-9.768834175047047541e-01,2.400629728686717534e+00,-1.662164586797727273e+00,-4.570886057473917852e+00,-1.681427403680666677e+00,2.768500635739072457e+00,-3.885745689672367220e+00,3.854148411274834984e+00,2.249412045453551001e-01,2.123862085930242838e+00,-1.452532386747231730e+00,2.817381765269735716e+00,-4.278221351772858450e-01,2.891188691920682174e+00,-6.340127310168675034e-01,-2.359910055355206815e+00,1.836189077789819324e-01,-2.319062429260420721e+00,-9.040578444310380934e-01,-2.823244516178198715e+00,1.749696078426504542e+00,-1.719764210386478975e+00,-8.031729399667082436e-01,-3.219647776634821934e+00,-6.569406612804469248e-01,2.208472204196143540e-01,-3.866606739766152767e+00
-1.627618489945793945e+00,-1.014418415903426407e+00,-7.873370942700687047e-01,3.320141724040202025e-01,-2.069482478540077608e+00,-9.891050863434931451e-01,2.554805435011483716e+00,-3.959663105073545353e-01,2.741089232620828042e+00,7.107781806442245998e-01,2.267688230198184662e+00,1.290456773144495362e+00,-6.427325076802369308e-01,-2.164431437262851254e+00,-9.168221451969233993e-01,1.111513331511827740e+00,9.535152523967191929e-01,-1.871465739118688187e+00,3.464545161010772922e+00,-2.996476484874085244e+00,-1.945291769222438960e+00,1.416048249837904560e+00,-1.460975614819570723e+00,-6.598363398073869845e-02,-2.422955087279949460e+00,1.402587478959533396e+00,2.974418966225242489e+00,3.363354650301042525e+00,1.297388154284351502e+00,1.316063736147107255e-01,1.194372990088300668e+00,-1.094131732070448670e+00,-2.925146528909253973e+00,-1.152154919772644170e+00,6.939568944234616454e-01,-9.799377198178097492e-01,2.231925729278741444e-01,-1.654206201047828895e+00,2.355348278956482799e-01,-7.994558393547115394e-01,-2.490459952785303521e+00,-3.547051662626937940e+00,1.488902257078530189e+00,-1.142196027735180586e+00,1.220909598464114953e+00,-1.485137518494220377e+00,3.312266303273909251e+00,8.217702362557463003e-01,2.806754423768460960e+00,9.259114652762192588e-01,1.570485646570617622e+00,-1.979695875777778280e-01,-3.222496828992792661e+00,-8.242693951965047727e-01,-1.425436888107613598e+00,1.240125622622397783e-01,-2.680206151370730261e+00,4.240769489218683130e-01,-1.398765118577231847e+00,-6.881947329849373851e-01,-1.079558642035686411e+00,3.114474999627914187e+00,1.335991924874075032e+00,-1.715857524069698714e+00
-2.106830762506565868e+00,-1.776087502185073275e+00,-1.222712644843994889e+00,-1.252295529418945508e+00,-1.144242154595174199e+00,-1.296019715340035461e-01,1.938038619957751285e+00,-3.670422572820632112e+00,1.167218487275403449e+00,-8.226075018516021409e-02,2.210464827141601862e+00,5.247142909741868699e-01,1.340931889277060751e+00,-1.238802554821196278e+00,4.650094930000781002e-01,1.848373532207662207e+00,2.553466293267496745e-01,-6.082112876069494245e-01,5.262239221823445945e+00,-2.037148831698948115e+00,-6.999366418329313611e-01,6.969695716061982127e-01,-2.093075485451688422e+00,1.927265109087890949e+00,-2.369780258768924064e+00,1.383368720508346694e-01,3.725810120940586501e+00,2.795687910605020754e+00,1.268099484622568607e+00,2.947741391397257771e-01,4.155938008405766215e-01,-1.122520395092991841e-01,-1.771766051019234789e+00,1.092954401490843663e+00,1.766327213249485606e-01,-2.521483499822658736e+00,8.586375463944624364e-01,7.688921673033806137e-01,1.186920299189939909e+00,-3.328009207130098623e+00,-3.994694048581505452e+00,-8.904449576216109108e-01,1.245248107789270309e+00,-4.034939623097971051e+00,1.148113419643257638e+00,1.872441201198521699e-01,3.246502606154681114e+00,-2.140486207994590995e+00,7.969793962744640137e-01,1.504701152858984869e+00,2.120074124253970460e+00,-8.467183278930531243e-01,-3.924762134783302603e+00,1.474093817082461122e+00,-3.555873886471987433e-01,1.513594399871901697e+00,7.297417605474976199e-02,-2.206259901063785112e+00,-5.321932933776084340e+00,1.488437682508370496e+00,1.080673092246048572e+00,2.312438725023541419e+00,2.663214290850763888e+00,-1.467726389150980637e+00
-1.832931721501247502e-01,-8.565150841299684625e-02,-2.361384991763952890e+00,-1.525961092475006442e+00,-3.181492139427027688e+00,4.503591132115245532e-01,9.658969969885466966e-01,-2.150713171247811584e+00,2.217742129202383339e+00,-6.949167728565931457e-01,2.817525633225399062e+00,1.741334277437246891e+00,4.755501644647048831e-01,-1.075358136857003544e+00,7.034862517759974399e-01,2.347239716212907723e-01,-1.793030786885463357e-02,-2.884585665292558332e+00,5.238865020718384002e+00,-2.755551155783049211e+00,-4.750265914876766971e+00,1.186657654783809690e+00,-1.855113253129399231e+00,3.533870407875895125e+00,-8.834371366046618324e-01,2.721620928065338063e+00,2.799572143676928526e+00,5.430733810554619012e+00,-1.216360840818411226e-01,-4.155810383157386712e-01,-9.310680811408859059e-01,-3.537049729572161461e-01,-3.566937589604584957e+00,-1.354998605243583842e+00,8.490426746700184824e-01,2.099987697538610032e-01,-1.505011813269060417e-01,-5.490728895024209466e-01,6.379514782734755363e-01,-2.917174881710926204e+00,-2.769548110850065026e+00,-1.977806422659385888e+00,4.006257840264089154e+00,-1.232090723462701654e+00,1.102418639212363827e+00,5.631064741997284795e-01,2.043809425450367812e+00,-8.076679093674861143e-01,3.716940247333164749e+00,-2.769289880887290112e-01,4.362428445931632481e+00,-3.134824029608230811e-01,-1.835131305086973308e+00,-5.366633694539730826e-01,-4.270581705332204825e-01,7.898785355952689935e-01,-4.268837762946255054e+00,1.228528378464583293e+00,-3.357454597636392535e+00,-3.907042804373470624e+00,4.158651623186180313e-01,2.554218957673502377e+00,2.416093232702387184e+00,-2.715169865738763733e+00
-9.272381837755669931e-01,-2.209890361687579574e+00,-1.319142456229946081e+00,-2.343384398054515039e+00,-1.423959409209909044e+00,-7.322052074122853416e-01,2.457451726490018196e+00,-1.698977022844441631e+00,6.847119648437058892e-01,1.103388427047730769e+00,5.054557663261620704e+00,2.601539336246369238e+00,1.055142702381821618e+00,-8.647329768674375527e-01,-2.285778261311474324e+00,1.580639846025583717e+00,1.540328512258511751e+00,-1.121728866004561898e+00,5.862033442083051327e+00,-4.435246290218308740e-01,-1.953104293751640519e+00,-2.677499022570262177e-02,-1.190421976258367431e+00,3.104564263960191806e+00,-1.666359922143501926e+00,9.889150069916083918e-01,4.869929659877812789e+00,3.103944770223397764e+00,1.943661197514915839e+00,9.302476017916662121e-01,-1.906722826109646718e+00,-4.549593790316652786e-02,-4.516427872919047459e+00,-2.802412790408432830e+00,1.917584176048204192e+00,-3.008547526663711835e-01,-1.426227818627682775e-01,4.550429185938185128e-01,2.391105172541208024e-02,-1.793731836106236877e+00,-2.980577461248743010e+00,-8.076512517331178032e-01,2.125316025869229630e+00,-1.469331292314846493e+00,4.982292807915098543e+00,2.782593289745138865e+00,2.936066133456316507e+00,-6.830066744466206652e-01,1.181836308739371066e+00,-7.108089937333512687e-01,2.870651418123571386e+00,-6.242989462951525903e-01,-4.292600439125507705e+00,6.580633210517952136e-01,-1.757828930768875031e+00,6.425326041328586202e-01,-3.573522130180483813e+00,-3.035736206015128502e+00,-2.687094957498925130e+00,-1.180915717528291387e-01,-1.047724923187351997e+00,1.309035168864328469e+00,2.753227099860839466e+00,-1.868989534091461957e+00
-1.650314577570597629e+00,8.396582591063075363e-01,-1.265988492086527195e+00,2.016100794744903890e-01,-8.393582298499419059e-01,-1.311344000197259163e+00,2.237455057402848002e+00,9.044681026031176074e-02,-1.512059629631379742e+00,-2.269956742357942314e+00,4.180425234720010153e+00,1.143367496441162423e+00,-3.607450181812406620e-01,-1.694449156562319647e+00,-7.249910319180801199e-01,1.203621191020549430e+00,4.355824158668267776e-01,-1.285319774978884055e+00,2.171925110028696260e+00,-1.880181587831026402e+00,-8.452325817400583308e-01,1.108970228655387080e+00,-1.908048401793572157e+00,1.314271478648150637e+00,-1.135200838458103600e+00,1.864344483108751893e+00,2.309041853475594319e+00,3.625401399195308461e+00,3.455780900816386669e+00,1.675635714179049440e+00,-3.745950714153202910e+00,-1.725828538945732848e+00,-2.866519631311749361e+00,-5.120668734847034775e-01,2.245255763493578804e+00,-1.174777159618525024e+00,2.866299490252783855e-01,-2.071589821829209477e+00,8.960346601442070735e-02,-3.564076066976422208e+00,-2.687473093977139182e+00,-1.011790528683678136e+00,2.270860109980509911e+00,-1.748305278022322051e+00,2.133243487232183710e+00,-1.130685405871373117e+00,1.047424471730238116e+00,-5.855341300902214829e-01,1.674569928461739465e+00,-5.648019971121117644e-01,4.059596221226126289e+00,4.018964904457102971e-01,-2.661444222024516026e+00,7.636750362321083063e-01,3.366498479760309248e-01,7.958310526897893755e-02,1.553914356222079185e-01,-4.671738352489396839e-01,-1.616014890580585117e+00,-1.776867253548466863e+00,-6.908695176082154665e-01,5.271684863879269045e-01,1.380550601845631498e+00,-1.872835808744491848e+00
8.022384686407388887e-01,-9.035737434204167418e-01,-2.472490885219032819e+00,3.985712297610564114e-01,-2.158228404902702735e+00,7.177267682209320654e-02,-7.393826084117636199e-01,-3.083669817335810137e+00,2.489886526567222980e+00,-7.682702660352854762e-01,5.472082760983596472e+00,4.435540813386641412e-01,-3.419508194096085307e-01,1.420043510052559910e-02,-1.203335452226672597e-01,-4.375882400717865384e-01,-8.818062895726566097e-01,-3.685897806131358756e+00,2.725801322501149926e+00,-3.086347581633316572e+00,-3.379555222184000840e-01,1.417549997095634673e+00,6.891711224799788038e-01,1.217551308778819674e+00,-2.512674719082208519e+00,1.808470289429738420e+00,4.283975076326969500e+00,2.724314010873056358e+00,2.699777522614176473e+00,-6.227650893906070406e-01,-2.581962751458116712e-01,-7.991440250613928153e-01,-2.622875998448881418e+00,-4.771327903769629342e-01,1.752496634949538112e+00,-1.354759067655018967e+00,-1.330558833276355157e+00,-2.285806382086891908e+00,1.323485476577988207e+00,-9.579340816193584462e-01,-5.294663710493048292e+00,-2.730868372994404769e+00,1.563065991825347556e+00,-3.115595037678951407e+00,3.800855071479141589e+00,8.055296302842307465e-02,3.636150142983901823e+00,1.159798374015615641e-01,2.082193699771679007e+00,1.857775825896119670e-01,2.725006942413188415e+00,-2.300492253251412045e+00,-1.382094500363683753e+00,1.018320572246983247e+00,-1.420685100152087932e+00,-5.877056708817174346e-01,-1.686046428098683325e+00,-2.504150197604901429e+00,-3.405713379908070770e-01,-2.217739502648423233e+00,-1.093247176758234573e+00,4.423386912640962620e+00,5.708093677622603224e-01,-3.419347022813132408e+00
-1.713701078271642197e+00,-1.284983214566146836e+00,-1.625404030294175239e+00,-2.228134648094526327e+00,-1.729048644020683145e+00,-1.393194845578197949e+00,1.036754153274419110e+00,-1.106863823488066778e+00,1.092408634695703817e+00,1.066659068454571146e+00,1.435093468832455699e+00,7.554515997435069519e-01,-1.701620516322002841e+00,-1.283074959089403055e+00,-1.752190058276678730e+00,1.340021145077783915e+00,9.109682955158188156e-01,-2.633311073498528998e+00,3.150602880384101745e+00,-3.492873499317647568e+00,-1.283993880169805646e+00,1.979180686316416304e+00,1.721627792464925033e+00,3.574900426778890861e+00,-1.371361906819123178e+00,2.467333680021685627e+00,1.856953457986379563e+00,2.772820357537185920e+00,4.351707906466472764e+00,7.233982626488943968e-03,-4.772788229074448552e+00,-6.889936746854111727e-01,-4.031978582620528329e+00,-1.555577278301705224e+00,1.316962135032724301e+00,-2.048470290919609305e+00,-8.562245699822741418e-01,-2.482774105022486744e+00,1.681037682709909831e+00,-5.530507424402471006e-01,-1.400281719921966150e+00,-2.595406805478670087e+00,7.381065607245509419e-01,-7.468693177651728465e-01,1.999715448794331607e+00,-4.665247764647780793e-01,1.135488678651981997e+00,3.139505265299499914e+00,2.625708005845813098e+00,5.194102076211438712e-01,3.142660856295605765e+00,4.738562097050305066e-01,-3.799558872433995038e+00,-9.998759533813653677e-01,-5.421327604632045771e-01,9.590372281076731120e-01,-4.807894192643198394e-01,-1.305026302046264020e+00,-2.921691071582767307e+00,-3.197195114035444874e+00,-6.908438322301282408e-01,2.181980039094435497e-01,-9.471734968085923079e-01,-3.759128550686932080e+00
-1.608805099833017782e-01,-2.745521875579938431e+00,2.174774928941611840e-01,-4.174381208017911016e-01,-1.835974667077608702e+00,7.536887027070118261e-01,2.026238439094380173e+00,-1.052904812364047871e+00,1.815495812924273311e+00,-5.209960327053034801e-01,1.471695499282226871e+00,1.088090320961617063e+00,3.002191835451466506e-01,4.704975532959085882e-01,-2.903089149679057179e+00,1.664660021916665178e+00,3.913534687009247559e+00,-2.545145186171738683e+00,1.462293180587849850e+00,-1.557802191998553853e+00,-1.614910503045297041e+00,1.318901846949763534e+00,-1.254356099181926032e+00,3.118811685661903255e+00,-1.277749689003439659e+00,3.722147416406182519e+00,2.504569479119422404e+00,2.735860846699009752e+00,9.503243498863371830e-01,2.750784839321069875e-01,-8.790510951943135698e-01,-2.946541241472762529e+00,-5.848271873936263354e+00,-2.306404045496689426e-01,8.063036485713981349e-01,-1.143359543660527722e+00,2.989415843303122600e-01,5.906922143654227408e-01,3.464774131057928308e-01,-3.267362010950779272e+00,-3.508733711406078815e+00,-2.976487447570232980e+00,6.657189327838133330e-01,-3.958110892534834058e+00,1.450925911841833837e+00,7.285204045062128042e-01,1.897727662639224544e+00,7.808421107675683759e-01,2.753139675760053251e+00,5.408984128219312959e-02,3.982333301014317151e+00,-1.250561735308639122e+00,-5.571491144198297718e+00,-1.586320354716235226e+00,-2.699465498660631457e-01,1.893583718449525222e+00,-4.135310894419395922e+00,-7.131711133699458749e-01,-4.499193765712135473e+00,-1.913580047407287710e+00,-1.306062040205748342e+00,1.101066880945128723e+00,4.788055524601395607e-01,-1.316900425746769354e+00
-3.390430593106818491e-01,-4.635533942001570096e-01,-1.130377157692245671e+00,1.612278015670336462e-01,-4.795100082075506309e-01,-3.625227864748735707e-01,-5.709114706538689354e-01,-1.284773229582849563e+00,9.591164800830004333e-01,-1.213884308570873927e-01,3.361801811566209608e+00,1.370202682701940455e+00,9.819421280673592545e-01,5.722031539149194934e-01,5.954148695680696601e-01,5.668099929043357577e-02,6.076417188913258993e-01,-1.501304441679432111e+00,2.701624550161735971e+00,-2.472911756278436624e+00,-4.481983295574778481e+00,5.248644483930680060e-01,-2.154755967486393420e+00,2.488451230485968946e+00,-5.112245727728245148e-01,3.491809807137897792e-01,2.667504344541548278e+00,4.348714496245106531e+00,1.777430453634005758e+00,1.417334465048766479e+00,-3.409879509393199282e+00,-1.644640697756081238e+00,-3.433579686030167277e+00,-9.798190019732624378e-01,8.868009693553404738e-01,-1.994346293523718838e+00,6.939712810738601911e-02,-5.470400289252740356e-01,6.036666121032889798e-01,-1.567009914356693567e+00,-1.902787748920175437e+00,-2.809019445527241921e+00,7.448352515046452460e-01,-1.630797962948677293e+00,3.092417282450835359e+00,6.195164646061576130e-01,4.678983776607459788e+00,-7.310670492748457816e-01,4.172285802519422049e+00,3.896655656649561372e-01,3.481741931799891887e+00,2.383071294813310370e-01,-3.573878471187971417e+00,2.301198222989938591e-01,-4.920112792801305535e-01,2.750542917888106675e+00,-7.194974515952348160e-01,-3.610934125485615320e-01,-1.227212958638692619e-01,-6.436666776985312532e-01,-2.299342361777038102e-01,1.424138701753925318e+00,1.150510653224946722e+00,-4.068536391576187405e-01
7.672768651557042574e-01,3.472787081848827118e-01,-1.272321312863897713e+00,-1.280096263787487532e+00,-1.335917137306889879e+00,-8.639067143328043041e-01,1.878839314992593934e+00,-3.725861230190332662e-01,1.948332738362139382e+00,-1.191899126255424157e+00,1.125570304903248164e+00,2.505692186974622260e+00,-6.032467471194574715e-01,-1.156396138845428689e+00,-1.935164858999602888e+00,1.102350473048649970e+00,7.442307115653908900e-01,-1.979440564569090455e-01,3.211161285674861254e+00,-2.296923403637582073e+00,-2.114095683843652207e+00,-2.384426424726384663e-01,-1.439724493247118042e+00,2.630261264293943579e+00,-2.773144374048603922e+00,1.490980043096852281e+00,1.912499412504793161e+00,2.630204097395617335e+00,3.996576490659445646e+00,-4.438685083353570704e-01,-5.059988164357521745e-01,-2.673082992382330048e+00,-1.990182445883227347e+00,-1.528333848031475206e+00,-8.390643155013515209e-01,-3.322375470030192623e+00,-1.204185420067401147e+00,-2.394617192638185177e+00,3.228930555976915473e-01,-2.088742940935283787e+00,-3.243690677167848424e+00,-9.974608626102439146e-01,8.357642346076492590e-01,-1.846382760803800371e+00,2.034689031343598131e+00,1.920850106979093752e+00,7.735729381462119747e-01,1.055742752304985155e+00,2.999160511668313767e+00,4.720195353448382036e-01,3.990788094344065229e+00,-5.455221170585610180e-01,-7.399652834072929508e-01,-1.145090166091119688e+00,-2.202737346294859400e+00,1.144534405481447914e+00,-1.211679378639474169e+00,1.996620837088447509e+00,-2.174866157430736191e+00,2.780705967538754653e-01,-5.427573015460536165e-01,1.299790497036329873e+00,1.936310807665752698e+00,-1.853599316029275412e+00
-1.143087987468024869e+00,-1.539966702712228352e+00,5.947518140307856971e-01,-2.350485946863566156e+00,-1.406306946272152913e+00,1.257344261072421698e+00,2.431281421564585266e+00,-3.307946378257853759e+00,2.665615070948527343e+00,-6.497796198999286066e-01,2.750455115201515977e+00,2.973043537646142376e+00,4.770445434927325090e-01,-3.087072275672315236e+00,7.758451686761935751e-01,2.832414097160157240e+00,8.969222588949579134e-01,-1.642253193269911371e-01,2.361826820827580775e+00,-3.199771623167466217e+00,-1.333200623700746323e+00,1.262847988520869658e+00,1.251282499540767645e+00,2.057521828657029594e+00,3.611580546952708470e-02,1.812006040032461796e+00,3.630586564645303937e+00,3.764870809171863453e+00,1.762373805718986608e+00,7.109425357572192183e-01,-1.357316111995721775e+00,-1.281947829660039950e+00,-3.501407696315811169e+00,-2.967424929310396031e-01,-6.853341946326301226e-01,-2.188409616671382452e+00,-4.577073341992997091e-01,-1.642344364781868293e+00,-1.843883585585626150e-01,-2.600893542131289315e+00,-2.647130235748450300e+00,-1.559531111518537072e+00,1.355112092047507488e+00,-2.763831077106371215e+00,2.377188779547906083e+00,1.195226018767203247e+00,2.254478682943814594e+00,6.457087134585223209e-01,3.259928868895704213e+00,1.362839813826985713e+00,2.209702710954974947e+00,-1.170383265409415507e+00,-4.688053930253503587e+00,-2.286164543331037358e-02,2.465923073275918753e+00,-4.929631945039147922e-01,-1.383356356212026350e+00,5.306954067255569285e-01,-3.624367207474776809e-01,8.273603308101964426e-01,-5.362757604379196907e-01,1.685427012002457259e+00,1.962641179267800684e+00,-1.381549704314249283e+00
1.726278325405603109e+00,-2.629029502831095044e+00,-2.258233434896842251e+00,-3.653191915503428699e-01,-1.733692289057438884e+00,-5.476540128904420213e-01,1.740042798410701641e+00,-1.754085302433938010e+00,3.329853260635983192e-01,-1.417476710322108868e+00,2.102426000722996235e+00,2.836768493651195655e+00,-1.014634707704814787e+00,-2.086198773828679798e+00,-1.528580245361297107e+00,5.334902879804155340e-01,1.797093666296517345e+00,-1.606449649027071880e+00,3.633008121476943852e+00,-3.868572023646533520e+00,-2.776362467302349923e+00,2.179028720589913926e-01,-5.567542266097339487e-01,5.000174954683835882e-01,-4.975206675380152155e-01,9.388351985125296117e-01,3.102059661128408585e+00,2.443081585045189019e+00,1.399536029450257013e+00,-8.964136277390568619e-01,2.277899353336292343e-01,-2.074313457564695096e+00,-2.903812729757625277e+00,-2.137173795071296567e-01,-1.888287298122315327e-02,-1.940772741596267226e+00,9.607862078253254223e-02,-2.073975629461134673e+00,1.231214999427975743e+00,-2.518521030030220764e+00,-4.540046564286393860e+00,-2.120005519669436733e+00,7.532232974884405241e-01,1.002375258231758659e+00,2.415235751415589771e+00,6.581462290964461559e-01,3.485555734647042936e+00,3.035904769289520910e+00,2.329162265548065935e+00,-2.379477511090859032e+00,6.180835370201816836e+00,3.132260411967244806e-01,-3.367152949255804550e+00,2.389139368394648244e-01,-6.507718978891502415e-01,5.969046141527175608e-01,-9.063988994969286450e-01,6.074488503691755081e-01,-2.917846021785128752e+00,-9.221862014363830795e-01,3.150079876435103454e-01,2.285718960710309666e+00,7.714255067454844905e-01,-2.442428529697657780e+00
1.383312661393585330e+00,-2.308231820641353238e+00,-2.139937021309030740e-01,1.310689915408388195e+00,-5.608271744274206938e-02,-2.058900628452985604e+00,1.585831155029488126e+00,-1.662143948498498336e+00,1.400473841055253077e+00,3.432334153412082145e-01,3.898182414235187299e+00,2.949563459241278274e+00,1.198669068849411712e+00,1.689231637850008294e-01,1.274689800486366487e+00,6.989835410347723377e-01,8.816588062457384467e-01,-1.685250523864101790e+00,3.705686517567692739e+00,-7.519438892842225108e-01,-3.276345488862822286e+00,1.840576175532861347e+00,-9.176785658646253729e-01,2.294620400428277307e+00,-1.177349733703884960e+00,2.514049279832986095e+00,3.986686362352344304e+00,3.232401193608179568e+00,1.044955443509691495e+00,3.248509680230214913e-01,-1.763957036494485653e+00,-1.184041834687221462e+00,-4.434711313193841598e+00,3.500445767054293889e+00,1.903023549697233419e+00,-3.287737147339218957e+00,5.875789878979419401e-01,-1.841439693695513746e+00,-8.085743424459079787e-01,-3.340018515898464102e-01,-3.928298509440970143e+00,-1.749061161222053462e+00,1.127750222528190349e+00,-3.052585486822569916e-01,3.113469857492416892e-01,6.753436821304117377e-01,2.533196336499028423e+00,4.451514126893049011e-02,1.401460417263980851e+00,6.499072625248055735e-01,3.482741947262557147e+00,-2.127097063758885964e-01,-3.801117845473204859e+00,-2.468326410126028270e-01,-9.097535187882968000e-01,6.459930652581841182e-01,-1.614572131639995467e+00,9.106484867313970888e-01,-2.100005559742739614e+00,-1.875903432462190379e+00,-1.777248104542800133e-01,1.556529591948729863e+00,1.003602280334409569e+00,-1.438491581416551535e+00
2.181075380873688241e-01,-7.160745731975006745e-01,-2.094745450381384710e+00,-8.112858566326462961e-01,-1.220941615543717607e+00,-8.864002852168743063e-01,-5.948273732184001794e-01,-1.869162308050922983e+00,-2.117862483927326345e-01,3.360456074367064172e-01,4.455665495419927069e+00,1.764427766024179167e-01,-7.375222825997461706e-01,-5.384135820746245304e-01,-1.768002951511360887e+00,1.274544467509809431e+00,1.546245605021170366e+00,-1.995775561531270892e+00,1.977191651378441550e+00,1.036823304521188316e-01,-1.003026909879844553e+00,7.691633423458243968e-01,-9.633899569807855556e-01,4.230180940569379544e+00,-5.652769384670464081e-02,2.746509530730965043e+00,3.518280135415840171e+00,3.077750107994327688e+00,2.341598764392293752e+00,1.013701707793807749e+00,-5.405715556832779711e-01,-3.044085556659248404e+00,-4.872580597465831609e+00,-1.584903449012946108e+00,5.681137103409990008e-01,-1.764269382024419963e+00,-1.577640369197533809e+00,-2.977416178958888437e+00,1.190225904522924649e+00,-1.944713478813632657e+00,-5.152458864187071441e+00,-5.406135360752639674e-01,-1.067586280746017913e-01,-1.240425520428652062e+00,2.584947267048955055e+00,1.950896253247528467e+00,4.465032278933622756e-01,1.675496171826696523e+00,2.577618161313955714e+00,4.811595184265649028e-01,3.074286496989467210e+00,-1.334834461186593657e-01,-2.956107092400798386e+00,-1.219678136167453797e+00,-9.623324616492672234e-01,8.290132399965202126e-01,-3.526862387778973318e+00,1.257295829724859315e+00,-8.877690197616150414e-02,-2.930109052165483341e+00,-1.040119891787968154e+00,7.758061074154793957e-01,3.255969981751091424e+00,-3.584459536028292703e+00
-9.338197297516859230e-02,-1.022391553362127059e+00,-2.215562227487382962e+00,-4.171166832766179944e-01,-1.718970059096714298e+00,-2.911300687589538638e-01,3.423017813555987665e+00,-2.126918408712074715e+00,-3.378851972853081920e-01,-4.072336476195392296e-01,3.561490880167502038e+00,9.176013971431351557e-01,-3.826602604762761595e-01,-2.223550921575695449e-01,-7.367158238827238304e-01,5.245022281462186076e-01,-3.323508337180083316e-01,-4.334679334568356524e-01,4.844879178561917854e+00,-3.138060525866669614e+00,-3.257916383599998689e+00,2.099210034083127674e+00,-1.006759780989544772e+00,3.301808804572686995e+00,-3.612755108228784540e-01,1.101908270258027622e+00,2.584362760079926158e+00,4.530064077243249443e+00,3.281248653124793968e+00,1.311168581200414351e+00,-2.211772385539155117e+00,-1.908333662776582784e+00,-2.349944299906193468e+00,3.983515661038709021e-01,1.374006776981270272e+00,-2.920898500031778866e-01,-1.568013728459396183e-01,-3.580070924752194461e-01,1.997257661187058497e+00,-2.734866066750203828e+00,-5.456466527189960836e+00,-2.349838538277672306e+00,2.552698682916476614e+00,-2.945985570151750110e+00,3.670161952327856358e+00,-1.201691758782381658e+00,3.687601352137064747e+00,1.119286719564805743e+00,1.064402498320453194e+00,-1.340219838454220769e+00,4.498235216253013036e+00,7.783668667897791771e-02,-2.854023202058703745e+00,-2.661083711905638527e+00,-2.117986171515254590e+00,1.625355262549702084e+00,-8.950909608354364888e-01,-1.270897677626984690e+00,-4.661555915388505333e+00,7.599832142690021719e-01,-4.544877044528300436e-01,1.194427433729414734e+00,3.210267179916739266e+00,-1.608996870504302290e+00
-1.723443069799348804e+00,1.977293574071470328e-01,-1.813089655049064941e+00,-1.028856050079085538e-01,-3.702682812119411526e+00,-4.435724765054251950e-01,5.427160405615097938e-01,-3.339404739536102618e-01,5.199473521411123178e-01,1.092484868228060346e+00,1.370230154960451641e+00,4.288913257791638678e+00,-5.485553868472807793e-01,-2.972046319730839992e-01,-2.452455900197731520e+00,3.002850908482218362e+00,2.419789682079983795e+00,-2.308957448959688907e+00,5.226268148572893679e+00,-2.931163404531585304e+00,-3.655729680663869274e+00,1.367726767754276818e+00,-1.331580205052341315e+00,2.992399585379460270e+00,-2.917040566382609779e+00,1.516619415098048762e+00,2.607577658848196478e+00,4.726979724689027940e+00,2.042951530942779037e+00,-9.873703300401261984e-01,-1.466307867216304794e+00,-1.708098123953708525e+00,-1.943220681250046544e+00,-4.494475158691457750e-01,1.674492362900245279e+00,-1.866159384785555098e+00,1.208228806786890042e+00,-2.050684090037741214e+00,8.583737145225665000e-01,-2.333654431678588992e-02,-3.295354092388412592e+00,-2.798299779009358446e+00,3.159754521166296293e+00,-2.994863200325660557e+00,6.889654031864111960e-01,2.590128206109056030e+00,3.012022691641372596e+00,-8.455584225995537162e-01,2.171792735931547647e+00,-2.131792915784880726e+00,1.882515495557025798e+00,-1.185292155036449691e+00,-3.955067261426249203e+00,-8.005784859253819441e-01,-2.014775051388997262e+00,2.657426310573701711e-01,-1.529246747471387557e+00,-2.752969316317030124e+00,-2.789544129419359919e+00,2.454815011887471199e-01,1.169740173984151532e+00,1.612731829888568225e+00,1.148456346222051838e+00,-3.136278072619542279e+00
-2.118636796197793437e+00,4.026300252841035210e-01,-2.206509429956001966e+00,-7.821645573033835230e-01,5.326992728323314275e-01,-1.216486558653895322e-01,1.044721127749204337e+00,-2.190928011850300727e+00,1.995634735284711025e+00,7.845161164118010788e-01,3.339291247199887458e+00,1.561355738834438345e+00,3.798514509309935394e-01,-1.225408849955865076e+00,3.544807732057000393e-01,2.733664356150788954e-01,2.029746082230143855e-01,-1.746481335485619013e-01,3.835489024098705624e+00,-3.738363156853594216e+00,-2.142477845698779859e+00,-7.633575036767759059e-03,-1.065278206845099218e+00,1.856199813742208438e+00,-2.849742619888441020e+00,7.212051215650422398e-01,2.837184321982184620e+00,4.348720117337908420e+00,5.299138518058491343e+00,2.814701513993394522e-01,-2.634920878113727882e-01,-1.890916405645187703e+00,-3.518287471426477353e+00,-1.805063160824900370e+00,3.187398181051407153e+00,-1.091396165592305234e+00,-1.344209143903813075e+00,-1.326409083088726515e-01,-1.319331650114847765e-01,-2.079442519579386861e+00,-4.004002417941523895e+00,-5.996218550514869072e-01,1.585489192717672413e+00,-1.319359426484781661e+00,4.706835569135943587e+00,8.450961327220495312e-01,2.021230105675433375e+00,3.148166533417400270e-01,9.771667767900802382e-01,1.319767076701874542e+00,2.301047801312196661e+00,-2.783866594651776882e+00,-3.388712850652577213e+00,-1.961374080087816107e+00,5.576449509078345024e-01,1.498600434385032321e-01,-2.483355751782114762e-01,-4.696040705381737679e-01,-2.727668261358330515e+00,-1.575754887355560685e+00,-1.006275241375208740e+00,1.393059150537714785e+00,2.740779289416049647e+00,-2.093056896516798382e+00
-3.344733062157373427e-01,-9.707120975084565506e-01,-2.014557414038311567e+00,-1.389306296807037322e+00,3.693544217079327563e-01,-9.993934255335079619e-02,1.396346408024274677e+00,-1.308320727481514290e+00,-1.076336575961262865e+00,1.525215094629522872e-01,4.561737421376147239e+00,1.866030030290024566e-01,-5.438978015466064964e-01,-1.363332906612293005e+00,-8.075425073011373023e-01,3.041498163153791623e+00,2.088826032113834774e+00,-4.567495162671850295e+00,3.709885753042607703e+00,-2.029915141969749204e+00,-3.219690390589539319e+00,-1.955420845785158512e-01,-1.549529522805087600e+00,3.258270851720369343e+00,-7.936381536570225048e-01,1.376729648274588769e+00,3.156413285979946526e+00,2.208176392122451759e+00,2.412451035341361738e+00,8.929488046747209307e-01,-3.143337594102098898e+00,-1.569882888374930285e+00,-1.242119370887364571e+00,-1.706682886208792604e+00,-1.156963980567613293e+00,-2.293957612712237193e+00,2.171254721166827606e-01,-3.763437328843319829e-01,1.057408717695163203e+00,-1.068991603205476038e+00,-1.985224689454345715e+00,-2.872037274397572393e+00,1.833429552008962515e+00,-3.251574887834798755e+00,4.604429479126253000e-01,2.493190131963107792e-02,2.214867337642643541e+00,9.899710936039299858e-01,1.952872298985141697e+00,-1.012846659237014002e+00,3.618148885975569939e+00,-3.145933904305059592e+00,-2.236201742174887208e+00,8.567546929669749289e-01,-1.037828117105414449e+00,1.367950599456063676e-01,-2.252517822227984023e+00,3.722272013155734083e-01,-1.984636921803274667e+00,7.396083595796465460e-03,1.824516752545231046e-01,2.067982561144659392e+00,1.317462878942318394e+00,-2.707696678094476450e+00
-8.118708186194127929e-01,-1.790453170978908659e+00,1.934141603438277457e-01,-2.111295602967646179e+00,-2.729181376384978819e+00,6.578408481089776938e-01,1.554933772017967231e+00,-4.040615633818346986e+00,1.519136770528913161e+00,-8.866394646735420437e-01,2.766489674361746420e+00,-1.083644608986710889e+00,-1.070183973128708554e-01,4.581398480509744076e-01,6.578389309314560673e-01,-2.990209709463869103e-01,2.476970305980803033e+00,-1.006983572919164960e+00,2.970931389825662183e+00,-1.047892077824829737e+00,-1.623200768937449912e+00,7.148171159611751424e-01,-5.975208425965723436e-01,3.468859305165064466e+00,-4.324525824364352511e-01,7.195854682616407150e-01,3.756936233214124510e+00,1.071011007022409256e+00,3.379632748479973081e+00,-1.582691989637946772e+00,-3.249742140167257709e-01,-5.479050956411636308e-01,-3.596193948558951359e+00,-5.549880382238130405e-01,4.022737437127886784e-01,-2.243197519254181316e+00,2.270339251749353693e-01,-3.318822654636362834e+00,1.598706635169981016e+00,-3.625190904131377234e+00,-2.894188348740043715e+00,-3.977222357326907876e+00,2.306390048914270796e+00,-3.410282571209416247e+00,3.316431780027873533e+00,4.052053114295272596e-01,3.061233974872181296e+00,2.114819942074714465e+00,2.087375814986125011e+00,-7.456068999636809025e-01,3.672991051467694668e+00,-2.504369770389770267e+00,-4.441296207425342146e+00,-2.108352193165161204e+00,2.964815733740311376e-01,1.465913743577353046e+00,-2.071970988093011723e+00,-2.136273212133245725e+00,-3.541389830973769470e+00,-3.270180155688868773e-01,-3.831514907144165427e+00,2.936446631996616041e+00,2.500963133691717744e+00,-1.119750764101600904e+00
-2.072933174248984933e+00,-1.773935099357108136e+00,-1.741638066803719465e+00,-1.513310517499500962e+00,-2.493001206040674766e+00,-1.186700002084587258e+00,-2.213812348697303811e-01,-8.887124251509088690e-01,2.325163950968711646e+00,-2.775894783624258455e+00,2.510614593882879664e+00,-2.084542482754503823e+00,7.321342940684550937e-01,-9.071926489986784636e-01,-1.355087062723765001e+00,1.495226962687527417e+00,6.368046489879685135e-01,-8.311793670865793571e-01,3.105176903454677451e+00,-9.579039813912471057e-01,-4.044783876230209074e+00,2.682285297887048614e+00,-9.421016220578497524e-01,3.552571978830934007e+00,1.550727189482762558e+00,1.927796982692806083e+00,2.740533681692943091e+00,3.808668641981516778e+00,2.564502436008214925e+00,-4.616979796956662829e-01,-2.019725710208426506e+00,-1.807928418802071668e-01,-5.303245529360001598e+00,-1.455431279813809820e+00,-4.058895614967856780e-01,-3.726027267615165783e+00,-4.918634614819302198e-01,-1.824358110829908508e+00,6.815901492861676791e-01,-2.205100909044355628e+00,-3.927949172408315981e+00,-1.856733106600573446e+00,1.767482550110228035e+00,-6.390317830733716065e-01,2.213982989308307836e+00,2.604300844913384760e-01,2.543324478792029719e+00,-2.257668005003230061e+00,2.014372826742874434e+00,-1.741908148618085184e+00,3.176001279233446883e+00,3.806960408091000225e-01,-2.887465597169496245e+00,-1.077505412013619601e-01,-7.089340118993536777e-03,1.601710557329550255e+00,-2.307573170600000445e+00,-1.419648187356867597e+00,-1.749716796614794401e+00,-5.825575833408046522e-01,-2.130089723695838266e+00,6.124577791386474068e-01,1.828493934631189921e+00,-8.090280345129441386e-02
-2.170574793241316414e+00,-1.589050084694855425e+00,-2.017964402061229290e+00,-7.778547797871455671e-01,-1.970207222353406173e-01,3.943601595200623144e-01,5.468450777300739585e-01,-3.577789910321198974e+00,1.454423798759966413e+00,-1.907654000768517433e+00,5.740813398629777353e+00,2.700762475962104503e+00,8.571701015421560044e-01,-9.138343754205496827e-01,1.125888377056450729e+00,1.313091787869582472e+00,5.253266271161360912e-01,-2.248009820181818164e+00,2.466021392801672540e+00,-3.219175770218978272e+00,-1.075147509693191061e+00,6.659184594133849000e-01,-5.454800941664187386e-01,-3.099143450206369721e-01,-1.630509911825262392e+00,4.520075705214549044e-01,3.561876251942523997e+00,2.997725011017093433e+00,4.629818854328506816e+00,-4.667447247197886728e-01,-1.534184371039441164e+00,-2.096296910531203928e+00,-3.507739741853689974e+00,-3.582339349200367451e-01,1.073538909988107415e+00,-3.724787348774871720e+00,-1.590559812208935275e+00,-2.074926171220926374e+00,3.443895200759372610e-01,-3.157556488966057895e+00,-2.636857587835694794e+00,-9.605694834431155460e-01,4.245086200392609754e+00,-1.121205159060170597e+00,2.469731847431171801e+00,-2.083566046226779989e+00,3.440730381888458034e+00,7.771251602654707935e-02,1.477877445258746203e+00,-9.705133641175874848e-01,3.150959831450000248e+00,-1.162179948616197889e+00,-2.940780631839333470e+00,5.820392945908616777e-01,-6.453207902967652565e-01,1.830334771994372778e+00,-1.618888206437792299e+00,6.921780881807575447e-01,-9.705657432529171125e-01,5.165772986542962464e-01,-1.127394119974647335e+00,3.773152187555961490e-01,3.816471271456514991e+00,-2.342435736031382998e+00
-9.394826031663805477e-01,-7.335281626162083457e-01,-3.448377353034727477e+00,-3.305175007718040625e+00,-2.378174268791402923e+00,-5.376216051350490854e-01,1.801883665314449878e+00,-4.074772570890800694e+00,1.117961558245918141e+00,-1.057100403100647235e+00,3.805139145347171237e+00,-2.719593489879237325e-01,-9.057616874256489981e-01,-3.231009859646930549e-01,9.158842732862826352e-02,1.595953087707824292e+00,1.936250485631952456e+00,-1.126899981084588553e+00,3.437935995958160795e+00,-2.884196318094438105e+00,-1.703133758618491367e-01,1.073549083472227883e+00,-3.170626891825599092e+00,8.017157654690878488e-01,-1.510460018977644037e-01,2.481752859740873340e+00,3.710362464304080898e+00,4.527115299167768114e+00,1.886636639313498565e+00,-2.129323381155097561e+00,-2.937544075966019630e+00,-1.770341991320802055e+00,-4.070062180180439526e+00,-6.450876856244133206e-01,1.828151061945009426e+00,-3.692063608135447872e+00,-2.775828842884237257e+00,-1.809134264108392953e+00,2.043654022772460443e+00,-3.251753492300797355e+00,-4.860515014423882896e+00,-2.241638511609887807e+00,4.279704612703998379e+00,-3.556403014331726453e+00,2.338786891342740759e+00,1.127316394602509320e+00,2.995625477868488318e+00,4.840510543000574595e-01,2.184934592627780781e-01,-5.775766417539645037e-01,2.744505490231197609e+00,-1.041334151278488385e+00,-2.094622474778843113e+00,-8.937957716486557569e-01,6.545337930802055393e-01,2.289583075941101775e-01,-6.461956776654762535e-01,-1.928902250223749615e+00,-2.236367745571933074e+00,-2.982069314065344479e+00,-8.345542536871098926e-01,1.575127116924734727e+00,1.845739936799002390e+00,-4.095873878973666393e+00
-8.278780551549937972e-01,7.606098579007021243e-01,-1.702801650155899349e+00,-7.184384285769366274e-01,-3.578722335684498823e-01,-2.213733935087310867e-01,3.253881235474031186e+00,-1.342259105977053224e+00,-5.952946565765238063e-02,-1.747890155317160854e+00,1.102521907646438537e+00,9.553712270913031768e-01,-7.121227613644909304e-01,-6.108980397509484739e-01,-2.058864127974298519e+00,5.859806015253911093e-01,1.948815276808494978e+00,-1.388559459334646196e+00,1.969760167898399361e+00,5.893759771098443512e-01,-1.796921644208678392e+00,-5.899970495304163176e-01,-2.139665163414805615e+00,2.436669814502506970e+00,-1.288983258876186921e+00,2.138376848820042753e+00,2.932749389930866535e+00,2.580320925303086987e+00,2.694949778360947068e+00,1.662428503178153827e+00,-1.822717467890716980e+00,-1.593728218386217366e+00,-4.196003289859513430e+00,1.667761470523462020e+00,2.399878312322065277e+00,-6.817635071655028245e-01,3.990621819122628366e-01,3.932898462380829407e-01,3.703763522135298247e-01,-9.508993409186357049e-01,-2.822506598584956894e+00,-1.490441567802653022e+00,8.222584122831213538e-01,-9.620000278369673641e-01,2.448057582887256611e+00,4.407556723195382720e-02,2.797771442958106647e+00,1.540682166332886460e+00,9.213824156086167783e-01,1.155267815547627697e+00,3.359286003775959095e+00,-1.259093829671001252e+00,-3.034338554475365157e+00,-2.183207950342523240e+00,-4.830931067732650019e-01,9.623821360489672738e-01,-1.388380949208122939e+00,-8.615296187593934896e-01,-1.705689006298352961e+00,3.386025086553414720e-01,5.863460558166651015e-01,-3.633667780850635687e-01,8.895702828762441783e-02,-5.869006372218588119e-01
-1.399704756922996118e+00,-1.056435665162065440e+00,-1.366622745712270159e+00,1.114722624953818908e-01,5.834093939580535793e-01,-8.525889348684198010e-01,1.303013363284208026e+00,-2.534065753092206830e+00,1.407181801036534674e+00,-2.228396643029643798e+00,2.573053726076030667e+00,2.001279667147111585e+00,-1.623746606491074163e+00,-1.910826970657084400e+00,-1.316980205192470166e+00,1.053491688787308700e+00,3.386751972069130368e+00,5.870818303587888032e-02,2.812201533497936001e+00,-2.773645007509022875e+00,-1.999098380117295903e+00,1.661223485899751218e+00,7.073346158453157617e-01,2.533285217600220740e+00,-3.083276309055245079e+00,1.746657326066491045e+00,2.231346542563910074e+00,3.863579592631912973e+00,3.168670097660786222e+00,3.384221495091947141e+00,5.880965935207489448e-01,-1.983087676134855482e+00,-3.526081529541700288e+00,-2.575446536712069356e+00,2.543547999919123725e+00,-2.509864522707670798e+00,1.051831767620274860e+00,-1.917328328656442871e+00,1.055479340889983630e+00,-2.875325835937245778e+00,-3.605166519257650748e+00,-3.168806660035812239e-01,1.762187215839688736e+00,-1.127660419070976694e+00,2.043446258401770521e+00,5.447472532364960873e-01,2.436034039753910196e+00,7.403732992990200712e-01,1.373083503843462783e+00,-4.127578814294362020e-01,5.660003965912104640e+00,-4.752207723125213001e-01,-3.014813319971171968e+00,-3.441160524412558153e-01,-2.191997960861825412e+00,1.180809898709647809e+00,-1.614167670958588596e+00,9.443810332690711906e-01,-2.489519554686879577e+00,-2.065882660162178919e+00,-1.167433042534009591e-01,1.379119741361896523e+00,3.907453617148982872e+00,-3.476614005978784228e-01
8.731541861225535772e-01,-1.241716908871162151e+00,-9.207998814612265992e-01,-5.824179614468609767e-01,-2.038236874039643265e+00,-4.875298499199898217e-01,3.047688226347191609e-01,-3.909423485324316605e+00,6.162087122751818136e-01,-1.225814696000067761e+00,3.492039656174145801e+00,-2.352626284295489256e-01,-4.087134132978290646e-01,1.658754794835963775e-01,-4.089712706779646822e-01,1.090751162135626062e+00,-1.715402635867739889e-01,-4.103018479611721503e+00,2.928172964437846915e+00,3.311963004646936160e-01,-2.798932486573909806e+00,1.301374989165465124e+00,-4.278465377106785983e-01,1.065114048093798838e+00,-4.200291995855330307e-01,1.547269716669195549e+00,2.564955301174243640e+00,1.410736156085635296e+00,2.596393613241913645e+00,-1.422434075714075652e+00,-3.963233927315372718e+00,-1.635095614230216432e-01,-2.319153110060451439e+00,-2.100674311646860914e+00,7.255998521900545173e-01,-1.779129398056543909e+00,1.448396273029554981e+00,-2.991123253798505743e+00,-1.089376710998080089e-01,-3.466010917993929574e+00,-5.086516447280674313e+00,-3.364835228700638226e+00,2.756103619788544457e+00,-1.419985237991940652e+00,1.495014989830111940e+00,9.169932002186080844e-01,3.645189180596486445e-01,1.144866216888561272e+00,3.873842252067998260e+00,-8.785631745023388950e-01,4.636232705856860647e+00,-2.427120729983184511e+00,-3.893322836460308967e+00,-3.740988375905351937e-02,-1.350697620921211151e+00,-5.119694532767145034e-01,-3.624557856394392541e-01,-1.275858815920421385e+00,-2.390715135847861994e+00,-2.522843206793496384e-01,-2.441519527737812112e+00,3.039980257782155082e+00,-1.911023145464638695e-01,-1.449040439563814342e+00
-1.048162956579561378e+00,-7.105278979287377172e-01,5.482688763790115605e-01,-1.002325786988903289e+00,-6.579693338600849373e-01,-2.948372540713385170e+00,1.443608080738131960e+00,-1.862022716362101260e+00,8.430376946527344817e-01,3.040560458097892882e-01,1.797204909426610042e+00,1.106633875241349152e+00,-5.480970122119097621e-01,-3.050731857600638697e-01,-1.038029316560203696e+00,2.867379200504383441e+00,-6.482130289231391451e-01,-3.445329319333144014e+00,4.829831768304719830e+00,-1.389873939128114522e+00,-1.042377319012557146e+00,2.080137775287895785e+00,9.402218020352544059e-01,2.210676826035315123e+00,1.118235338830791958e+00,1.079793129441237731e-01,8.886103596196641696e-01,3.797662604578447620e+00,1.844902956909735048e+00,-1.770424554405261586e-01,-1.030774409311727480e+00,-2.454358313013836668e+00,-3.013123354634216433e+00,-1.639104933079008064e-01,-6.945458269652948768e-01,5.933977820114018087e-01,-2.642901945207815628e-01,-4.439851929916832640e-01,2.495587271531645612e+00,-2.172909952034273395e+00,-3.783240940574450040e+00,-2.217703802492982490e+00,2.437246862197514297e+00,-1.901278663800161528e+00,1.946077473027469029e+00,-1.101799960419675983e+00,1.785787968372116952e+00,-7.220226882866419560e-01,1.833161902808018162e-01,2.239067082639455419e-01,4.408451210689103839e+00,1.648369886992806510e-01,6.062027104707672365e-01,-1.394563063712516815e+00,-2.008260079711586155e+00,2.086682745979230980e+00,-4.500937530029085032e+00,-2.001820009452591198e-01,-1.164866230433229788e+00,-2.823660638315170779e+00,-2.860080741343845601e-01,1.188018348172215299e+00,1.389280640047385385e+00,-2.203956124673467798e+00
-5.431169094060639413e-01,-1.442072996799660611e+00,-1.220451873071602078e+00,-8.543847471248373626e-01,-1.775266839892257975e+00,-6.013723807252697728e-01,2.654860233949975612e+00,-2.291103973209247524e+00,1.579916623847380519e+00,3.205596179395249212e-01,2.307484167705126321e+00,2.494541910639785254e+00,-3.961998580819693361e-01,-2.084840522645429406e+00,-2.945341703549412049e+00,1.379374525436486643e+00,4.278733386888222689e-01,-1.679923860841098682e+00,3.640772478366816500e+00,-2.090172030769865685e+00,-3.903977976595045973e+00,2.293924586106673935e+00,-3.309151582118988744e-01,2.845680850323429656e+00,-1.518965233017309346e+00,6.231885407330780557e-01,2.958574876250218200e+00,4.582168623957508125e+00,1.465482397298998318e+00,-1.504900092502479358e+00,-2.217201820123568368e+00,-3.310903193290751112e+00,-3.320275330193631635e+00,-6.461399915796836035e-01,1.008823957638058211e+00,-2.645523325434936623e+00,9.027649638641970231e-01,-1.981670353352482428e+00,1.812721040166054287e-02,-1.212733691169703754e+00,-3.465011968994815117e+00,-2.854045521405834229e+00,1.901591232565951639e+00,-7.758337439076390396e-01,2.814107695027296963e+00,1.538469300586311928e+00,2.495500688320446248e+00,-2.581959081966106462e-02,1.863036109170201016e+00,1.042641980651709988e+00,3.492135276030666979e+00,-1.822074843526053201e+00,-1.217181808067411275e+00,-1.205182618088929125e+00,-2.499438160014455512e+00,1.475705276095428786e+00,-2.106940251951995968e+00,-4.793648250628709251e-01,-2.618352650885736210e+00,-8.959486876509407116e-01,-9.506255838867239127e-02,-3.397675432249824823e-02,1.198239587646441784e+00,-1.129140026977498490e+00
-9.343610123493425457e-01,-2.423238284077461113e+00,-2.585242588768163152e+00,-5.960748830299142931e-01,-1.411663367049863949e+00,-2.759641152198033964e+00,1.934367621951458505e+00,-1.912002798311093210e+00,1.277523026062020506e+00,1.019944763555221234e+00,2.305982146259766719e+00,1.642076643641048328e+00,4.785156178178984199e-01,-5.660454577997573455e-01,-1.990680599643501747e-01,-1.320639055356611635e-01,1.542051768344183005e+00,-2.880762736022956627e+00,2.526441391779425505e+00,-4.469923312140774208e+00,-2.965824227256324441e+00,2.114553778574699283e+00,-1.813352136295500072e+00,2.828903499674219280e+00,1.164345349864152723e+00,1.047942269636246815e+00,2.888829335067318205e+00,3.300919696364274625e+00,2.144493955880414582e+00,9.698338928985867913e-01,-1.623860789368537505e+00,-7.872591292553553499e-01,-1.911839045141937143e+00,-8.768229534756158960e-01,7.841132393449268267e-02,-1.448286573438553049e-01,-2.145910039675020808e-01,-1.428992550451434029e+00,1.622920167617651899e+00,-2.921067407284826167e+00,-3.381875734454632187e+00,-2.006779131381253301e-01,2.370489404741892514e+00,-2.418332248166549459e+00,1.013544578091033266e+00,1.233210128909443259e-01,2.921886320508286783e+00,3.321308664148229450e+00,2.103864827551632288e+00,9.152864455797178334e-01,4.427764987210371039e+00,-1.880442301559462237e+00,-3.748198087437496717e+00,-7.278363771626340517e-01,-1.032857201748919262e+00,-3.314900239269000792e-01,-3.581949642188053229e+00,3.464931525238081900e-01,-3.872952850133828839e+00,-1.367189216275433328e+00,-8.230276831357223877e-01,3.988617915020228555e+00,1.868281475998112340e+00,-2.374992320730975770e+00
-1.806363760395921059e+00,-1.368185057348685341e-01,-1.629624857826710072e+00,-1.526325527945856075e+00,-1.810113780747264922e+00,-1.558163421574304985e+00,3.764955876126919732e-01,-2.881309337441363194e+00,1.614974727947166899e+00,-2.184803609089166709e+00,1.671326344191661928e+00,6.824610266899155953e-02,-7.413863085443689327e-01,-1.448189502897544667e+00,-2.035378766642459425e+00,3.541408207338239134e-01,1.768239431965946684e+00,-8.012937147910205171e-01,4.117369811509204780e+00,-2.911342364913888758e+00,-1.897350727052814712e+00,-7.879216198737291066e-01,-4.036364384533608352e-02,1.786085732842744189e+00,-5.195924515587853065e-01,1.527444846926069522e+00,4.215061531377861215e+00,2.789725543931198981e+00,2.360977653466236337e+00,-6.222515153518379805e-01,-1.262024952495028884e+00,-1.101135127893304144e+00,-3.169758826437301558e+00,-2.059129213344367493e+00,1.229526036756987795e+00,-2.451721158965968428e+00,-1.488562349828801645e+00,-1.841947438526190250e-01,2.341479581911484864e+00,-3.366670257755895790e+00,-3.140893313915728235e+00,-2.208541209679205419e+00,2.159520951550881751e+00,-1.946166479725320864e+00,3.085727464297643774e+00,-2.438007453944328606e-01,3.238710642079142055e+00,-5.702749448190422843e-01,3.544586677567848731e+00,2.662309194971447246e-01,9.829339009136903726e-01,-2.722947295356505037e+00,-2.985148059882081206e+00,-1.153508087888505784e+00,-1.330066663319582121e+00,-2.620706512541277622e-01,-1.517619186459455261e+00,-5.228763200875847783e-01,-1.639487621023996589e+00,-2.575599479610313214e+00,-8.218885844662837670e-02,2.920971634937179484e+00,2.076083712468540288e+00,-3.795004130054746128e+00
-9.604307148349350287e-02,3.559421011204983998e-01,3.616045765879318807e-01,-1.467442978365030015e-02,-8.753307026531809143e-02,-9.780888143390010780e-01,1.749339026529895591e+00,-2.025246269621163719e+00,1.071459510420356143e-01,-7.706880515655853969e-01,4.601575305808331962e+00,1.415668280190697459e+00,1.564841932628767140e-01,-1.022488486161773569e+00,-1.333865673108833860e+00,1.605799032212326338e+00,1.174836782813917901e+00,-2.321887487308369469e-01,1.846789936511889829e+00,4.890090870476815343e-01,-2.634695570637092921e+00,9.030173643637089409e-01,-2.185154958902961742e+00,1.885749504198669602e+00,-7.248706228863461831e-01,4.183059798991083156e+00,3.558229347645680551e+00,6.334442466452978593e-01,2.170543205537034837e+00,1.795636400693955581e+00,-3.038801426873122935e+00,-2.583995229846913766e-01,-3.688679888460477674e+00,-3.834493207079675003e-01,1.554284239231764175e+00,-4.732272779216204484e-01,1.488257582704187731e+00,8.689827537783001432e-02,1.194277872516260830e+00,-4.427934126951932114e+00,-4.896429162826644976e+00,-6.697407953792688939e-01,2.803213404952114907e+00,-3.148601824340895305e+00,1.436627422752275063e+00,-6.921909465567539499e-01,4.700360108567632977e+00,2.338334293144327614e+00,9.706231110898575487e-01,-2.184847220189733541e+00,2.566067735696386354e+00,-1.131249852689155233e+00,-3.118546262080795550e+00,-6.977849141452345805e-01,-4.295472839672109799e-01,1.514549489287384976e+00,-7.130551750875830930e-01,-8.904746470565395589e-01,-2.862629860324677811e+00,-5.532329737743338915e-01,-6.805774013182891435e-01,-6.406941294708956569e-01,2.126177370853716386e+00,-2.281919439543475647e+00
-1.978912657763635341e+00,-1.087695854186593980e+00,6.564181377227720215e-01,3.233503019740435747e-01,-4.598411736053463761e-01,-7.164832713860149749e-01,1.038895099620755547e+00,-1.815091973255205327e+00,1.484949905019926852e+00,-4.213836542506737559e-01,2.707747580704179757e+00,1.667523896001524397e+00,4.120798730011470123e-01,1.539129674740828513e+00,-1.672520205780989144e+00,2.453178064023086691e+00,8.466426167879532727e-01,-2.711715582769422817e+00,6.351364845805917980e+00,-2.117112447549485577e+00,-1.449418076560424318e+00,2.154317505567687085e+00,-1.472194492933118548e+00,1.256480455594667145e+00,-2.628724027728923218e+00,-2.268035147849862820e-01,3.568822205863435570e+00,1.699199805931633334e+00,6.075136373083958041e-01,-4.861269071069288517e-01,-6.968389948649652554e-01,-4.339787390409437506e-01,-4.071167510719365445e+00,-1.781550810836912691e-01,1.315152608568939563e+00,-5.521491946397965034e-01,8.237603541502164228e-02,-1.822579668497514183e+00,7.788382744437644112e-01,-1.943127637914926931e+00,-8.887163628812833061e-01,-3.323911913765233983e+00,1.348541646089365109e+00,-6.734142079861256125e-01,1.875700927398396445e+00,-5.625026962046234535e-01,3.803436143415657611e+00,-9.752434053495914745e-02,2.764698290603505804e+00,-3.920321138604423439e-01,3.212114889792152539e+00,1.096154236825593875e-01,-3.969043176171962894e+00,2.922989582952162380e-01,-1.225378453859629291e+00,2.391230222752576573e+00,-5.239929281379200887e-01,-3.151938262894204978e+00,-4.785752251344999042e-01,-2.008465039699196097e+00,8.889229143536734323e-01,4.097546262061428912e-01,2.506324550619037250e+00,-3.036538379444779778e+00
-8.054691149613647516e-01,-1.040685672797529104e+00,-4.273995365725755669e-01,-9.599148370671832797e-01,-1.057449672740367275e+00,7.147739621554616285e-02,1.617271314164947960e+00,-1.025937699885330900e+00,-8.123793970830024413e-01,-1.151832426891111316e+00,1.369411729332866701e+00,2.271566090288003714e+00,-5.703774256748539440e-01,-2.705002152015018702e+00,-3.146402104492950880e+00,1.031820076038547640e-02,3.191176715633707417e+00,-2.400573001845446086e+00,3.604543766809507055e+00,-1.698074733471072628e+00,-2.013267996653967273e+00,-1.391537675116913952e-01,-1.130940045794077253e+00,2.208212960903682909e+00,-9.828535861978094923e-01,1.019121423386344372e+00,2.478692960592386196e+00,4.084611877272389613e+00,3.431412716200257229e+00,1.230473065416840539e-01,-1.542174025522676128e+00,-8.243033526770577879e-01,-3.667798601713568196e+00,-1.432551059319210562e+00,8.507420248217840708e-01,-2.681251553998604820e+00,1.271299082255811674e+00,-3.227953417745915043e+00,6.898924627576620283e-01,-1.690153870525985980e+00,-3.871444663450186674e+00,-1.694246495770495242e+00,8.235240069731000201e-01,-2.380986681250698567e+00,2.810277245665288248e+00,2.836433625897398225e-01,5.491304937739882597e+00,-1.814553234649448621e+00,3.305294844864643533e-01,6.480960438362329823e-01,1.534486649255130564e+00,-9.450582370776018371e-01,-5.566654216133256838e+00,-1.419668088132231665e+00,-1.068369593480421376e+00,6.752043815200758914e-02,-8.844518790761163318e-01,-1.181375309825503539e+00,-3.690488282250268259e+00,-8.495470319780674684e-01,-6.531520909378967232e-01,6.503419027030599153e-02,2.140775215477250359e+00,-2.065906449369833808e+00
-1.349323889666763421e+00,1.402018031593046832e+00,7.935563171351585066e-01,-2.798920670615503870e+00,-1.546564646577432534e+00,-1.677840308049578510e+00,8.182433025061416343e-01,-8.906265909862651764e-01,1.243049313907040876e-01,-9.582855631058597723e-01,1.491518511643844969e+00,3.197908044634238500e+00,1.983075484879901484e+00,-2.967697546187287649e+00,-1.876884410557771332e+00,-5.997246544075043317e-01,-3.469768362993825850e-01,-1.973058951403133365e+00,3.913145293174598027e+00,-2.458221991908935422e+00,-2.562792770442130053e+00,1.196143605077692351e+00,-5.162539624523616588e-01,3.893056832284497837e+00,1.200524774132641914e-01,3.783422838002764577e-01,2.162594865759244200e+00,4.131267481192161029e+00,3.433956493141270272e+00,-3.307949706167675696e+00,7.180171405125213013e-02,-8.505435441555182496e-01,-3.100747426726595979e+00,-1.022270458564700668e+00,8.465113599613111051e-01,-3.427062231637786560e+00,-2.176692297541630572e-01,-5.370373755656360215e-01,1.156046013229585334e+00,-1.145762201788148804e+00,-3.716284739848807472e+00,-1.414215818295863070e+00,2.596802592419533262e+00,-3.818776253940234788e-01,3.743385075246861149e-01,-8.348231273580839495e-01,4.318458925606225129e+00,-1.124526067693033315e+00,2.147413433015212370e+00,-4.691969002435157354e-01,3.201604353384753132e+00,-1.124942049693284485e+00,-7.262288107998092102e+00,1.614986697822414774e-01,-1.715367876789501977e+00,2.663141785037021592e+00,-2.894157836036399534e+00,-1.648367681140437524e+00,-2.905907465914993715e+00,-7.295320359184602754e-01,-1.181721087598590625e-01,2.303602392680838218e+00,4.018030348273859076e+00,-1.764144764544844701e+00
-5.176666453362978038e-01,-8.181719768803333848e-01,-2.077571235371890257e+00,-1.112364945595865073e-01,-1.917915746630714846e+00,2.244998840376015714e-01,1.340366786965721424e+00,-3.178743630186295910e-01,1.258499470565483280e+00,-2.124028259890469172e+00,3.949552373116061332e+00,5.259479246375993178e-01,-3.357810286410544687e-01,-3.505342764051917026e+00,-5.891400291243346077e-01,1.316938450671847560e+00,3.999228692536095586e+00,-8.527469209386234761e-01,4.879493514616637384e+00,-2.878851288583908818e+00,-4.943112896179613358e-01,1.379529339550227718e+00,-2.129931540257189670e+00,2.850114120185661015e+00,-8.461683021852919317e-01,-3.363123778249375029e-01,7.545300687287328500e+00,2.263532112106413585e+00,2.912258286058537315e+00,1.423742589341911724e-01,2.875236993670626795e-02,-3.431544979722075617e+00,-3.206981686203943305e+00,1.283093272376502059e-01,6.808123748456499369e-01,-3.253494005939958633e-01,-1.804616981632203299e-01,-1.455525814752841818e+00,-6.793009034783306088e-01,-3.293382588029259317e+00,-4.489714422320976617e+00,-3.148960813176840290e+00,3.495924521204771818e+00,-5.484102325158073388e-01,8.979279148407037781e-02,2.529386978582764733e+00,2.192009479236302738e+00,5.288508325791700937e-01,1.903226509679460943e+00,-7.517502185326774278e-01,4.266487620114727264e+00,-3.050805983245911790e+00,-3.916500448782160859e+00,5.401650681551397604e-01,-2.634804084482347708e+00,1.084698965827570527e+00,1.746694349836119819e-02,-7.312018101660270331e-01,-2.229016446044037814e+00,-2.809972328560137456e+00,-3.882769696707744522e+00,3.079309652424403687e+00,1.542352879598043458e+00,-2.355265017462972565e+00
3.923484433757518097e-01,4.110530563398537840e-01,-8.472270145474222192e-01,6.601866764601393989e-02,-7.485872926402831196e-01,3.722564361670488431e-02,1.823625758416955289e+00,-3.218832527921826614e-01,-1.498649010304527796e+00,-9.541818751834121315e-01,2.977088451418535175e+00,1.162854902786508493e+00,9.970900148647838801e-01,1.224163348645034288e+00,-7.672539301322297556e-01,1.629882204092709896e+00,2.132911251409084219e+00,-2.227536559572285135e+00,2.683150091258136971e+00,-1.371999956908943386e+00,-2.085487990655870316e+00,-1.643719448510123637e-01,-1.034978018668930799e+00,2.816475006761312905e+00,-1.635978059015793740e+00,1.618187326550774685e+00,3.742926927861831565e+00,2.324204560341505132e+00,5.892222073535924309e-02,2.374100447960841631e+00,-3.070469189576006119e+00,-1.167968190607830747e+00,-3.616906555452933159e+00,-1.251052259192330762e+00,1.975594942319102154e-01,-3.186474211158464520e+00,1.193892775298558195e+00,-1.118690468702524088e+00,2.069566322721166252e+00,-3.623830673814969039e+00,-3.846980621977148740e+00,-2.033072843193500567e+00,2.479786811652642253e+00,-1.274295619630856358e+00,1.773935450704218653e+00,6.660011007637878233e-01,3.119248580653878111e+00,1.153770427434102963e+00,3.969596885369568007e+00,-1.784277073575247563e+00,3.471659811793574857e+00,1.964420799681807051e+00,-4.249774017668807247e+00,9.319029908674481000e-02,-2.320349342060246123e+00,1.506736511513011578e-01,-2.343327748333086546e+00,4.972939154078725998e-01,-2.522070425720724707e+00,-1.464508466989961066e-01,-1.482052051007408666e+00,1.960560112204992045e-01,3.985574338781645132e+00,-3.602877626620430096e+00
-1.994921729221922346e+00,4.099987641926405857e-01,-2.865930827043841056e+00,-2.018981646389087281e+00,3.987517331029541978e-01,-2.662636868521423006e-01,-7.052972976026117280e-01,-2.006547945591923732e+00,1.885669601191859224e+00,1.092381887434474619e+00,3.354590934848296957e+00,1.712639844773968800e-01,2.117649539983661455e-01,-3.424158113234399003e-02,-5.885897026137336674e-01,3.141635816997403907e+00,1.536992568161359651e+00,-1.482666172741779809e+00,1.923852673059391671e+00,-3.469696127617458714e-01,-2.343400176913891464e+00,1.563924381332003399e+00,-7.477700413542575086e-01,1.816500496999659653e+00,-1.815834757772520680e+00,1.658197778932523292e+00,4.878122918735499525e+00,1.758013722894921527e+00,2.645443367356667075e+00,2.299951492106442896e-01,-2.381144287612127819e+00,-1.554813019347012215e-03,-3.561206642727408944e+00,-8.041648180689363601e-01,2.491900273648461006e+00,-1.066021046569331165e+00,-1.155870575656050114e+00,-1.800276128723553803e+00,-1.197468160898336187e+00,-1.933051961070363589e+00,-3.767183596275428759e+00,-5.888956274393912782e-01,2.681929724884174693e+00,-3.510055809225508749e+00,2.669317142538318421e+00,2.309722198747110600e-01,1.067071781933040198e+00,2.523260696508944800e+00,6.769122573503703055e-01,-1.109884055118484092e+00,3.194605416990066171e+00,-2.774200084696170077e-01,-3.506083493612805135e+00,-1.106392065177657980e+00,-9.659305743030868197e-01,5.194261820499512794e-01,-1.692648371665608220e+00,-1.755556862888812075e+00,-4.897024329679908305e+00,-3.577720753395169373e-01,-1.199236617585888176e+00,1.487891558829030680e+00,6.902815239005359871e-01,-3.210085781510637837e+00
1.359678581288132015e+00,-5.974924139647159738e-01,-2.329211727266927490e+00,-1.124649836490478894e-01,-2.774160782096466882e+00,-9.595654887872462346e-02,4.238602791323444308e+00,-1.773416085998300140e+00,1.201953046510759737e+00,-9.915802527749256745e-01,4.514551058385249505e+00,3.069111943816870358e+00,1.188237912451231448e+00,-2.247757349919920600e+00,-5.424736683169602003e-01,9.796724575336667185e-01,4.492318719802974591e-01,-1.002294662840859552e+00,2.759452570516586434e+00,-2.547173179081881678e+00,-2.790689566722784676e+00,1.734862232204750887e+00,-2.323370003785563132e-01,2.296338602966012665e+00,-1.220216371822288259e+00,1.517504268165059678e+00,2.220936968243861998e+00,2.952692167443391469e-01,2.207409392479936727e+00,-8.510381623265597106e-01,-2.195738813311545634e+00,-1.489550283877268955e+00,-2.155817224323437031e+00,-6.996655004291927327e-01,7.573145959496547786e-01,-1.435558090498719963e+00,-1.735617104658676579e+00,-1.520180419424244977e+00,1.655017425062764058e+00,-1.082191124597318144e+00,-3.443373603874148703e+00,-1.897853299793304194e+00,1.017599406497312398e+00,-1.953591547625628033e+00,2.769097808150592144e+00,-1.615251400214267608e-01,3.818039722087638310e+00,-3.680497369256261475e-01,6.061728424357826217e-01,2.101669426903784998e+00,3.516762595038248840e+00,-1.487815734009269697e+00,-5.266322458247993943e+00,9.365291489198324104e-01,-1.386913518800495959e+00,-5.470550259546380634e-01,-1.800967533107704854e+00,-5.009320332826436850e-01,-1.572347512892424692e+00,-1.225531507084329341e+00,7.911219651373722073e-01,2.102502505190614990e+00,2.227383399610979531e+00,-6.707777186248877754e-01
-6.568597591482834286e-01,-1.802046153960794816e+00,-1.088943926268230999e-01,-1.415328307482953019e+00,-8.563583584276863725e-01,-1.065403364811623010e+00,1.545626646088911649e+00,-2.556868544343112060e+00,2.587134581210685180e+00,9.579477519698618160e-01,3.013771822510961762e+00,2.619109355970237196e+00,-1.238510785213245535e+00,-2.386679432537663903e-01,-1.665010784108544417e+00,1.803656113434025432e+00,-1.235766439105027370e+00,-1.664072681485163185e+00,3.084568137821310785e+00,-3.029508333552276333e+00,-7.098295251272328521e-01,9.071401032621281280e-01,-1.816981266656187088e+00,1.469511803126087646e+00,4.315669863937368067e-01,1.936552023157662283e+00,1.416429248628487514e+00,3.045508204198154267e+00,3.143983477786938430e+00,3.858520480735264102e-01,-2.086328664149493584e+00,-2.189956771928156520e+00,-1.601276463626488678e-01,-3.173641177863213425e-01,1.670220388398640843e+00,-9.409137995509563313e-01,9.095253669825102971e-01,-1.533117577263589881e+00,1.451079624617055641e+00,-1.098455890793827550e+00,-4.636365730194098589e+00,-3.359529267431455857e+00,9.730804769174892233e-01,-2.798499196491077701e+00,2.101501966601456051e+00,-1.289954500313772456e+00,1.498591930024649077e+00,2.578639567473194893e-01,2.048226890786148058e+00,-5.097902201266886202e-01,3.238541625724693951e+00,-1.620808004077240572e+00,-3.948810678025065357e+00,-1.091598400992844553e+00,-9.807553166304451286e-01,5.393521994318948298e-01,-3.694043759521854486e-01,-6.558934912175558019e-01,2.382153475150468047e-01,-4.475365849702406251e-02,-1.396685545809605244e+00,1.179963306267303391e+00,2.465636325200959433e+00,-2.405368114415892489e+00
-3.606716891855624718e-01,-1.173214102694135397e+00,-1.164019444989945251e+00,-3.693055025254948553e+00,-2.248545575339415237e+00,-2.850329097576709270e+00,2.306921662709160437e+00,-2.257868893872799987e+00,1.418614037263835392e+00,-6.129636518042270721e-01,3.292168143197022445e+00,5.304401008409926899e-01,1.397410695154421845e+00,-2.399317363686965798e+00,-1.112321604369151729e+00,-2.893718096142687823e-01,6.498187579993877083e-01,-1.206873493568694000e+00,2.903560736442531098e+00,-1.690385812479260119e+00,-2.296965947509823192e+00,2.643223264848151288e+00,-4.451806581352716341e-01,3.484620615943946120e+00,1.890571616204888006e-01,1.786204514588576098e+00,3.807474226019554653e+00,2.277447901250951645e+00,2.479196003509872792e+00,1.741235612110634934e+00,-3.396469828844023375e+00,-2.052451509414920050e+00,-3.935866411912768648e+00,-7.855164181485471131e-01,1.684061609587904629e-01,-2.228150439566198848e+00,-6.772173078721799300e-01,-1.655368698787254900e+00,3.787906554496702771e-01,-1.547373973646973822e+00,-4.147545871846184617e+00,-1.482638108712241110e+00,1.992149408583223646e+00,-4.281161325935901374e+00,4.162429092835657762e-01,-7.125220899589068679e-02,3.675962111180673730e+00,8.330049856141428233e-01,3.354870572230622905e+00,2.863940192310859834e-01,2.621683463552941351e+00,-2.391594778891891204e-01,-1.576716970421451203e+00,-2.425063138379858430e+00,-1.827411371117931616e+00,8.520964925230846143e-01,-2.442451795762912603e+00,-1.147307741285219507e+00,-2.667653230145587973e+00,-7.685817325434497471e-01,-1.959716738151213278e+00,2.057527586841356726e+00,2.917295704979145476e+00,-2.235278173249766187e+00
-6.380105383161215338e-01,1.653191085093511870e+00,-1.165641223723748343e+00,-3.167784153881394449e+00,-6.153108503182669331e-02,-9.145663266270426250e-01,8.052759794479091848e-01,-1.449608869082452456e+00,1.586293455718350565e+00,-1.002005633515070659e+00,1.385025914935296365e+00,2.759343711103106056e+00,-1.054269251312454969e+00,-3.739087655370662011e-01,-2.199023354053805335e+00,2.744768393442753585e+00,4.191864824865313421e-01,-8.051486503556954943e-01,3.300895411617160935e+00,-1.875464938342269905e+00,-2.224037330620641129e+00,9.961338038137101947e-01,-3.115609792474861806e+00,1.309655337815981868e+00,-2.421593127746354490e+00,2.623434139474130067e-01,1.911991647092315949e+00,5.026868972987509565e+00,1.434931634815906465e+00,-1.533734757367221313e+00,-3.670666276943012063e-01,-1.470680736291545720e+00,-3.983467958689697497e+00,-2.406211640953844488e-01,-6.498815407706457492e-01,-1.931070817054043598e+00,-1.101273555392067616e+00,-1.236980424831430447e+00,4.348530414649561138e+00,-2.802400934000498722e+00,-3.917752065741901379e+00,-1.043571471823263153e+00,-4.429467483551805529e-01,-9.523001657233750583e-01,1.920150248928221837e+00,-3.049243928778987422e-01,1.496775341261988412e+00,-5.960938331402630963e-01,2.714147677920124124e+00,-1.139778897805274527e+00,2.172813699319202208e+00,-1.227380434692013189e+00,-4.983745042421560356e+00,-7.490298348601168721e-01,-1.445119610075937810e+00,4.657375388696066709e-01,-2.941459824253018773e+00,-1.101754362227143513e+00,-2.593719942731070649e+00,-6.694315531897834237e-01,-5.716276545630636363e-01,3.076888753729053683e+00,2.935400205045972211e+00,-2.032299799403384899e+00
1.476882220971222903e-01,-5.412687111005005658e-01,-3.888565470944867819e+00,-1.224636430683125221e+00,-2.205307744768582268e+00,-6.439355081787550006e-01,2.158372682030815337e+00,-1.767830433633528653e+00,2.745087271439514698e-01,-1.814769011425864553e+00,3.807694350106446635e+00,1.662829517303859417e+00,9.127278226279021967e-01,7.335258835681521816e-01,-1.985649191353068721e+00,-5.925003214304740418e-01,1.605163944303774626e+00,-1.686030838507428964e+00,2.445532157953391739e+00,-3.470187288578993279e+00,-2.644291860339959221e+00,1.483073583379905802e+00,-3.187501003375660114e-01,3.550339162544025484e+00,-2.254211114867604948e+00,4.418027571079482740e+00,2.301032093808668133e+00,3.817578863699397473e+00,2.063184201278184915e+00,6.629439445758646965e-01,-2.482156852656786761e+00,1.815121757767319544e+00,-4.963283508591628923e+00,-1.850931226011811148e+00,4.179916031271790899e-02,9.836859088484106728e-02,-2.085253424749352824e+00,-2.065316888157814557e+00,1.415410835006091439e+00,-2.551188709625070050e+00,-5.023151337213038303e+00,-8.044691090967714953e-01,1.777766591026101795e+00,-2.402554874658341166e+00,1.887889512938429881e+00,-3.483821618162460387e-01,1.886956416087452126e+00,-6.982574309917006783e-01,1.020831838463609698e+00,1.171452803586554348e+00,3.042001575224792642e+00,-5.079548361062468098e-01,-4.479651605070117171e+00,-1.393592941451761158e-01,-1.881180612041874367e+00,2.185978403854769159e+00,-1.079849919667295044e+00,-1.146765688499562064e+00,-3.146585435600564029e+00,-4.068150642986010923e-01,2.209837352223904539e-01,1.094558968484324657e+00,2.139763644087680827e+00,-2.488186428521769411e+00
-2.763071415234287787e-01,-9.255537395379674903e-01,-7.416401031833941282e-02,-1.002436250557932285e+00,-3.337766687688585421e+00,2.318099311489911774e-01,1.918337569941575449e+00,-2.341788017578281256e+00,2.174669467414113377e+00,2.850357826364815494e-01,1.255366734778806448e+00,1.686308217512491048e-01,3.478955298990458633e+00,-5.233217632645950079e-01,-1.301812721442468845e+00,-9.562153971033637845e-02,3.340766086413515801e-02,-1.594135570803867585e+00,4.518848362561151966e+00,-2.432698630254535033e-01,-2.087548611233843499e+00,3.506709285882025462e+00,-2.009818679005359598e-02,1.218207370016067159e+00,-1.418912736237579519e+00,5.992391077393892651e-01,1.809312030874730803e+00,2.329890549589682891e+00,3.455235033507975118e+00,2.932507710429314685e+00,-2.289702464251222924e+00,-2.942062963709668466e-01,-3.271186128638154500e+00,1.430733336776744302e+00,-2.609704985830456625e-01,-2.111079940170267122e+00,-1.104289899226944982e+00,-1.088561193083358303e+00,-9.690267304823032557e-01,-2.944372601554126945e+00,-2.946320887692587931e+00,-3.201111117361435277e+00,1.491503967585706025e+00,-2.065048723773811545e+00,2.714745153500909058e+00,-5.777415786965790501e-01,4.636660185950143287e-01,1.272955683938503002e+00,1.043141856315300320e+00,4.920374822983207830e-01,4.429426399147672555e+00,4.049221975500674198e-01,-4.426332263625901930e+00,-7.781076845840227962e-01,-8.704403945256002917e-01,9.431719463078322985e-01,-1.366045392706384254e+00,-9.027132073944879043e-01,-2.229723143104186178e+00,-9.276270515887665713e-01,-1.361167550468724174e+00,2.419980250941821787e+00,2.628800192533708113e+00,-2.113542657923971113e+00
-1.592175880633140972e+00,-1.439649681253384550e+00,-8.447224936138735263e-01,1.079195425405623521e-01,-1.181966159292363150e+00,-5.812203511388758237e-01,1.785418930975415153e+00,-1.203524218213855912e+00,3.221632856916912813e-01,-1.790136141787542767e+00,2.700130870737650568e+00,-1.071440498133491737e+00,1.475205473808588907e+00,-5.678184445169119909e-01,-1.699413699142173328e+00,1.925026032792722663e-01,8.213051997792335523e-01,-3.928964933951162308e+00,2.125603800633161011e+00,-2.796463613444487795e+00,-3.389663221593382403e+00,3.299739913000223623e-01,-2.499781811066243531e+00,3.221930829866810342e+00,-1.669929190005580599e+00,2.789639730710939958e+00,1.702947687478349570e+00,5.876215178765630043e+00,5.338215654408808852e-01,8.136159807895136931e-01,-3.508458807669481150e-01,-1.084569123559659065e+00,-2.886151114425812292e+00,-3.327932738877948937e-01,9.948157454920505405e-01,-1.089142239943969859e+00,3.199517239725780948e-01,-3.190789910226571990e+00,6.967974969125634299e-01,-2.596163375108251348e+00,-1.875027615238249012e+00,-3.345598489978632628e+00,3.547865112706178436e+00,-2.659009534046415268e+00,3.453275818148124898e+00,3.614156194480099282e-01,1.530181566207066357e+00,2.984377838552773610e-02,1.738738612423531782e+00,-3.707069435667135204e-01,3.922204683408985204e+00,3.213776865936635030e-01,-4.709248938234487092e-01,-8.588349619134919566e-01,-2.224991293474455123e+00,1.201816114645258837e+00,-2.713567024323461752e+00,1.399950931716195113e-01,-2.215377471613101168e+00,-4.531050212657895537e-01,-6.129580835104744274e-01,-1.792320281659094405e-01,3.896461525997271913e+00,-2.354532284372982343e+00
6.302448695690912039e-01,-1.630718258260672959e+00,-3.485977414805632613e+00,-1.253555716154064248e+00,-1.186757300672561577e+00,-1.707204988061579609e+00,2.723844923908094628e+00,-2.506495517090075786e+00,2.924501146080764169e+00,1.055511887361295198e+00,2.869501907736739632e+00,7.090185275042334423e-01,9.289205184506263424e-02,4.932046243986500933e-01,-1.483128961601260620e+00,5.941770255537629497e-01,1.613865213467787996e+00,-4.886058056450427678e+00,2.596106294269559189e+00,-2.313281517097269369e+00,-2.081622810259797340e+00,1.924211031226688018e-01,-1.846191797769483056e-01,2.409352094499324082e+00,-2.010406666906989770e-01,8.243476032641527951e-03,4.711262555191527923e+00,1.745572481861759950e+00,4.910933675581047986e+00,2.495532046950316718e-01,-1.086733702034501370e+00,-1.258532783879054096e+00,-5.849911363900029748e+00,-4.367085499378067226e-01,2.725201391766778780e+00,-7.846321044358033348e-01,-2.435725899917040582e-02,-3.306436990646808738e+00,2.598319410162035936e+00,-1.890568056281552334e+00,-4.232753808349977831e+00,-1.893534268432125023e+00,1.688190785658221893e+00,-1.664044551521581816e+00,8.203356250916904457e-02,8.285837149608936691e-01,3.363229404239422404e+00,-1.587576608500956832e+00,3.165122118929907025e+00,-1.354560798315753045e+00,3.200501124379452556e+00,-8.052835208882384022e-01,-2.386537772238069621e+00,-7.111388778574716518e-01,-2.503382377289229854e+00,3.810975734445443130e-02,-1.528328746507213287e+00,-6.547629431013862744e-01,-1.573850922748699421e+00,7.460365133232367274e-01,-1.090718578898855595e+00,2.784644628467075389e+00,2.594256144148592735e+00,-1.937455072599016281e+00
2.565675312453880030e-01,2.225200998428116250e-01,-3.173493120899689490e+00,-3.005181223224722586e+00,-2.946764954145696613e+00,-2.004124983043451991e+00,2.363717169899827830e+00,-2.845912358669647091e+00,2.284458833586852311e+00,-1.305717028719138639e+00,2.001585546163015650e+00,7.620211899181404958e-01,-1.411105578113402537e+00,-8.850653611717245184e-01,-6.847191894625364039e-01,2.056438982743519883e+00,-3.103550593702346649e-01,-3.020031646133021219e+00,4.812335057796958360e+00,-1.454491600518986738e+00,-3.038905234844095027e+00,7.621335522822748620e-01,-8.777117431535285119e-01,2.191594354097978758e+00,3.928231651835900617e-01,2.084461805709694193e+00,5.659323408446929271e+00,2.545924342282384512e+00,1.960622243126449948e+00,-7.481808332158961239e-01,-1.410006649436192916e-01,-1.393324401841644633e+00,-1.461228641767271519e+00,-1.708984540038337885e+00,1.339275464488564715e+00,-1.757600136765066212e+00,-2.671999901048505155e+00,-2.421270843400789019e+00,1.880687737148901917e+00,-1.910009160636962910e+00,-3.754063692315038114e+00,-1.822648874102052119e+00,2.885091601241546400e+00,-2.393205463492808160e+00,2.325085555467174991e+00,-9.232348834372730018e-01,2.955111168655433218e-01,8.624704390225143014e-01,4.126966787022566585e+00,3.741003326672858176e-01,2.436113549933928368e+00,-7.840038556220488841e-01,-2.892291424254030296e+00,7.503162985979758837e-01,-2.138025095073429416e+00,4.151456265323993922e-02,-3.006471046571626005e+00,8.209662688456442758e-01,-7.104467716639002450e-01,-5.491741904373965699e-01,1.508776675909111464e-01,2.131395703675729170e-01,2.410777852368334528e+00,-2.167870033766726934e+00
9.661957221238188787e-01,-8.070641780200631388e-01,-1.652475474355580065e+00,-3.059614478075098454e+00,-1.952158014355324767e+00,4.579590379154696578e-02,2.872993437694900454e+00,-1.670426179044861126e+00,3.881994797721958212e-01,1.503278350229235727e-01,4.027849673812576192e+00,1.463997758317111098e+00,-8.606434624117752508e-01,-4.842759202772034532e-01,-1.618560578175762377e+00,5.212043647181905381e-01,1.563657871661160881e+00,-5.740442891828476668e-01,2.161879053622504543e+00,-1.948152599262710227e+00,-3.602367169782128897e+00,1.882808970201926835e-01,-5.446680102028375048e-01,3.993338919393446318e+00,-9.225617460222849120e-01,3.220810833997851397e+00,4.538898837511627704e+00,2.956443912588020861e+00,3.880610681512129290e+00,-4.497541994530136478e-01,-1.262313636619054158e+00,6.085143747868038133e-02,-4.488344948104476373e+00,-7.275744701287881755e-01,2.933104767875944319e+00,-2.069024519583260613e+00,5.130894244933502657e-01,-1.497188098656870636e+00,-2.943250740383609454e-01,-1.367223719208682464e+00,-3.834779886725590003e+00,-1.334721614285092617e-01,1.487963770879840775e+00,-3.464132491106508560e+00,2.628358011374176240e+00,1.020770912788305562e+00,1.197847064182600674e+00,5.238091757273997118e-01,1.448420792539747870e+00,6.381208452870980041e-01,2.142672946532160783e+00,7.483623336550810912e-01,-3.340007831837524588e+00,-1.514796718985980561e+00,-1.073021282867324677e+00,3.308906536000260523e+00,-1.624592689106737264e+00,-9.813809235301660383e-01,-1.933165629210714442e+00,-8.062172213759177808e-01,-4.671119974660511431e-01,2.319950532250726116e+00,4.897138938544985720e+00,-2.133242806657594137e+00
2.247484633835389323e-01,-1.150037146269242916e+00,-1.531930760280955983e+00,-4.021846049309989013e+00,-2.343652330150125529e-01,-1.528002991242026765e+00,3.789928036846729187e-01,-2.255977093883618778e+00,1.889504789377491223e+00,-1.443288617384427042e+00,2.519608835339863351e+00,5.479146801371561626e-01,5.034824084426421653e-02,-2.098684923326035623e+00,-6.216522330134480745e-01,1.328779737729903543e+00,1.188571304039896193e+00,-2.225745707772496917e+00,2.534650802983280382e+00,-1.735596133400907792e+00,-2.379322612286857819e+00,3.249972289561258609e+00,-1.893406442459639072e+00,-2.705863546708613399e-01,1.972908848614134403e-01,1.863550086571717390e+00,3.267748407033205904e+00,2.403026880355985551e+00,2.273124164371015166e+00,1.401403453301448998e+00,-1.175364370157208960e+00,-4.078214819218062281e-02,-3.160821145653727626e+00,-1.160123115598017840e+00,1.689027289663143083e+00,-4.193298451116186598e+00,-4.643185256053017351e-02,-2.102858681147008024e+00,-2.204494433994299563e-01,-3.024314972925580047e+00,-3.585304482534317216e+00,-2.146587886801863743e+00,2.333339336902382932e+00,-1.744229805790316057e+00,1.465301884199872173e+00,-1.989313978277951200e+00,4.295596937166068940e+00,9.598575215499111080e-01,2.952245656764139525e+00,1.439143119220398503e-01,3.068605513628828607e+00,1.329987792004172054e+00,-3.667900549293320989e+00,-2.012825084090802630e+00,-1.408264185068025309e+00,-5.828106228764371455e-01,-2.393748670829795699e+00,-6.440749594284926882e-01,-1.950226677546002652e+00,4.683408787914706828e-01,6.900456773033674107e-01,2.162739008598363988e+00,1.675454513145611113e+00,-5.813951879297174496e-01
9.386970450871827687e-01,-2.982447867456185175e+00,1.871165153166891582e-01,-5.766654081365414353e-01,-2.363167795768736923e+00,-1.471416557143664150e+00,1.048430361793575738e+00,-2.839111964669249311e+00,-1.661415355107629388e+00,-2.834119744692976006e+00,2.183126489059603159e+00,3.698367176774490783e-01,2.752447619027499626e-02,-6.390141546801060279e-01,-1.956054010924781483e+00,2.266178889250920481e-01,1.626866776228290901e+00,-2.760642667655953453e+00,2.622523464985010655e+00,-2.222067755700919633e+00,-1.990046962496719640e+00,-5.484309590772795673e-01,-2.143322180688884249e+00,2.144065989575054232e+00,-2.743588307905360235e-01,5.021452402044546126e-01,1.646047765672447261e+00,1.447756819510640058e+00,3.984864698015570639e+00,-8.067470835956978004e-01,-4.991085311553531412e-01,-1.721979635541576847e+00,-5.958416839218877215e+00,1.201072527359665187e+00,7.509859282713129414e-01,-2.348126628800592641e+00,2.880950366454678058e+00,2.763686854218865285e-01,1.514925173220160737e+00,-4.259117993326340113e+00,-2.966472974114884309e+00,5.684667358479673638e-01,1.762773757199310065e+00,-2.150435281357977679e+00,2.810854686108421596e+00,7.558092241420572011e-01,1.630412391191457422e+00,3.671885972947784293e-01,1.185746086830428592e+00,-3.440708592275208755e+00,8.108338107005730322e-01,-4.114375125334079897e-01,-3.268099271718759802e+00,-1.942880757774178013e+00,-2.449180420492295784e+00,8.203099040762763527e-01,-1.902941766852571437e+00,-7.576488189214528601e-01,-9.265527596965439372e-02,-1.164890983378387146e+00,-7.149638880244478800e-01,2.054265734308764024e+00,3.133087821777181592e+00,-7.682749505841062199e-01
-4.719729942064830874e-01,3.128082470069706300e-01,-2.209615861819614224e+00,-8.624141958125733920e-01,-1.470828747804777015e+00,-9.264274263698796252e-01,1.569918009255216074e+00,-7.147050815445963323e-01,-6.466200323263877614e-01,-6.803082851915946971e-01,4.247874473072784873e+00,1.615953956699420768e+00,5.712969136849459506e-01,4.975852482361755591e-01,-1.611086214416178830e+00,2.015019437285440418e+00,1.823240797840008032e+00,-7.292334258736226094e-01,5.067138120740120044e+00,-1.689018196154871809e+00,-4.402148978229218912e-01,-3.859093753002844629e-01,-2.195526257348027421e+00,2.443684952899717988e+00,-8.163631935574020559e-01,-6.846507250577626991e-02,2.224921186468951539e+00,4.276902417507669085e+00,3.578071684520641949e+00,1.062617605931281295e+00,-2.545999001915077997e+00,-1.064413207617407098e+00,-1.302141780810410987e+00,-2.073629606940201597e+00,1.688419100733887124e+00,-5.160014023720991272e-01,-1.589517025006978779e+00,-1.891628411091199613e-01,3.066701714284881808e-01,-2.126236068990511097e+00,-3.175924228190627918e+00,-2.171186272950291762e+00,4.790360142906623153e+00,-2.236611415249862844e+00,1.565816237555559765e+00,4.978538829152704404e-01,2.026815516635859016e+00,-3.396389612499822741e-02,2.159943464958530512e+00,-4.194254741992983204e-01,2.736590336047838523e+00,-2.590623666502039235e+00,-3.571262425468505697e+00,-4.038200035650230113e-02,-1.153381411480781660e+00,-8.232548131261341329e-02,-2.153340717384594871e+00,1.234765832555301923e+00,-1.842871401327253578e+00,-2.724804876447431301e+00,-5.580525557295914485e-01,2.238934725729451181e+00,2.253996424275581223e+00,-1.196486926386601812e+00
-2.438941077376493849e-01,-1.329082624674528423e+00,-2.703684500679519154e+00,-1.216604107754622133e+00,-6.347503863264081225e-01,-9.550671925872677992e-01,1.378606454233260115e+00,-3.752775043096698848e-01,1.401699921431892815e+00,-1.637046413870108186e+00,2.831451879423803053e+00,3.421687649321381031e-01,1.494890094187424079e-01,-5.651943857928047876e-01,9.960014317933050254e-01,2.952422440500758860e+00,2.451067920839043346e+00,-2.069181945394948041e+00,4.482545305216890874e+00,-1.889856947668241860e+00,-7.279236340485422119e-01,2.014259276746786398e+00,1.005704736136911137e+00,2.703534007034245512e+00,-2.201342915367621167e-01,1.985494433104895595e+00,4.812013502047316038e+00,1.443921543551543119e+00,3.353679270722967232e+00,1.119275294654786146e+00,-1.220913997176619414e+00,-2.926799715555282733e-01,-3.215772412049349160e+00,7.333870821027870246e-01,3.138079922464801497e-01,-1.734035373197036600e+00,1.017472541875255598e-01,-1.960469015026945261e+00,-1.029796005705743145e-01,-3.532031183341599156e+00,-1.851994508700828490e+00,-1.041196153861101426e+00,2.576757037284000962e+00,-1.827127512550695831e+00,3.922138334679021732e+00,2.198503836520827037e-01,2.935608517171519605e+00,3.438455268741516524e-02,1.338203658338692037e+00,-1.346769137244476111e+00,2.790027488269498424e+00,-7.263444796217449761e-01,-3.342723249068095370e+00,6.680954300343127095e-01,-4.012420538024679573e+00,2.134451591218176958e+00,-1.457781221971205854e+00,6.860743486868321472e-01,-2.391111178286919881e+00,-3.356743251872806311e-01,-3.006927419042603411e+00,2.103562979310655390e+00,1.489047484525747755e+00,-1.583232606935681908e+00
-2.404392295541358249e-01,-3.012909637359414416e-01,-4.295019041381543445e+00,-7.619966725824660614e-01,-2.850950808246544010e+00,-7.213343115095305347e-01,3.414591531502430000e-01,-1.222088405352536045e+00,2.192088511458768263e+00,-1.416713212912962039e+00,3.206271188006371453e+00,2.765108400558004664e+00,-1.003242369644374188e+00,8.327278418543815341e-01,-9.854435891388890756e-01,1.408320633345587991e+00,1.393877135679750578e+00,-2.127795141861332784e-01,3.342570792785608536e+00,-9.736798366659554782e-01,-1.663094846221669920e+00,3.941574786807636510e+00,-2.176384160024461778e+00,1.881843807220814790e+00,1.627350139453926925e-01,2.302502430659559174e+00,1.924830335818654703e+00,4.846122196916077485e+00,2.298789194578820361e+00,1.747593983232635928e+00,-5.549007093093980547e-01,-2.170642294008160889e+00,-3.107121664740975842e+00,-1.684765997171184138e+00,1.468183346185669480e+00,-3.545046057502585501e+00,1.207496994822285230e-01,-1.200147273672388160e+00,-9.955848680842782628e-02,-1.339362429041509150e+00,-3.142511847304603645e+00,-1.388621705713601440e+00,2.123500872057320965e+00,-3.806121232358138151e+00,3.295402044714263567e+00,5.156502272481493510e-01,1.473890336763225228e+00,8.230727857644031253e-01,1.262586811679542009e+00,-1.533278162699808433e+00,4.646390715250209524e+00,-1.410771687083656412e+00,-2.780948920696991955e+00,1.478622940059139523e+00,-2.954684298304514734e+00,1.424083005570743632e+00,-3.414867129668520906e+00,2.534190776129613409e-01,-4.450745375960513783e+00,-1.240940239784791288e+00,-8.886623941403681837e-01,1.861443088141561786e+00,1.429531382784903659e+00,-3.379621557246386132e+00
-1.576091630062344651e+00,7.037412262873470326e-01,-7.368684462950004788e-01,-1.566427856828127352e+00,-1.063636166593491694e+00,-9.381522667900263901e-01,-3.218083883410227664e-02,9.048631946059262354e-01,6.570290138149211812e-01,-1.190433895816094489e+00,3.241575813934107320e+00,1.807073668046107917e+00,-2.081705495052592614e+00,-1.229684918273367789e+00,-3.395999242300268284e-01,7.116331710062876459e-01,7.045518840866680232e-01,-1.862387233264106490e+00,3.937068793533676558e+00,-2.507093575685003906e+00,-1.048753609940692666e+00,-5.568322119968232009e-01,-1.278298250642092571e+00,1.486261240750543555e+00,-2.526484397358674805e+00,1.694087986821125158e+00,1.419326148747120930e+00,3.023112987059618284e+00,1.946095422174600742e+00,4.955070539536389207e-01,-2.616647636508797614e+00,-2.118775587207558431e+00,-4.638967279330961979e+00,-1.020498968984449029e+00,6.407935118822971621e-01,-1.335919249647774532e+00,-9.645297698316123158e-01,-7.026648688773932117e-01,1.242197029706296529e+00,-1.839758644180625513e+00,-2.543327814427604139e+00,-3.669630225337708218e+00,2.124136278648683707e+00,-1.655644975418091969e+00,3.487158046486421359e+00,4.205317111765877192e-01,9.523243950870399210e-01,-8.084312008189867838e-01,4.951444746960269150e+00,-9.267051059599769047e-01,3.528537114107253903e+00,-9.646340943830352677e-01,-3.841690131362852867e+00,6.144455072863725942e-01,-2.080592658276724016e+00,1.562684712442483193e+00,-1.941855836133431268e+00,-1.620985875535718157e-01,-2.878314137365509673e+00,-1.332407517374297079e+00,-2.052828888924079109e+00,1.643381160633182736e+00,1.053674356583245819e+00,-4.001602552850936689e+00
-1.712429263003373503e+00,-2.135410904300028001e-03,-1.610539252936173060e+00,-1.717251937372040960e+00,-1.911184139256503878e+00,2.164437961771303875e-01,-1.492366421232416140e+00,-1.617268898873446270e+00,-6.892183305724861597e-01,-9.380180390070569363e-01,1.617583180838909174e+00,2.292906871363124655e+00,3.725960258331660890e-01,-7.687661626486482769e-01,-3.756978657122130638e+00,3.533824667201261871e-01,1.676185293180890046e+00,-1.477077002159159047e+00,2.876368889760460679e+00,-1.650948824398741799e+00,-3.072772134328428884e+00,3.634389508137527702e+00,-1.664265204635224649e-01,1.788767003789964782e+00,-1.180425264723349743e+00,2.470284660110864117e+00,3.221748349216059459e+00,1.327682881252650882e+00,1.357025136704317347e+00,3.686766351941813125e-01,-1.287664318489570858e+00,-1.092113358573179926e+00,-2.806844430291338455e+00,-3.032739908181846245e-01,-1.219681373474863273e+00,-3.213514846694340399e+00,-7.163986878259094304e-01,-2.435755186423480545e+00,6.382950126742135133e-01,-4.142516033797294384e+00,-2.586380698310381199e+00,-2.255730125931902030e+00,1.953614320643977109e+00,-2.300106710256453191e+00,4.639216128041603326e+00,-9.172710052084735999e-01,1.376456393775550513e+00,-2.356782318173983537e+00,3.420381246406152709e+00,5.698869616039183850e-01,3.687424433704998616e+00,-2.785832112951907469e+00,-3.636161917947865252e+00,-6.355606960893289692e-02,-1.181875717910314094e+00,-3.697471748181386797e-01,-2.288660737559582437e+00,-2.031697368612498389e-01,-1.785134362329471314e+00,-1.904134929085850247e+00,1.184309864950346736e+00,-8.581487765972628523e-01,1.744306500220613731e+00,-2.046218591414713295e+00
-1.261729417637348361e+00,-1.967193000561997529e-01,-3.550657607504738245e+00,-1.927688230580195228e+00,-7.010730483105009903e-01,-1.298139871069702300e+00,2.316669930423910451e+00,-2.685227208539389121e+00,-1.986716987880044361e+00,-7.706310307738799548e-01,3.313672593686875167e+00,4.018981570477498266e+00,2.335301893532059081e-01,-3.272840649269278535e-01,-1.627550155641809493e+00,3.498709746784278263e+00,-1.131295715449389228e+00,-6.027525799707533771e-01,8.848043713904107932e-01,-9.720248284691930252e-01,-1.889570486226094026e+00,3.083775747311433557e-01,-3.730812993428114233e+00,2.088011621858207878e+00,-8.519662186357781497e-01,1.959920395570399432e+00,2.686323566701614318e+00,3.452342533343695674e+00,9.104579041609046630e-01,-1.536819264598600965e+00,-1.581255717051992082e+00,-8.840129874205107097e-01,-3.907613601358095767e+00,-5.124463294282501913e-01,1.572401009780094894e+00,-1.561677866079864696e+00,-7.956022179734326683e-01,-8.630314496217081910e-01,-8.610290251799057604e-01,-1.642832753482884822e+00,-2.575236806728265826e+00,-1.954357244228613233e+00,3.320778727219956483e+00,-7.142291419020563303e-01,2.350292362217141218e+00,2.150433185640991951e+00,1.959575134995663381e+00,-1.063278883088436544e-01,2.331078175686122744e+00,3.225394667935576054e-01,4.323753998435754475e+00,-7.793746309465704458e-01,-3.267572184000743896e+00,-4.756585361402332901e-01,-1.034373994338101843e+00,9.194467921808380240e-02,-1.542081372460271105e+00,-2.978563112416448000e-01,-3.157339873097690930e+00,5.411734639430865190e-01,-2.631428958844589161e+00,-4.546930182071016180e-01,3.271136720296029310e+00,-5.174652096388685507e-01
-8.713595369433035920e-01,-1.379165099255630356e-01,-2.655208803951272678e+00,-2.268958528605419911e+00,-1.630180559226787729e+00,-8.040020233879661138e-01,3.312235006652087144e+00,-2.308300825936037803e+00,-4.384803944697939215e-01,-1.995060217728239715e+00,4.035299060182944153e+00,-1.541287717664074020e+00,-3.527531082960416731e-01,-4.802147903290154840e-01,-1.560618333050652229e+00,8.890223994545651820e-01,3.586761334576001659e+00,-2.918912993140516221e+00,4.890110450966361988e+00,-7.349391931384918752e-01,-2.199845047162156675e+00,4.962815624618697741e-01,-1.218817361484304973e+00,1.499495692111134648e+00,-6.704605454918057816e-01,1.154378969830232027e-01,9.439411060830846800e-01,4.003590989052419502e+00,-1.767897368397575164e-02,-1.225619888981606564e+00,-1.053259530453683812e+00,-1.222570244854854549e+00,-2.430049332437239418e+00,2.751833127555900482e-01,4.987266078350217624e-01,-1.923530885577125149e+00,-1.788444246591618159e+00,-5.042815262294807477e-01,2.565126728290316294e+00,-5.523385204287394323e-01,-4.534696189331475225e+00,-2.409086681649004191e+00,2.194149736206536971e+00,-5.013022243547966550e-01,3.031882274979685210e+00,5.188324896917484441e-01,1.431920732747461233e+00,2.226569685746647154e-01,1.406880445676676805e+00,2.200013925988779206e+00,2.587444534617536096e+00,4.521677010755971171e-01,-2.302723683755397488e+00,-1.247721536766565276e+00,-8.377420690937951164e-01,3.240468985508184296e+00,-4.012477993085791894e+00,-1.114148966320607670e+00,9.764394519609442824e-02,1.195984241588741614e+00,-2.116541188662543593e+00,2.856180794750412311e+00,3.325465264631029427e+00,3.230671057641645305e-01
-1.503239936637817964e+00,-2.538409501601752716e+00,-3.723812372510332480e+00,-2.857642119700035455e+00,-3.764401364033538311e-01,-1.018036534744006794e+00,6.449322976723513845e-01,3.523731060549986083e-01,8.688924307385029744e-01,-2.607227178323944239e-01,2.236957998303910067e+00,4.967703043330380375e-01,1.258693486508306369e+00,-6.679589203639217931e-01,-1.077340921870172830e+00,-7.022782417024506785e-01,-1.471409335006879093e-01,-2.563047725539829180e+00,4.831273818997343206e+00,-2.934094049527357306e+00,-1.819351858687863865e+00,4.330170476703519844e-01,-2.909499354721017950e-01,2.009108696484904311e+00,-1.542487167483548305e+00,1.778690795506617350e+00,3.920287030201933920e+00,4.728753496491322927e+00,1.761186222701569770e+00,1.208620352992681557e+00,-2.728443582432377390e+00,-9.628662827904419519e-01,-2.347485649849478939e+00,-6.988008777352827661e-01,5.612806767984255263e-01,-2.823864003636021192e+00,4.376517922058641430e-01,-1.227114116111226672e+00,3.097921807630068525e-01,-1.571750498760101422e+00,-4.713214973058981627e+00,-2.455938642371087610e+00,3.045710278545169736e+00,-1.595722685446309130e+00,8.561876255436962069e-02,-3.493574127684051511e-02,1.866432597508375313e+00,1.009382192989899618e+00,3.983182709068711080e+00,-2.211963023017548824e-01,2.613033837584481489e+00,1.893052587152694866e-01,-3.564150095849393907e+00,-5.040580030481565110e-01,5.918560587732579759e-01,2.028617155437734354e+00,-2.198204535943867111e+00,-1.053878089554449726e+00,-3.227812388427000467e+00,2.630486179418219939e-01,-1.918044513072848734e+00,1.695990077480262981e+00,2.275253946975168695e+00,-3.855814138504912947e+00
-7.339833982999290907e-01,-2.366847818484839383e+00,-2.835488750339035580e+00,-2.495545114882319115e+00,-7.086028560822092981e-01,-1.930561623758690892e+00,1.124702870889265682e+00,-1.467134404464907504e+00,1.229398627145495304e+00,5.844959973462822145e-01,4.031750021422223718e+00,1.146351469839906656e+00,1.632336956023247854e-01,-3.553734411429218532e-01,-3.329706711296259503e+00,9.381941153758435181e-01,5.589288618909714623e-01,-1.747189000943725201e-01,3.506613910084037222e+00,-2.136636223546679147e+00,-1.090379790997291209e-01,1.473386382724241495e+00,-1.542090701564279298e+00,1.865528116747406262e+00,-2.435195669496403426e+00,2.074851431333962104e+00,3.334675348932105710e+00,2.349807802707921223e+00,3.474883687640079266e+00,1.130417798649407057e+00,-2.712731940636683881e+00,-1.224625815853854327e+00,-1.551071915196544859e+00,-3.146804228447474205e+00,-7.645139596168994967e-01,-1.367931007940461630e+00,-7.420659885077096618e-01,-2.092847459449232339e+00,1.060539404401169339e+00,-2.788543392464633897e+00,-3.553041129925553765e+00,-2.253985107203448468e+00,1.672313150394489911e+00,-1.576115445608585741e+00,2.761823485474355078e+00,1.033446639762812813e+00,1.019391012028512122e+00,-1.243449270142572005e-01,2.434887214755762752e+00,-1.978530328516625580e+00,3.125010061594822197e+00,-1.337948481644613441e+00,-4.048405623630969785e+00,-2.730366212127779968e-01,-9.573036097418690105e-01,-1.858575321945374892e-01,-2.441133812825031058e+00,-5.321864573172953028e-01,-2.066142448994516378e+00,-2.323695113776048871e+00,-2.136923998940646330e-01,2.072904061001147991e+00,-5.047934478913491674e-01,-3.338256322318754243e+00
2.936641527513075278e-01,4.174795313033408117e-01,-2.297972226065660095e+00,-1.721392809492821474e+00,-3.310453390473402813e+00,-1.568178554483712350e+00,7.095972217607100507e-01,-2.999613444070067469e+00,1.052514906183453558e+00,1.384243087673119543e+00,2.387257747074802872e+00,3.125998022155644485e+00,1.577049461825943688e-01,3.382186099818815794e-01,6.383103382013941562e-01,1.816334918572132917e+00,1.196395681156941171e+00,-3.994603015716858607e+00,3.587970307781724433e+00,-5.121208979623299573e-01,-1.595416075847763349e+00,3.529899674589753733e-01,6.708330731374827494e-01,2.658378969203821551e+00,-2.991680587318978901e+00,3.705412855344870415e+00,2.432103082569315067e+00,2.789094123957058802e+00,1.068157961785401566e+00,3.703769244042725894e+00,-2.666414522815537147e+00,-1.418810694147027540e+00,-4.151222640464717450e+00,-6.239136353727461337e-01,-1.112035370093818365e+00,-3.412100828410867148e+00,-2.539009301332840085e+00,-2.197366281053010351e+00,-7.760232103763167189e-01,-1.972476040236255557e+00,-2.160831809828318573e+00,1.030109506403344533e+00,3.955444385698196896e+00,-2.445999425406178318e+00,1.855393175223687408e+00,1.757531050614905832e-01,3.331742812701103507e+00,7.934112444398518926e-01,3.709356941963020571e+00,8.587655739406998556e-01,2.969997278038064792e+00,-9.435280622760616742e-01,-3.900579037512753366e+00,9.257834433076952418e-01,-1.148801204481720406e+00,1.512647960968758643e+00,2.629550336195523030e-01,-1.001479831395113207e+00,-1.928250727441483514e+00,-9.156570978342370992e-02,-1.482197067459397166e+00,1.543727900467818381e+00,3.156023049547382442e+00,-6.744378909691628454e-01
7.352827240723136537e-01,7.975139432865037126e-01,-2.546333367930415648e-01,-2.147638947121510711e+00,-1.505717942967378375e+00,-1.376677849364583262e+00,-1.786120615171853387e-01,-1.807858053465707160e+00,1.706728057839506651e-01,9.036668584618339217e-01,1.312393983428440825e+00,4.712561392054325227e-01,8.295861085422895354e-01,1.159643526381954226e+00,-1.825150121681945237e+00,2.253333676799250451e+00,9.709973387057078131e-01,-8.924200814211987742e-01,6.528762597561099668e-01,-1.553029872633386654e+00,-2.783650373840429904e+00,3.424686835173695876e-01,4.901704075494568436e-01,4.191223272370950603e+00,-9.091066908643817834e-01,1.057502862063002258e+00,4.788192364330186912e+00,4.056476810320344129e+00,2.863371590834796532e+00,6.099893615392262269e-01,-4.374122700429200483e-01,-2.293470551436261218e+00,-1.925834222525869333e+00,-1.003237369563059644e+00,3.203346552778594813e-01,-1.633316314900302046e+00,1.251151525037134338e+00,-1.358131335600698097e+00,1.168315858120959394e+00,-1.359123276039468919e+00,-2.434074824942879189e+00,-1.233691027826069542e+00,2.241159586377197144e+00,-1.146885788815517948e+00,2.064522467541194395e+00,7.867892898458153095e-01,3.558630599941559502e+00,-1.939668363378971527e+00,1.601722839163930878e+00,-5.117749811243036406e-01,2.409295941111516015e+00,4.041499370520407197e-01,-4.169414222699188599e+00,-1.330364534702134005e+00,-2.327325938980973952e+00,7.997846018331783435e-01,-4.313156829403425263e+00,-8.499650152834810068e-01,-4.158813822821554318e+00,-6.427977494331431618e-01,-2.274229297579772879e+00,-4.829019768834332815e-01,1.393752682821516320e+00,-3.181251728496897968e+00
5.136791049426726596e-01,-6.528767069990891736e-01,-2.725012461009122866e+00,-2.795686840142680429e-01,1.469425461807838396e-02,-4.883589850647007680e-02,1.310351869954668569e+00,-2.383087684072044077e+00,-2.355814590535635356e-01,-3.802547361906162826e-01,1.742580085813682622e+00,1.982312063416343140e+00,1.128015072996868318e+00,-9.787154774444655203e-01,-2.630113854699352771e+00,1.945471170173863396e+00,2.347234138852803298e+00,-1.888324270707714803e+00,3.915786626951795135e+00,-2.891105048747613537e+00,-3.366011750632330823e+00,1.645098280441807947e+00,-3.662057491314265611e-01,2.164502246359561788e+00,-1.523988751742736625e+00,7.708208995932029906e-01,4.164602677480191417e+00,5.006394185439881461e+00,3.747453686977761933e+00,-4.075949047374348710e-01,-1.059486914850550354e+00,-1.778610167550243926e+00,-4.333511541436667613e+00,-3.186728307279189654e-01,1.608867526609368603e+00,-8.154468716837716125e-01,1.046509464163084546e-01,1.981844649304043138e-01,-8.119912922464369576e-01,-1.456130782301568560e+00,-4.708159793065498810e+00,-2.593462640925032758e+00,9.605545427166437555e-01,1.825906732633411078e-01,3.895204686334923672e+00,-9.310511809300137109e-01,3.103596460974094917e+00,7.544986681566119291e-01,9.698297758025675730e-01,-1.020050147463356982e+00,4.893575360126312113e-01,-6.281401387478899867e-01,-2.570590320108587790e+00,-2.038967085318147188e+00,-3.500345953806293764e+00,-5.850861929005584106e-01,-1.411042894664471081e+00,-3.906499820900284359e+00,-2.447166235600807926e+00,1.817392602170158078e+00,-3.292513535083362308e-01,1.538603710711630157e+00,2.456195977574549438e+00,-4.354995815572966222e+00
1.847641045979981911e-01,-4.951153414232413175e-01,-1.541479222613435507e-01,-1.875386665461252100e+00,1.142178774214932524e-01,-2.998836591032796761e+00,3.204303595401391647e+00,-3.170195217442996594e+00,1.810279136761326457e+00,7.704001217787457279e-01,1.320542792057685544e+00,-1.291865072734286191e-01,-8.524607639336058140e-01,-2.820961335019279703e-01,-1.573544005748833463e+00,1.115740995741631103e+00,2.592367621042620307e+00,-2.485904982693113219e+00,4.138829801494441796e+00,-1.142488161128989876e+00,-3.823100860077290886e-01,2.167000529448493973e-01,-2.619783202443597858e+00,1.922700884986981995e+00,-9.407172785218675948e-02,1.031630290102006464e+00,2.781767693905934369e+00,3.649330768590968610e+00,4.179200690362667281e+00,-2.286267881799219914e-01,7.413864799213711887e-01,-1.227607342373733257e+00,-3.966065358234378113e+00,-1.865484802329286707e+00,5.777011720791429550e-01,-1.657015310665136187e+00,-3.340010230876536701e-01,-5.180619255199551132e-01,1.746087523572008582e-01,-6.634963445770134527e-01,-2.052801535101896668e+00,-4.141704101246912462e-01,3.439740679474517115e+00,-1.745552374065670209e+00,2.837138743246867989e+00,-5.809863642643171566e-01,1.650918065512925414e+00,-9.584171167627335564e-01,3.867063941911718317e+00,2.667609120391108313e+00,4.304415381287317821e+00,-6.386993516673977744e-01,-5.012468528083821262e+00,-3.438851645400118895e-01,-2.001961138517655669e+00,3.117378165639789200e-01,-1.685552560166778457e+00,-1.733316519536306499e-01,-1.430504728204265996e+00,-1.067352361695629082e+00,-2.785709994200073147e+00,2.111834212654087217e+00,2.600739576992856072e+00,-3.371628084189548069e+00
2.326851921952260982e-01,-1.566002189109122700e+00,-2.543129660263822700e+00,-2.882027092604912077e+00,-1.200151388559574261e+00,-6.021106419381383468e-02,2.476012864395256141e-01,-1.455978398467711266e+00,2.150778568890039821e+00,-6.727024149608553660e-01,3.947647413877883871e+00,1.907008273361940898e+00,3.331177320007797649e-01,-1.729149897672694891e+00,1.165752478115079871e+00,2.060827088332653378e+00,1.515434696506126500e+00,-1.715748030611288222e+00,4.119162265805737633e+00,-2.640628899431362697e+00,-1.661172604580830825e+00,1.285123695374705166e+00,-1.493077874568753849e+00,3.052403118049868969e+00,1.164656188015820160e-01,-1.570149287385730563e+00,2.706642032325037306e+00,2.399048205839354519e+00,7.088704888813794902e-01,-1.199516832959725443e+00,-6.889353745359483305e-02,-7.640923850640787274e-01,-2.529957038055215435e+00,1.797608272600091706e+00,-2.364958998361605502e+00,-2.570149023084099760e+00,6.603069975014066451e-01,-1.920490181677276809e+00,2.150225356177295488e+00,-3.633322635453087646e+00,-3.909423638401198886e+00,-1.960685566062038587e+00,2.344713907760162197e+00,-2.015334655043074186e+00,2.330959242096620976e+00,-1.837043463657476838e+00,2.666708377907520688e+00,5.751844024555495816e-01,3.445650054840903032e+00,-1.257776665482700951e+00,2.512008138900046372e+00,-4.432194115673802615e-01,-4.741107041743735095e+00,1.023826841146068256e+00,-3.127378620974219814e+00,2.372687132625813433e+00,-1.120353742731160951e+00,-9.196537216550957350e-01,-1.379915822494191424e+00,5.266119898423144985e-01,-7.226209952828699379e-02,2.573358946192779495e+00,3.432129628047257519e+00,-1.376094246768459595e+00
1.812213438729929349e-01,-5.952190891247762794e-01,1.010570154090117967e-02,-2.217398807874574995e+00,-3.405333077204007353e+00,-1.045985742495701309e+00,-1.659963868215075689e+00,-1.419246921801735173e+00,-1.040833593659864498e-01,-1.799621299892312454e+00,1.974220764830518782e+00,5.950357117086988445e-01,-6.354286463729207357e-01,8.226965576767175659e-02,4.914251084584118079e-01,1.121531048633938488e+00,1.130678761224281237e+00,-3.157539926952698472e+00,4.239088773302740698e+00,-1.182298921577690454e+00,-1.067553333259285697e+00,7.320193720129442028e-01,7.533982789553288484e-01,1.642026197430594525e+00,-5.347126588075202802e-01,5.262256521471193604e-01,4.729091008938075547e+00,4.093086623913217537e+00,3.428517019005888677e+00,-3.773580505690831144e-01,-3.155443120573310445e+00,-1.005756166732764800e+00,-4.152605502297840090e+00,-5.956000845335019944e-01,-4.066844461380429987e-01,-2.061081145820842675e+00,-1.366908586828733618e+00,-2.473572657390323393e+00,1.163183150471042815e+00,1.491101247124023921e+00,-3.447409258923539443e+00,-1.894484433653940147e+00,2.636731620164359136e+00,-2.194681963003329628e+00,5.028257469747519970e+00,-1.278983565231048836e+00,2.664252141872453183e+00,8.602760356438976519e-01,2.514893230878563202e+00,3.723739038655684563e-01,2.536160331819208302e+00,-4.935185818382027967e-01,-3.802383604031537523e+00,3.673001902695505194e-01,-1.014938261690109922e+00,3.149742437618285873e-02,-3.725107433969327531e+00,-1.210964784525152993e+00,-3.759758360754538842e+00,-8.649625702060976806e-01,-1.386440576164681859e+00,3.075097536816099542e+00,1.118943344629493408e+00,-2.101944267147056511e+00
-1.420563546373159181e+00,-1.055628288541069493e-01,-1.745930530047377083e-01,-1.579089324148695184e+00,-1.501477296069722467e+00,-1.756155019569946685e+00,1.164242095301428526e+00,-2.998652638170777429e+00,1.140960264212464548e+00,-1.192586479861593496e+00,1.353976185256928755e+00,8.099985082438476702e-01,-1.357094463195750222e+00,1.631792150410864117e+00,-7.485400090014350249e-01,1.052712781138003484e+00,2.441908592047774107e+00,-7.277612413667209346e-01,3.268819939422759724e+00,-8.540280851279442587e-01,-1.178072616858208743e+00,-4.361194612000693915e-01,-2.621837004615095168e+00,1.550587166857164023e+00,1.756345740217918561e+00,1.047851193052988128e+00,2.403128111191410898e+00,3.710400232194175363e+00,1.154031075349916557e+00,6.673976563613273072e-01,-1.108892789543787227e+00,-2.901411269886362554e+00,-3.917791529430992625e+00,4.992427086229481725e-01,-1.310098423295172232e+00,-1.504279757370558857e+00,-9.838848921461862407e-01,-2.920110932763090972e+00,-8.684080541902226003e-01,-2.403800320757264686e+00,-2.758533625893244245e+00,-1.336678815718936431e+00,1.707316410466935830e+00,-7.323129686688487627e-01,1.503356166533233118e+00,-8.835456071462459704e-01,2.460145130194112628e+00,-1.093669227118805765e+00,2.275435190887515891e+00,2.053978387636883340e-01,5.181370730349982523e+00,-9.950458970373854406e-01,-6.157457172834462256e+00,-1.469587586105305821e+00,-6.112687707266107884e-01,1.667118027278595260e+00,-3.384372387297739593e+00,-1.603506622351428934e+00,-2.374071667008739617e+00,-2.486662271880398789e-01,-9.099516877696827155e-01,2.097980612777721632e+00,3.691677761181995088e+00,-2.582393457191324515e+00
1.054614364579520513e+00,-2.699295691945849285e+00,-3.040648429218987037e+00,-3.410757134001030977e+00,-1.687132497125254593e+00,-1.750789705437810095e+00,7.018590060981878542e-01,-2.190777900311889237e+00,7.745070461457470579e-01,-1.813175228442994946e+00,2.382687246526968838e+00,1.415736793198185461e+00,-8.825870369116537439e-01,-6.171466209746279130e-01,-1.480359381282728926e+00,1.225897821732717885e+00,3.399699956118211741e+00,-2.618531480432618075e+00,2.995173639564894241e+00,-8.859568102890578167e-01,-1.474504807421362473e+00,-1.462559115472419347e+00,-2.160347584303007551e+00,2.107752438222593394e+00,-7.091701508566915502e-01,1.864186236379265393e+00,4.958861478757596863e+00,5.782413933027757302e+00,1.825502991612740766e+00,6.936813644762949149e-01,-1.040993014111133208e+00,-2.241030462211589525e-01,-4.267502593349560058e+00,7.010456150052741808e-01,4.091734883004061740e-01,8.486377637296316223e-01,-1.372899272949919813e-01,-8.772647805986137914e-01,1.143173747871793156e+00,-2.383089891785159065e+00,-3.804646465971244673e+00,3.876303335015407470e-02,4.568129135236350891e+00,-3.255199271081161250e+00,3.055160549889813559e+00,-1.280676214711050420e+00,1.773858060930926239e+00,1.080266955589956002e+00,4.845954127296745462e+00,4.329701077234822115e-01,3.284446752025593774e+00,1.341012224193089075e+00,-3.672203435656647752e+00,3.478836700326812803e-01,-2.226754465479488410e+00,-2.452711101936737581e-01,-2.786389390285002765e+00,-1.794546265702890775e+00,-3.139786460883852381e+00,-1.770166624252980991e+00,2.903672859304746723e-01,-7.490994965259076821e-01,2.820542987752916009e+00,-1.069938249041946898e+00
-1.508423217271895211e+00,-6.366080168313490439e-01,-9.588989893025232636e-01,-3.220363496770157763e-01,-8.435576380341684999e-01,-5.320050893097922895e-01,5.511709009482390620e-02,-2.486956162399981629e+00,8.569352103224652240e-01,-5.332274629998973170e-01,1.712974190731821000e+00,1.472601742104010736e+00,2.515501745881507101e-02,-1.336553653488732785e+00,-9.348140565623206388e-01,7.447878725796419630e-02,9.123259376553150002e-01,-2.622239901289284081e+00,3.236097269516729824e+00,-2.956736322286621643e+00,-1.921408027250789630e+00,9.816588094921215868e-01,-9.533827510985528608e-01,2.555440089263060433e+00,5.496489818280083650e-01,1.852141351027142946e+00,2.744224102935133747e+00,2.019190589604971109e+00,2.402925796819789461e+00,1.173177813118408963e+00,-1.551597974101919686e+00,-1.402758099365404743e+00,-3.455276043413190834e+00,4.439706137813931308e-01,2.407904542214587273e-01,-2.551471713319483747e+00,-6.591408594702877766e-01,-1.300208604118814337e+00,6.494088334249947803e-02,-2.651949530668752608e+00,-3.461320108810738372e+00,-2.797932852061400855e+00,2.624946508827354474e+00,-3.764629495991358432e+00,1.721514557383901245e+00,-7.181010327525816361e-01,2.873818736044373878e+00,-1.620980705797887556e-01,1.450218634013429320e-01,1.344915377619668284e+00,2.865050578510874413e+00,-1.241764597000134751e+00,-3.595354666573627789e+00,-3.454213900517337787e-01,1.478513339164913454e+00,-3.286390500308606910e-01,-4.960037993829420344e-01,-1.299274351976257735e+00,-1.649675159929142154e+00,3.918004486616670778e-01,-1.901395180784969163e+00,9.174188490576168364e-01,1.733470210586062654e+00,-2.544687136909616676e+00
-2.767728904395114320e+00,3.331079209805785091e-01,-4.051604703690554032e+00,1.530421905087120393e-03,-2.474038966844223530e+00,-7.804114394706183067e-01,1.544250907064556699e+00,-2.187236606711047138e+00,1.874081020670418596e+00,-1.627743270297610234e+00,1.387963802326927620e+00,8.264658336487972212e-01,6.324026689316016858e-01,-6.985806367429585606e-01,-1.321752222930225207e+00,1.782769627840016469e+00,1.901308761284177473e+00,-2.637640160092532327e+00,2.163929862752648425e+00,-3.376348666665568210e+00,-3.192068280114079393e+00,-5.649562232610823020e-01,-1.474912112847900802e+00,9.213865489591743785e-01,-1.123409041259565200e+00,2.839905613783107352e+00,3.851549507022753893e+00,3.046896479404328062e+00,3.890058948029723851e+00,1.689966482595201436e+00,6.690415958508479921e-01,-1.130704996588516531e+00,-4.139499239641520667e+00,5.565977910878530110e-01,1.873100076905838796e+00,-6.556269280660480536e-01,-3.876352343941064094e-01,-1.582820354836345089e+00,5.968502348433331051e-01,-2.233619003276260617e+00,-3.397022465674053304e+00,-2.754795515979204801e+00,5.006551057770602942e-01,-9.249898253211644716e-01,6.400216156301548054e-01,1.113036617144906426e+00,2.547034314749014428e+00,7.486012667839714307e-01,5.669716221494647268e-01,-7.185294480270325579e-01,2.295100121814012795e+00,-4.744375084246868490e-01,-3.561660599400524152e+00,1.828993074060580870e+00,-1.436698970048402302e+00,1.299564411438652645e+00,-2.186377033366696310e+00,1.413234556802170694e+00,-1.014799634297949060e+00,-8.414151754079878254e-01,-1.860572195209490021e+00,-4.276190444235004051e-01,2.657110460540553998e+00,-3.797334018893157026e+00
-1.558385061073095379e+00,-2.599700601216710538e+00,-1.082842164228823956e+00,-1.034824766921945915e+00,-2.015192330516395458e+00,-9.691775435818790196e-01,2.250489227731802266e-01,-2.849321131544714447e+00,1.219410394512273621e+00,-1.362345505135139634e+00,2.466716705151301259e+00,4.751635537451229796e-01,-2.136647708764563558e-01,-1.366439143191516603e+00,-2.904269756969735994e+00,1.947251387522005883e+00,7.945953220038752818e-01,-1.025620432185286202e+00,2.448177273102479123e+00,-3.965440411648235575e-01,4.703740976637433846e-01,3.811463406189018466e-01,-1.119332020635846581e+00,1.133780031626769436e+00,-2.604458560567324277e+00,4.589014775739825858e-01,3.950029115128352419e+00,8.998685772515697678e-01,4.087242805950282332e+00,1.311269585614397715e-01,-1.780390662959802306e+00,-1.790903891208338816e+00,-2.277812310665480400e+00,4.570544642597107465e-01,1.312408217069698679e+00,-3.947271750895821274e+00,-1.333025656370108392e+00,-1.696303996420984506e+00,3.249141923684890632e-01,-3.136657257452229786e+00,-4.932172622169924026e+00,-2.314831063667916133e+00,9.568925604415605690e-01,-1.639098121184196621e+00,1.884604143999582426e+00,1.311172204197874613e-02,4.160915300333147826e+00,3.527204212173591369e-01,4.418502409140343090e+00,4.824489344195151963e-01,2.487338367028031794e+00,-6.614469489522423196e-02,-3.755607084085313296e+00,3.054312084014407791e+00,-1.819503349672613846e+00,-2.404359284857264800e-01,-2.557328417263666331e+00,-1.706270831110689334e+00,-3.031750806703010781e+00,6.595586788258323008e-01,-7.450310207845365351e-01,6.732524522845961812e-01,3.225750344267206415e+00,-1.937226828833188863e+00
1.871395650218989459e+00,-1.857744492776642220e+00,-2.940927294228286026e+00,-8.634155144614905630e-01,-1.165360547593870422e+00,-3.009810677105390742e+00,1.726863365374778025e+00,-2.149326437216569019e+00,8.916080121614842202e-01,-8.955195046152145677e-01,3.145371232991243993e+00,8.155808792505112592e-01,9.607682355480631209e-01,4.697919226842428575e-01,-7.109580282837246745e-01,2.693412629251398016e+00,1.968560634681516763e+00,-1.517781375394787524e+00,2.591861730259164887e+00,-2.385859860272428357e+00,-2.955114407142318989e+00,-5.353728541828548515e-01,-9.578827454902643090e-01,1.997025346190310469e+00,-1.576135436000523082e-01,-7.125788855901751262e-01,4.087958036497919778e+00,1.920586865109221719e+00,2.244264570493856858e+00,8.385492173079034384e-01,-1.323898516369643286e+00,7.077193846406715227e-01,-4.227223120050574323e+00,-1.010180563691327471e+00,-1.884570916957764020e-01,-1.347603885496040377e-02,-7.255080156449491557e-01,-1.932684759990539458e+00,-3.317639348983876246e-01,-2.258293406746651133e+00,-3.584224774012914061e+00,-1.538235242172410366e+00,2.058294008465669567e+00,-1.531385466090694258e+00,3.828626804571097608e+00,-1.760117316995432057e-01,1.686679262582522432e+00,1.020712148492764815e+00,1.294817765212158855e+00,-6.310094280327360750e-03,3.223731407240872926e+00,-1.550467874742112340e+00,-2.452785732385158735e+00,-3.079304491020211643e-01,1.449794696130132454e+00,-1.174212670170506456e+00,-2.457425654423767813e+00,9.167073099035454309e-01,-2.995424852986780628e+00,-4.608469552969370331e-01,-2.846954748600844631e+00,2.301239593042688103e+00,2.376245453742854341e+00,-3.180710090616764241e+00
-1.744620660470330487e+00,-1.020131114956517315e+00,-2.123088363382780841e+00,-1.718233623017036305e+00,-2.334771032786105316e+00,-2.197230186376565975e+00,2.709569024330807263e+00,-3.199647623451225442e+00,1.508511661812086846e+00,-1.976982537704221610e-01,3.129414568273923614e+00,1.340621539557250497e+00,-9.925235277310106019e-01,-1.877513507306659113e+00,-1.258962685214121358e+00,7.902937215643652813e-01,2.767388283727114207e+00,-2.184395435796516072e+00,1.668898981249020919e+00,-2.050311983889634870e+00,-3.932945680704922342e+00,2.074643285834232298e-02,8.695922747180357959e-01,3.442777143268348716e+00,2.819677528075348327e-02,2.627694971978996374e+00,2.571363286365042633e+00,3.443560571405294812e+00,3.215982073795032647e+00,2.914975811544193274e+00,-1.769854752656459640e+00,-1.591186410636059811e+00,-3.662859806117605199e+00,-1.765191313157041808e-01,1.837737677720915785e+00,-8.385813810029681958e-01,3.465489564412370660e-01,-5.350176022342312265e-02,1.058984394680036134e+00,-1.512355412117047937e+00,-4.446667134473418770e+00,-8.897795562978823014e-01,4.543634061333142071e+00,-1.616467303022439239e+00,2.247373636401233110e+00,-7.329048405251672449e-01,1.518976374129900053e+00,1.432070305011512668e+00,1.741046639392845208e+00,1.628443465027985537e-01,4.378120356457307238e+00,-4.179488803951116327e-01,-3.364908374048146467e+00,1.633251064398388852e-01,-2.577635071553354251e+00,1.540820556949905162e+00,-2.771432832682030334e+00,-2.725274507953768577e+00,-3.206717178437007654e+00,-4.826732604040083752e-01,-1.934883505816354266e+00,1.373807466250729803e+00,1.801781091620620057e+00,-1.589300700892774643e+00
-5.843792198862538534e-01,7.869144795019393790e-01,-3.915462497663352970e+00,-5.057181740987457541e-01,-1.356050295083816692e+00,3.764005209518979100e-01,1.353980791361968139e+00,-8.650808601857997715e-01,1.297859584711581693e+00,4.139786224024009087e-01,1.882793534391113965e-01,1.687329879926819931e-01,-2.426876089266998271e+00,-1.867333224826543070e+00,1.154673398763291559e+00,3.441119474828362446e-01,2.673814215653369075e+00,-7.919492274756008143e-01,4.242242768782404916e+00,-7.608673595068167206e-01,-1.874284375417488491e+00,8.766435151560300065e-01,5.092857915772774913e-01,1.838860918079565199e+00,6.460824853200386464e-01,1.689785770010474586e-01,2.095107040163625811e+00,2.095469061255767151e+00,3.510700302382575799e+00,-3.748518041734341111e-01,-1.523790566231230104e+00,-8.253859674876582453e-01,-4.011042648263665633e+00,-1.252614126670539729e+00,1.586666924243888666e+00,-7.678675293803028934e-01,-1.272285798798673540e-01,4.746489158838289590e-01,2.670938175004192949e+00,-1.451779755996285282e+00,-3.670827621249421746e+00,-2.344391417128958821e+00,3.069722009606992597e+00,-3.621328580543431208e+00,2.246386043339358540e+00,9.432025458142710983e-01,2.795705870004812077e+00,1.008296086506989209e+00,1.167442628414314232e+00,-8.527613544858184680e-01,2.912758516721458246e+00,-1.630812342962528749e+00,-1.990966792200693281e+00,-1.033396427177847743e+00,4.663902593942559349e-03,6.718680293755574517e-01,-5.533225469432034860e-01,1.372708588445462841e+00,-2.671981606885424299e+00,-6.048849163822732633e-01,5.958696640082112861e-01,-2.986797615853213905e-01,3.091288966135564920e+00,-8.278940589833871933e-01
-1.174256578558502184e+00,-3.612666146713945925e-01,-2.959547836366374529e+00,-6.783016116417306396e-01,-2.308436744677808239e+00,-5.906406026922844665e-01,6.294849931007004962e-01,-9.369712580280218361e-01,1.748712926115410626e+00,-1.518328491708703876e+00,4.156719927359408651e+00,5.593908136956844412e-01,-1.034446429602192019e+00,9.439735376085223173e-01,-2.028745188240035802e+00,1.906537969105836172e+00,7.091335713554143272e-01,-2.072821536505882634e+00,3.040644181016636249e+00,-2.956502719814765534e+00,-3.268387377196805943e+00,1.612295601402726763e+00,-1.164329706528277386e+00,2.408941177980827852e+00,-9.153499662267602366e-01,3.159143884178989836e-01,3.373255208599440724e+00,3.392532201870923636e+00,1.622341974202487602e+00,1.411157809043723121e+00,4.180031106014736597e-01,-1.000643938912614939e+00,-3.665590339923589180e+00,8.737622305548933266e-01,-6.835894689254717882e-01,-2.175702333035709479e+00,8.543906028022334453e-01,-1.498070213009811802e+00,4.640622415948793544e-01,-2.318010057409857438e+00,-5.202570379936188871e+00,-2.142203697362677683e+00,2.461489668370291817e+00,-2.165170599126431394e+00,3.316025839718533152e+00,1.042942571110544003e+00,2.545597578080962986e+00,-2.000741041268066511e-01,2.744771952421234840e+00,1.872310355777352386e-01,1.028264364708385337e+00,-5.985805332465264916e-01,-5.028293576680382237e+00,1.679940758743562190e-01,4.990112962689436937e-01,1.691822365153043517e+00,-2.791834149722340896e+00,1.323922778706390746e+00,-1.788036270890142720e+00,-1.851105074217039625e+00,1.139277518755307472e+00,1.560295594879911318e+00,1.273976775362192004e+00,-1.394039545896346155e+00
-1.027134565038184011e+00,5.879255004411054752e-02,-7.503679993745665522e-01,-1.263536785597257683e+00,-2.730978780345883372e+00,-1.408721958956031806e-01,2.948115775757096380e-01,-1.853541044107242408e+00,2.486651786006791376e+00,-1.207668673347340960e+00,2.920672682485824012e+00,2.987942679581725880e+00,9.759225206167667643e-01,-9.367339351552672611e-01,-2.224312179933140676e+00,8.082368011086176196e-01,3.052043216190610586e+00,-2.961176890993196587e+00,3.908484110918146293e+00,-4.913245951613043339e-02,-1.120588541666920346e+00,1.429023580705055529e+00,-1.467082580759047739e+00,3.871346233625611255e+00,-2.061223095149445683e+00,1.100513605983412413e+00,1.455756978675677216e+00,1.163416958036757709e+00,1.943047071920220414e+00,1.507904235432812046e+00,-2.285782823114193896e+00,-6.669551578272945314e-01,-4.341965306055829643e+00,-3.058925518605876137e-02,2.820243014104047430e-01,-8.739004056169997758e-01,-1.296574081917357901e+00,-1.712599713264586487e-01,1.796420700314346863e+00,-2.563360978611242125e+00,-1.833585830231388325e+00,-1.710340435944784909e+00,3.042752474088869175e+00,-3.829786873694960292e-01,3.262233944551259146e+00,-4.717143009112408913e-01,3.042524993507051523e+00,-8.576456369987601747e-01,1.539047018619773777e+00,-9.883819573466385844e-01,3.221409723067013342e+00,-1.670669172034833672e+00,-5.920382168887696750e+00,1.622991042249194216e+00,-2.241315633964680032e-03,1.611065820465138021e+00,-7.580721319968855010e-01,-8.945574221386884961e-01,-2.178291024110501350e+00,1.555823366763287030e-02,-2.732293266020467293e+00,2.589922591895202242e+00,3.170317509241129539e+00,2.360630967833938776e-01
-1.550870192752256349e+00,-4.524722026031116617e-01,-1.720362919870811691e+00,-1.193891670486272760e+00,-2.547140833149152073e+00,-5.131187986911820431e-01,1.046762637056427803e+00,-6.361938324059430716e-01,2.610223985221396426e+00,6.089216221795958894e-01,1.691228901685186914e+00,3.639362784835045606e+00,-1.092703615539069917e+00,-1.085903903032779727e+00,-2.792104062362142258e+00,5.335793829241238795e-01,-6.011327422278656130e-01,-2.889350527072673813e+00,3.383575518216131339e+00,6.082855559933750822e-01,-1.038803616748632530e+00,1.318828249314433210e+00,-1.484326597419203253e+00,3.452241333179375538e+00,-1.234603664056743710e+00,-3.080659648770971426e-01,2.289386996420650355e+00,1.387708908289047693e+00,2.294958961429141908e+00,-6.400388252324200611e-01,-3.527141025117420003e+00,-1.697666183519430660e-02,-4.191482074667519875e+00,8.459155881815314526e-01,7.645451352107498488e-01,-2.263712329717419092e+00,-1.854325165118315688e+00,-2.290147055849336422e-01,1.124567185155843640e-01,-7.309391675883856188e-01,-3.790638137303715460e+00,-1.423828417150298620e+00,2.113750095138455354e+00,-3.396554857387057424e-02,4.542836958468479125e+00,1.482841889363547772e+00,4.092486244726181610e+00,-9.784989027602144507e-01,8.570749188862163415e-01,-8.142864179479303299e-01,1.280901950444515158e+00,-6.362596478074133977e-01,-1.859776659865850057e+00,-1.387060818680758256e+00,-1.314235635096535404e+00,8.976700455208410645e-01,-1.479739821926649990e+00,-2.857760747297630743e-01,-1.672226638534057397e+00,3.905130389011239878e-01,1.191907441342452856e+00,2.713893221891557239e+00,1.014778558177665824e+00,6.476119292839581654e-01
4.923176093012771037e-01,-1.212734496191847366e-02,-2.517031866835079512e+00,-6.703649025405106210e-01,-1.342572870713911071e+00,-1.645929579919699570e+00,2.055386399090995297e+00,-3.005257211229962255e+00,1.389030386863529642e+00,-1.644771345457630041e+00,2.457040266886589830e+00,6.105041772198571692e-01,4.011580485186820311e-01,2.938467167040306194e-01,-6.061764411848542533e-01,1.758929426894686232e+00,2.101957165203621081e+00,-9.003909949631684340e-01,1.845555265327851968e+00,-1.948422171983390960e+00,-3.303157699747180764e+00,7.432767939483184705e-01,-1.542541196257743108e+00,2.042221023456103346e+00,6.271908484788357718e-01,1.507253733831086295e+00,2.645706061288509936e+00,3.419428269099446194e+00,8.722056131703785908e-01,5.719601849874265120e-01,-7.684252959058957000e-01,-1.882492985961413456e+00,-3.776015544783369648e+00,-2.144073773018332352e-01,-3.305817674287581109e-02,-1.970955659968150808e+00,8.222573438580000893e-01,1.001164271549709106e+00,2.345729115025319444e+00,-1.712398950875136716e+00,-2.208434645784607575e+00,-2.937288159634311668e+00,2.480007447740502524e+00,-2.930673396642931472e+00,3.347169539870242794e+00,9.361016240468175154e-01,1.257291992565524819e+00,1.408907551898614274e+00,3.476766592658424138e+00,1.471820845295100488e+00,1.709198848674217563e+00,-2.593906336803390111e+00,-4.046897504371479215e+00,-1.208486271491714836e+00,-1.692548864628224514e+00,1.447677936829392387e+00,-2.668502607219602307e+00,-9.781516135883990826e-01,-1.583109669716637358e+00,2.957907887717775575e-01,-2.635907582093000023e+00,1.479931241204336168e+00,1.625546937284081839e+00,-2.788118616585602894e+00
3.746861540052447426e-01,-1.104322514316180115e+00,-1.098673843687114182e+00,5.960630417131325132e-01,-1.321785207255989913e+00,-1.531155249490387948e+00,6.201741534729454663e-01,-2.608110342702208762e+00,3.719149483140198331e+00,-1.859898528573014631e-01,2.300003504057818393e+00,2.283658449031708670e+00,-1.238161143411961485e+00,6.009546117658148834e-02,-2.412891531387136190e+00,1.854113277382631653e+00,9.965468050102552766e-01,-3.199852329767498116e+00,3.008970623670648159e+00,-3.017848420522371455e+00,-1.843685701013308975e+00,4.492064825501964620e-01,9.079041925122588452e-01,4.967237580577641864e+00,-1.547789519875828912e+00,3.722799908030444804e+00,4.088397526095737256e+00,3.024970127126174635e+00,4.077142567535485540e+00,-1.793319288055363891e+00,-1.280110801371390217e+00,-4.196643722765880380e-01,-3.532849867084955520e+00,-9.976099677020182632e-01,-1.259394180496929971e-01,-2.823322485630503476e+00,9.412514536887961469e-02,-1.230523567825180242e+00,-3.082574975106406878e-01,-1.929447368238633498e+00,-2.815146128358894106e+00,-2.941593638017989676e+00,9.605680738030490939e-01,1.235483289672809848e+00,1.737699769983576559e+00,9.272759309291165319e-01,3.997123872894068342e+00,1.712877270457939805e-01,4.429312910313583984e+00,-8.517378602478954397e-01,2.453051427861630884e+00,-5.514923167208367616e-01,-2.410914125237501260e+00,-3.191343195878695305e+00,-9.480771601834969697e-01,1.463667759525089984e+00,-2.435508649056662200e+00,-9.146846226986785622e-01,-1.423204048824429524e+00,-1.700262545951353621e+00,-4.004845560762139156e-01,1.150113970538071184e+00,1.074564454431068850e+00,-2.402602189224675833e+00
-7.719344100997593827e-01,-1.906933621289313763e+00,-2.707058028431259089e+00,-9.214344546905386402e-01,-2.969138708887534950e+00,8.204651409953049868e-01,1.371967132085489816e+00,-9.617401130127194442e-01,4.240636754938243991e-01,-1.360409215949283324e+00,3.754691181817384482e+00,2.167063041895101350e+00,1.624962776796618602e+00,-1.267717348964537472e+00,-2.477375941566490880e+00,1.219609240847119302e-02,1.234225218085323261e+00,-3.521798405319725767e+00,3.073191516768041254e+00,-2.949160524031420039e+00,-3.037511541342294397e+00,9.057439110764335943e-01,-3.071760318192882089e+00,2.040285455311839691e+00,1.872014499022729428e-01,5.148523822848919407e-01,4.524352255058047056e+00,2.916265934551344863e+00,1.696240918557227584e+00,1.081301434725896460e+00,-8.840394559530917462e-01,-1.713613104934058384e+00,-2.363125368427185347e+00,1.348320934329600318e+00,1.062494080877184333e+00,-7.828219863131609113e-01,3.089194122396354825e-02,-4.503526172770370151e-01,-1.166257466147571087e+00,-1.729393785038374487e+00,-4.232080940717530382e+00,-2.795109336361137231e+00,1.683624425963110127e+00,-2.121870449456393359e+00,3.073108340269713690e+00,2.092457458231550493e+00,4.078521512162696538e+00,1.502268893640038350e+00,2.955122098998958613e+00,2.726864661251415356e+00,4.869616757447243316e+00,-2.982270681732432038e+00,-5.445034833292865528e+00,5.811173886332297034e-01,5.347083151163669612e-01,2.535539644300320639e+00,-3.728743707234254412e-01,-1.875932099445510648e+00,-3.618897567989816100e+00,-1.292900548070182953e+00,-1.112982852640277409e+00,5.254173824979290197e-01,2.605923286343763579e+00,-3.275915043644435976e+00
-5.623672150331530117e-01,-1.234909396573188545e+00,-1.068693107686778276e+00,-1.752343718535463779e+00,-4.537527895193833594e-01,-3.076023666893688002e+00,1.729652517690283275e+00,-1.972456806844087085e+00,1.682611847476061628e+00,-9.852886151464976816e-01,2.346179828665031941e+00,1.594718358738662634e-01,-1.632477355621598236e-01,-1.316503170410140422e+00,-1.687480136234281503e+00,7.086769289513928927e-01,2.114210341302086071e+00,-1.492994543455991918e+00,1.939698541037101709e+00,-2.645246695035811335e+00,-2.616344789288890471e+00,-2.209246395457218348e-01,-3.378763781633301821e+00,3.080461956741670893e+00,1.534194821978585033e-03,2.656222938646428666e-01,3.258816620929027685e+00,1.865120144643420463e+00,3.637302405877230971e+00,2.743766739446974467e-01,-5.539594476621393371e-01,-4.107281012401426956e-01,-4.091268872364719478e+00,1.536239426377314921e+00,7.820370968278286261e-01,-9.273881229720563057e-01,4.119584667041281678e-02,-1.327707051911459990e+00,1.800276191157601291e+00,-3.303670259593348479e+00,-3.352891861553079611e+00,-6.332215527744033956e-01,3.156489982592251664e+00,-1.539450552869954914e+00,2.222407072016342688e+00,6.998033467353761417e-01,8.013661542720234010e-01,-1.128811923647082605e+00,4.359123933566800169e+00,-1.955056815025171701e+00,2.969097188821500755e+00,-2.148808205521588910e+00,-4.100317179660928346e+00,-2.966728997101752974e-01,-1.128772732498947606e+00,6.894751152383052917e-01,-1.231026102076173023e+00,-7.826497634801390380e-01,-1.701653452433075309e+00,1.955973401143702439e-01,-1.259723739098496109e+00,-7.509461880911403320e-01,3.201729174454392535e+00,-2.512367397677286895e+00
-2.403088598716055735e+00,8.362581131364921205e-01,-9.935358867534302973e-01,-2.944089092622812487e-01,-1.366324121689955984e+00,-6.389308792676382520e-01,2.568494949701315200e+00,-4.170236652673539268e+00,1.329415351086224106e+00,-1.274141497560667080e+00,3.657540002461892925e+00,2.431567902469642384e+00,4.332231267490187498e-01,-9.300001327530320605e-01,-3.073370702895774631e-01,2.543325653964374489e+00,1.068772920377675240e+00,-3.552677188076540205e+00,3.170636706117116344e+00,-2.352411856824034864e+00,-1.744109904562971547e+00,9.693410082584918985e-01,-3.731570415546463071e+00,2.828953561981206732e+00,-1.509136472942720353e+00,2.583178846426191999e+00,2.669575767725271831e+00,1.781195562774253505e+00,2.785708378283735520e+00,-5.105507752236626562e-01,-5.518058423938865253e-02,-2.539646890032422277e+00,-5.597242722933561510e+00,-1.209930726409954360e+00,1.336446874348692138e+00,-3.341026442148754327e+00,-1.316612635226471484e-01,-2.522798732026005020e+00,-1.487920535468928218e+00,-2.149695046756096239e+00,-3.353036407392630203e+00,-8.748986086507901661e-01,3.268109324899636015e+00,-3.991917854086117767e-01,2.086274199454092759e+00,-4.739231669635501909e-02,3.492653022262391715e+00,1.360314553564380691e-01,1.298293321445770143e+00,-1.169687728572118557e+00,2.682662386044792235e+00,4.809189192641949440e-02,-1.091318631269206918e-01,-8.306095495400174222e-01,-3.938551352950708573e+00,2.704727419771893793e+00,5.214279498217888609e-01,-1.131041257564133762e+00,-4.553672570208375348e+00,3.344551515629290428e-02,-2.464074567805645266e+00,1.773890261868639406e+00,2.731893216292628157e+00,-1.477314656684579841e+00
-1.491252985379658114e+00,-7.412681030650125624e-01,-2.011186229835155270e+00,-1.956225948800768499e+00,-1.356405946758116876e+00,-9.051618937549723576e-01,-8.088374969882003995e-01,-2.961284168034440611e+00,1.502683242390101537e+00,-5.375783534419494858e-01,2.753864957239981148e+00,2.479403879285047019e-01,7.999618668791781406e-01,-1.612200848849630219e+00,4.401958196950250812e-01,1.610349895787605456e+00,2.737768443381394246e+00,-1.993189679704133077e+00,3.948758998763737704e+00,-1.784949610771856765e+00,-3.396485306853134212e+00,1.950475186782838044e+00,-9.024063587912531936e-01,2.350919698167261540e+00,-6.918567547921474770e-01,1.205408122762102296e+00,3.591272538765380329e+00,4.560888960125544678e+00,2.189315154054731760e+00,7.241816740918963768e-01,-2.207720755167899007e+00,-1.963797314849363929e+00,-2.755256770985514692e+00,-4.306322787049167711e-01,-5.738448611995694559e-02,-2.194679986822992923e+00,-2.613180832687644006e+00,-1.389340311162991393e+00,2.312711414524624143e-01,-3.337351810932340346e+00,-3.206408501410541234e+00,-1.811177174008693269e+00,8.414984166026269197e-01,-1.509538889565523068e+00,3.955546137590831623e+00,7.748509884092817934e-01,3.730944006776235167e+00,-6.698160113430097207e-01,1.932649504396885431e+00,-2.283327283863747059e+00,2.631347613602074365e+00,-1.598139961196324954e+00,-5.590524026340384367e+00,-1.048665889124147155e+00,-2.983595613714058459e+00,1.898032871702860280e+00,-3.295341879499691373e-01,-9.004748564803277677e-01,-3.984911636196367013e+00,-3.474061199698058822e+00,-1.394610732595204627e+00,7.552509644795426524e-01,2.418955202434920349e+00,-2.263559705136818589e+00
-1.167348130510075688e+00,5.129698622192551127e-01,-1.834784766822112001e+00,-3.313175359391691277e-01,-2.628093953949837136e+00,-5.922978564403176271e-01,1.400638854009178536e+00,-1.051843166188161760e+00,-9.706200661978714450e-02,-5.666657755493823556e-01,3.279003652671611757e+00,9.934059860328815494e-01,3.430667860508852807e-02,1.339807854902440365e+00,-2.787570703260068505e+00,1.084413239837539011e+00,-1.854848064577192090e+00,-1.355888843501147356e-01,1.409537378079253944e+00,-2.824177135743857647e+00,-1.707691708394222241e+00,2.891889843127012583e+00,-1.628074131810633540e+00,9.111814417256405285e-01,8.350834941169675840e-01,1.243382326962734652e+00,9.138993345762038700e-01,2.518496508459920680e+00,1.182952475857558472e+00,9.379393568221963129e-01,-2.499361738656349807e+00,5.208213222354778349e-01,-4.321884403315638501e+00,-1.512677815451842323e+00,1.440724189504711816e-01,-2.982765440786685041e+00,1.667953639546220668e+00,-3.378627233742697022e-01,-7.055122108605080822e-01,-1.714085308426960719e+00,-2.188391675457032726e+00,-3.372203033967679620e+00,2.018281419565722157e+00,-3.677639716257549374e+00,2.812764015560512476e+00,1.455291356306493533e+00,1.877627420862363117e+00,1.034907447413220272e+00,3.358073056916305532e+00,-9.064937800101399157e-01,5.154739167096722419e+00,4.520270904177627891e-01,-6.889895333082316498e-01,-1.682894753234265739e+00,-1.858873146402948873e+00,1.549289451467234624e+00,-2.876253165969286485e+00,-5.855714325701812939e-01,-2.518563816954578982e+00,1.352661947848309509e+00,-1.329882762856146039e+00,2.531600793187243958e+00,4.904306430602614952e+00,-3.222248452029975674e+00
-1.394704897911301922e+00,-5.353206594590511624e-01,-2.245103006062075579e+00,-1.614965488775626179e+00,-2.495518687511571354e+00,-1.448750237439045740e+00,6.541515989424347977e-01,-1.954392980589819695e+00,-6.711730051567226241e-01,-8.782063589694448780e-01,1.938441340746205555e+00,5.485595444409200327e-01,-9.196512417731403932e-01,9.397544032396378810e-01,-9.509489771926065149e-01,7.164890176435443347e-01,8.461169713713448948e-01,-1.539652559397022724e+00,1.778419838866842850e+00,-2.439575783449156265e+00,-9.958107778384697184e-01,9.944927564335521719e-01,-9.152876841860984047e-01,2.614960859487564626e+00,-2.381421739095077150e+00,1.879553299425712698e+00,2.760454225743075529e+00,3.231434983274604544e+00,1.926735671415328532e+00,2.376635944221406227e+00,-6.740899576034765639e-01,-1.283199363700858964e+00,-3.485878901970434818e+00,1.154264699502741243e+00,1.269145538346338142e+00,-1.858015674622133240e+00,8.079834908684901951e-02,-1.207758124222588769e-01,3.484795394708321004e-01,-1.901175284655865383e+00,2.606905900597591419e-01,-4.434685666310622665e+00,2.557967856068885659e+00,-3.268646177964762867e+00,4.728540591877914423e-01,-1.708380221635595664e+00,1.876100252391347034e+00,-1.842159589947900411e+00,2.702809041462048700e-01,-9.109598646393468613e-01,4.725997190482519983e+00,1.857487051220592100e-01,-3.211536644754596992e+00,-2.779171922727016852e+00,-1.570978790692103555e-01,1.595718536311316882e+00,-1.771572253285370380e+00,-6.399887216679897017e-01,-2.607101166752126442e+00,-5.668502865102907906e-01,3.518830008977618107e-01,1.728909775525474757e+00,3.146231104674630075e+00,1.237828532546823013e-01
1.637681109145573632e+00,-1.411147556865691488e+00,-1.752828256426758768e+00,-4.962435283826484023e-01,-2.487297212446971439e+00,-3.144612018690685851e+00,2.126739058751753397e+00,-2.211189194710591277e+00,-6.761504167643004326e-01,1.585464148773310100e-01,4.250753560340859494e+00,3.378066559909421063e+00,-1.451135652921699659e+00,-1.219686406004838686e+00,-1.355520180043234824e+00,1.846235680326734796e+00,6.984067976225086793e-01,-1.710798320267239436e+00,3.183445337291504806e+00,-2.059677206699318308e+00,-2.886626867694586096e+00,1.162157244066497341e+00,9.972295860135438339e-02,5.296246253065517440e-01,-1.083759573888576355e-02,8.796801263422675543e-01,2.918777256316133162e+00,3.418671362337174724e+00,7.572401055030943962e-01,-1.055047770717974398e+00,-1.144230523182346415e+00,-3.724183918625300072e-01,-1.385449484826224209e+00,2.709782955772849222e-01,1.066475925911199552e+00,-3.037687642261564847e+00,-6.848769706291621961e-01,-1.968249170669027714e+00,1.338393114789214078e+00,-4.596121929795291550e-01,-3.118683156480313023e+00,-1.978452078742794384e+00,2.076507877803956958e+00,-1.907773268965211377e+00,2.924680487491435166e+00,-2.361739717872886057e-01,2.857458978435557295e+00,-8.393712996003246385e-01,2.514441174944904489e+00,-2.779413416001687231e+00,3.771990874301822227e+00,1.012508228298328206e+00,-2.215144320640019870e+00,2.208667693899563078e-01,-2.115085525119590582e+00,1.467545567279611607e+00,-1.109540773870866470e+00,-2.310045383592543189e+00,-1.344201215343456823e-01,-2.173752372356293261e+00,-9.743966789612910073e-01,3.550159327708973578e+00,2.307388342940720261e+00,-3.267128217411890745e+00
-1.702846664398662391e+00,-1.348728016365159821e+00,1.539865711450261188e-01,8.661683846308152468e-01,-2.393896625443765025e+00,9.931716094474665191e-01,2.121257499450891704e+00,-2.017280670983354618e-01,-1.387284224789145926e-01,3.713401298213225843e-02,5.062504775248820366e+00,3.144312236876696254e-01,1.591330696160405900e+00,1.464483606661403314e+00,-1.385913391198272837e+00,1.986399587336017625e+00,3.970344191779762166e-01,-3.682227891516801854e+00,2.807591605348081387e+00,-2.090517565075208140e+00,-2.563037963593009394e+00,6.642657230220987419e-01,-1.167300708255917474e+00,3.182361327674815499e+00,-1.397297800367038212e+00,1.227035174335608048e+00,4.457849048607398501e+00,3.793288618335801221e+00,7.340906037871672840e-01,1.138273624728797229e+00,-2.941794024313350020e-01,-2.668138940179434204e+00,-1.264095046812036216e+00,6.247813306567364666e-01,1.448683399785720027e+00,-1.056039486650176773e+00,-2.206162514802810115e+00,-4.539602321543033669e-01,3.165830123757989778e+00,-2.981422688178716474e-01,-3.203474898576652574e+00,-8.992347582367092862e-01,2.839499930730453148e+00,-1.739862855886948889e+00,5.124334225396936837e+00,1.284930753973390960e+00,3.165354540604611078e+00,3.364410845457890264e-01,2.825114678988345229e+00,2.167455198330443977e+00,3.016136570496184888e+00,-9.080386136553411092e-01,-4.509304263010013081e+00,-8.639911219586814406e-01,-9.110714898181042631e-01,-1.181377454222081180e-01,-1.770455924802621483e+00,-9.631669544501221258e-01,-1.466678882558879904e+00,3.241035938094539715e-01,-1.796276067848852076e+00,1.149044523080161806e+00,3.346500314072814231e+00,-3.797051332863896622e+00
-1.691064199499051401e+00,-2.346176719973351865e+00,-2.513883765709617357e+00,-1.360797896543630037e+00,-9.854060126877928205e-01,-6.853888399034206991e-01,1.261577253479865490e+00,-1.910658756868210517e+00,5.335905687157103117e-01,-2.202611204174311776e+00,2.499657124404594200e+00,1.523486966700785983e+00,7.851977388358932775e-01,1.243212434211674822e+00,-6.041280630032337395e-01,1.168117085300024893e+00,1.132985256025085707e+00,-1.722802667089469164e+00,4.363393175422586090e+00,-4.773788717265663450e+00,-1.936774175359993855e+00,2.304293490614918838e+00,-2.916712598935004230e+00,2.777354127336530532e+00,-1.610864671220535893e+00,-1.102172625897839264e-01,4.535675030645824890e+00,2.308354308628790985e+00,3.309486198640001042e+00,9.882656088786708759e-01,-2.103618722888636050e+00,-1.940903336320150441e+00,-2.626849069171828255e+00,-7.489405099992643144e-01,-2.321726866228774888e-01,-2.049622535498624387e+00,3.511712573404077720e-01,-5.686944583069919457e-01,2.935003109889257056e-01,-1.897672667230949184e+00,-3.284488912708705133e+00,-2.898643120932033579e+00,2.593613592681786262e+00,-1.798208211079577401e+00,2.326333029335620139e+00,-1.155131148517329454e+00,2.023730824937571171e+00,-7.710646954562024868e-01,2.632718192411731550e-02,1.084945991189573355e+00,4.331385495133597274e+00,-2.544165103710438913e+00,-3.763976272184211602e+00,-1.745482298766218410e+00,-7.437218533750145077e-02,7.227328866109845595e-01,-2.459078025414072055e+00,-1.394159868662783630e+00,-7.662710580287241946e-01,-8.754411419430744301e-01,-1.052101916356160238e+00,2.569738449528172985e+00,2.885707225658714403e+00,-3.436948625873475827e+00
7.863146429512506419e-01,7.649028039676550872e-01,3.850005533990574769e-02,-9.597621740997879236e-01,-1.095242427601109014e+00,-1.637415720402092933e+00,2.078145108022217968e+00,-4.077665108869031663e+00,2.768595646922789477e+00,-1.241287814631999442e+00,4.127682007024976230e+00,1.120023797587272441e+00,-3.397133305740343001e-01,-6.142276395143144718e-01,-1.790735157408474887e+00,1.284837176037938899e+00,-9.363557866534932828e-02,-4.977978123636450647e-02,3.293143388069969646e+00,-2.582651244803462198e+00,3.292645073522502130e-01,8.834447883374364485e-01,-1.481644202852502312e+00,2.358138413813817280e+00,-1.510082083195344760e+00,2.105101086647199971e+00,3.057755891888441102e+00,1.919212420158528776e+00,2.057138531294419259e+00,1.568130353096052865e+00,-4.976101956749988675e-01,1.145652473056366638e-01,-3.759413861827806347e+00,2.360695844632820783e+00,9.365311682178912855e-01,-1.358894138828240283e+00,-2.268410146737680211e-01,-7.848025201582228272e-01,2.319740264746730674e+00,-8.303125441241987481e-01,-2.437910610495754860e+00,-1.208244052099832322e+00,3.316074012059106568e+00,-1.298012045552429106e+00,2.087096980125398460e+00,-2.517168432228702901e+00,2.698464800057212010e+00,-1.753454713222811323e+00,1.359576708876098383e+00,5.343682430811096395e-01,2.553905764150744773e+00,-1.142725124165898887e+00,-5.648808755636357759e+00,2.304395575595447720e+00,-5.948623842851021859e-01,4.759884689741168406e-01,-1.537868446492798746e+00,-1.347733307896399335e+00,-2.619862511084054546e+00,-1.604934331942145853e+00,-5.376151514493249239e-01,8.597013956584705907e-01,1.305258190538811203e+00,-3.536075923810067856e+00
4.636615022573307154e-01,-6.173581229397790970e-01,-6.629257142238111911e-01,-4.578634326241861618e-01,-1.492742586066474475e+00,-2.784482281940526605e+00,-8.700750313344052245e-04,1.425212265826680813e-01,-3.825020950908719630e-02,-1.371565276116177845e-01,4.232976327548275464e+00,1.097072361033207599e+00,1.388234001129436068e+00,-6.370150086437212922e-01,-6.130793529124303198e-01,6.415319905395011624e-02,5.118865125662044324e-01,6.813478029374708811e-02,2.501948041221597752e+00,-3.190377013072365209e+00,-1.666980383198650939e+00,6.301003199833323798e-01,-1.667673510107549273e+00,2.731731632313239455e+00,-1.137327912698623322e+00,5.741681778084354315e-01,2.148831973115830074e+00,1.233157508304316918e+00,1.247404406409434729e+00,2.491800372988482781e+00,-2.070221939363467101e+00,-5.726536440506335701e-02,-3.518581683883001077e+00,8.049087752411989705e-01,2.267125935335600140e+00,-1.001022100882753563e+00,-2.662490907113017613e-01,2.565312765654832461e-01,1.630094920421435889e+00,-2.256629546189305557e+00,-4.770032155956569930e+00,-1.276070129994072655e+00,3.943722961212493772e+00,-1.804675727168259858e+00,2.573848174707043412e+00,-5.194344587751763553e-01,1.723466229846578379e+00,1.641506057101532301e+00,2.435194279154264230e+00,1.219517722214095601e+00,3.403301412369446499e+00,-7.338060818921487982e-01,-1.594525643126110337e+00,-1.029392356437852873e+00,-1.677385382807814906e+00,1.284734353765871084e+00,-2.274010299646283428e+00,8.572617818403043266e-01,-1.071161085885690367e+00,5.488414596658643951e-01,6.135782161045171268e-01,2.093451061144799397e+00,1.299797958222925764e-01,-3.633836945338293045e+00
-5.642290248483744497e-01,-6.975430002438951504e-01,-8.878543061848958029e-01,-1.296401760851819240e+00,-2.436737378646437691e+00,-1.255121168476927229e+00,1.709283106933220386e+00,-1.270196539738037478e+00,8.166433421657747216e-01,-1.580058033283223029e+00,2.088679377233763734e+00,9.295132610301466425e-01,2.125461403860513077e+00,-2.159660435630558206e-01,-4.571718820304591091e-01,-2.469034765374450213e+00,-3.226925337128194737e-01,-2.201654469290408311e+00,4.039003840240773080e+00,-2.983347980718291659e+00,-4.182514987107701643e+00,6.647775480660462755e-01,-2.781908637883126367e+00,1.022000319502772481e+00,-1.183741272655057353e+00,-7.976175256935507107e-01,2.699994451750332480e+00,2.641855611261962888e+00,3.478929132854600148e-01,-4.248304867454614220e-01,-4.816117446760803666e-01,-2.152523296922502105e+00,-5.400593647750350002e+00,6.046200189834931571e-01,-7.055880518890924602e-01,-1.045006537552459092e+00,4.664631439680539948e-01,-1.005416932908945293e+00,1.569270407039588644e+00,-3.455341142983076264e+00,-3.567207012367521912e+00,-8.239202590803085258e-01,1.640652950253636222e+00,-1.556124217960106026e+00,3.135452664895284514e+00,2.652099471953966336e+00,1.795725517613371736e+00,3.448554023199511542e-01,2.679691599841818039e+00,-4.135449439795543802e-01,2.048176305198723846e+00,-1.179748199344894388e+00,-5.337699589818406309e+00,6.480195668434785006e-02,-1.758957883360589447e+00,1.097641988913660160e+00,-3.507438714284451198e+00,-1.865506900722662120e+00,-2.559149015810140426e+00,4.674179162086720130e-01,-1.689124826325567597e+00,2.811312845879185396e+00,3.248721045333811119e+00,-4.249545712586912938e-01
6.210749107447441908e-01,-1.919056321569241552e+00,-3.709520199994357448e+00,-1.747457356240704529e+00,-2.712773601169556237e+00,-1.719507374158353086e+00,-4.608483574326971421e-03,-2.053794744066326672e+00,-5.991772766914338355e-01,4.174342465911362599e-01,1.585736633874959889e+00,2.511625524591337477e+00,-8.265933608967099833e-01,-1.075322848830804867e+00,-3.058478617689231793e+00,-9.328403490628360828e-01,-1.150206949120500699e+00,-3.114962207234357461e+00,2.783075241628214513e+00,-7.988053313948604295e-01,-4.115120993316161435e-01,6.714978356800080928e-01,-2.264812409865664122e+00,1.654129135417253149e+00,-2.074308358140093400e+00,8.412847541639523197e-01,4.625337601704702095e+00,3.001479169220286902e+00,1.506937430043379544e+00,-5.903388454107214578e-01,-9.319390313244085844e-01,-2.756890947155191007e+00,-2.480713721599907995e+00,-2.886174484348228653e+00,2.220835279016127872e-01,-1.435486738260858930e+00,-6.472414425642818436e-01,-1.519072975689691907e+00,1.377659842658922162e+00,-1.328056671362344954e+00,-2.235561447271727786e+00,-2.526857033778298955e+00,1.045351620362485745e+00,-3.675617670569936379e+00,1.678310952987198679e+00,2.567281229511607643e-01,1.406554473221508506e+00,9.754368582669001864e-01,1.739570126658124938e+00,-1.660583662908759806e+00,3.238754248785442158e+00,4.472085549242859059e-01,-1.649786073357401017e+00,7.841062472595061728e-02,-2.312536277491165082e-01,-1.470694718541414314e+00,-2.515437939944845436e+00,-5.242280662992531148e-01,-2.421734712636935960e+00,-1.862371844907334317e+00,-2.003644130987764171e+00,1.261825564622978124e+00,4.878122813817943992e+00,-4.004503197235678158e+00
-1.201077908398994865e+00,-2.140038537416972364e+00,-1.071733333890155349e+00,-7.593002765695380241e-01,-2.059456013753037773e+00,5.413130812279165482e-01,2.769971343178781353e+00,-2.515188366515423102e+00,2.596600599802086240e+00,-9.864483854568132370e-01,1.651578034007430862e+00,1.690725946220513309e+00,3.344724921651681671e-01,-2.739898125901797155e+00,-1.853599566048407477e+00,1.471424362169937217e+00,4.920858499890966575e-01,-2.024294176431090442e+00,4.566160352952094215e+00,-2.484702121389551266e+00,-1.318735110937664601e+00,2.021257993623581051e+00,-1.826689344499890177e+00,2.243481501618225238e+00,-1.054680504399902352e+00,2.322854793617006308e+00,6.263453662174795156e+00,3.334710431221876270e+00,1.769281649000982171e+00,-9.951241146303828611e-01,-3.379992569360401156e+00,-1.343196924217466837e+00,-3.065182661614230586e+00,-2.478837145097911865e-01,2.083189585165355906e-01,-3.677399461874868436e-01,1.337711642822608793e+00,5.952832065505397896e-01,-1.998456360733142922e-01,-1.662172651863020434e+00,-4.148410156126838721e+00,-2.245190650754394390e+00,2.719176769833427709e+00,-2.486060534753452345e+00,1.855702026007730598e+00,-1.010905118528673263e+00,9.752563039427588620e-01,2.986484300981762097e-01,3.324465317927408847e+00,8.473636208343391374e-01,4.934023242150384014e+00,-2.376313940955983028e-01,-3.752482494958535586e+00,-2.616083485080057391e-01,-1.539483372927660243e+00,2.250664330292567961e+00,-3.107771837469840648e+00,-2.537546653394012530e+00,-2.419789990486839848e+00,-1.434849992632453386e+00,1.904402731663918935e-01,-3.373454568275524590e-01,1.604664346385615392e+00,-1.100974457421191266e+00
2.319424282708875129e-01,-1.724625511873472572e+00,-1.175132313824147179e+00,-7.248744505993176546e-02,-1.626374170210856729e+00,-4.059728149525820839e-02,1.560603642510220768e+00,-2.998759495906013317e+00,-1.085729795094250161e-01,-1.432412207436171592e+00,1.746178956117752978e+00,1.085245513303906062e+00,-1.505557694419864312e+00,-1.316546707191569299e-01,-5.139436933198291424e-01,-2.605099331510007943e-02,8.388930893414237033e-01,-1.819170470705600451e+00,2.131695528747516555e+00,-1.457065416112548917e+00,-1.638597903027324332e+00,1.550004103060160343e+00,-1.201501895889154570e+00,1.971017429229058093e+00,-1.723207507622308121e+00,-1.863694204032739776e-02,3.953727930800559509e+00,3.116450730446147510e+00,2.714312660751062367e+00,-7.939221145891781628e-01,-3.185228229154027257e+00,-1.754886843491076265e+00,-4.076920673290734598e+00,8.185833278308551897e-02,4.728755435969039245e-01,-1.609246694283523293e+00,8.295263901529181805e-01,-7.366084615267121105e-01,1.061711062644617121e+00,-2.597613198828630843e+00,-1.097017047299896575e+00,-2.888932710952071936e+00,2.627052144971959269e+00,-1.149150568122875971e+00,1.838078209502258087e+00,-1.522074910018211824e+00,1.665375387942225283e+00,2.091462117025015388e+00,2.114047033181614577e+00,-3.364945099284954999e-01,2.621865075119597321e+00,-1.051588226906328583e+00,-2.196758928077931827e+00,9.904825433971611304e-01,-1.417942293309791379e+00,2.613713463706085705e+00,-2.222680378176934646e+00,7.874003885599079045e-01,-2.795772310952368223e+00,-9.847993687480119940e-01,-1.910329666317536867e+00,1.839026199667826100e+00,5.328571958081120830e-01,-2.011600111041262906e+00
-2.511449996593684286e+00,-3.953025970793885069e+00,-2.727667307434291644e+00,1.730420059902897378e-01,-2.854389346441243980e+00,-2.569528766424386212e+00,2.307109051641051956e+00,1.053781998154949662e+00,4.739918249962621344e-02,-1.418501849116642344e+00,3.048939099213044290e+00,2.818239979368287962e+00,-9.219777991672685191e-01,-6.698653392933660022e-01,-9.445637300471005915e-01,1.063094503723487350e+00,-2.731239130100715506e-01,-2.215765903077522747e+00,3.628577761597341578e+00,-2.020863169580066732e+00,-6.882847496611608218e-01,1.284698177577359601e+00,-6.227880892618440356e-01,9.107954292804854024e-01,-1.455131374478244144e+00,1.381043984254725299e+00,2.936094508303524808e+00,2.491697511884362282e+00,1.365684256631163329e+00,-1.012189861690710124e+00,5.363144145725144973e-01,-9.524419167250377516e-01,-4.368460461608124845e+00,-2.313306809973517453e+00,5.954718232457678617e-01,-7.007268283054162161e-01,-5.982245165327468861e-01,-1.384954787202056004e+00,5.985865392514582162e-01,-1.913202812555719223e+00,-2.400035520008463763e+00,-1.755930402018881065e+00,9.270838801337537571e-01,-1.456572136986618693e+00,3.323856829625913445e+00,3.024711407407931207e-01,3.179306958232892555e+00,-1.440449971911906157e+00,3.377944821870761949e+00,-9.414280039747603412e-01,1.004807606937392350e+00,2.367775021960499604e+00,-4.758880438766364129e+00,1.366788837442157067e+00,-1.482911388910291395e+00,-1.295513814525162122e+00,-2.434353645494939489e+00,-1.073351853252430210e+00,-7.264665103937779644e-01,-2.363384883667760672e+00,-1.629347942069019783e+00,6.750277684353744867e-01,2.631401676320588301e+00,-1.095115922489473759e+00
-5.256716243494661267e-01,5.156575883835035068e-02,1.314632474093933023e-01,-1.140131237679035570e+00,-2.780085238301557293e+00,-1.097031576918426232e+00,1.837691808972325980e-01,-3.886707020336471530e+00,-6.890951858498766125e-01,-8.080653618236057767e-01,3.144695290161549917e+00,1.669229778973438050e+00,-9.238482412910291597e-01,-1.076268043990477263e+00,7.730624854928458412e-02,2.315766637863794664e+00,1.680383904389683547e+00,-1.593383971095758023e+00,4.380367300767600724e+00,-1.294046181214142166e+00,-4.107242677249639762e+00,6.782784093392912883e-02,-3.123264847880681039e+00,2.945130795060542095e+00,-6.495989551598505551e-01,3.690860590342385228e-01,2.937649522088006560e+00,2.992319375428576400e+00,2.074141836516295356e+00,1.765535574753867687e+00,-1.687015911473781049e+00,-1.434600448200528566e+00,-3.736844211580018005e+00,1.062914237812884855e+00,2.964132671299931632e-01,-1.420675503602545131e+00,-1.149654100131530798e-02,-2.928466774592259014e+00,1.222993437778422843e+00,-2.258508815949620718e+00,-3.138357239287576927e+00,-3.343586699235406634e+00,1.587637210807235633e-02,-2.591836810303902450e+00,1.881134105103419607e+00,5.497236507845471021e-01,3.041150048640538728e+00,-1.548771427361686825e+00,5.647335495720613441e-01,-5.620305015334250420e-01,2.885535545285556225e+00,-9.832580542450852779e-01,-3.616815570742131225e+00,-3.248164695299469162e-01,-2.784820926957682019e+00,2.450880713536460753e+00,-1.268617875042988175e+00,-9.518040668209371002e-01,-3.575291077614842994e+00,-9.684089191394535945e-01,-1.438462279749225248e+00,-5.946267646690088782e-01,4.044187744510385762e+00,-2.696583570552845366e+00
7.083205330737278871e-01,-1.466897640240622858e+00,-4.783333953102153480e-01,5.517734378203102974e-01,-1.913222471001705838e+00,-4.097085847135933934e-01,8.716924552612598243e-01,-2.335948452291196187e+00,1.182103679108488237e+00,-3.147039753893700276e+00,2.773593387349815753e+00,1.439334594085303509e+00,1.021530646935951747e+00,-1.995914109223146937e+00,-6.142662648486687527e-01,4.707338351151212352e-01,4.978428018382560216e-01,-1.941874637380742730e+00,1.338351098846819021e+00,-1.037968680148422695e+00,-1.894516214052762493e+00,1.692065852507290691e-01,-9.197626169366077686e-01,2.636640235331460858e+00,-1.325763961314686989e+00,7.381689912752665839e-01,3.700266737662902372e+00,1.915084563617301061e+00,2.981247867098262283e+00,-1.087978057194641246e-01,-1.409438627307742831e+00,-1.777272780661833362e+00,-3.625720924954328073e+00,5.136350881486773101e-02,-1.325763901120079247e+00,-1.376476692380725897e+00,-7.935478783143634640e-01,1.775662533004105370e-01,-5.653339014571538979e-01,-4.290145271710237296e+00,-1.923092580679798047e+00,-1.799499986192543588e+00,4.640665706764007581e+00,-1.383819752486763921e+00,2.600332419517444649e+00,-6.278545128888228799e-01,2.399942504670295129e+00,1.417517023845513924e+00,2.757824137413563470e+00,8.647889930350594057e-01,1.536005525813386008e+00,8.589885058302164644e-01,-3.919218454546173458e+00,-1.282994231456433321e+00,-6.650268109610112388e-01,2.247123117918655488e+00,6.154236721260897269e-02,8.953480760892693624e-01,-6.385076704014602811e-01,-7.627249875651541666e-01,-2.839323427970441127e+00,3.912596875146630016e-01,1.581538775620944914e+00,-9.940041394509597783e-01
-5.302835323594550232e-01,-1.673392786257401621e+00,-1.471891567004954382e+00,-2.362278049661025836e+00,-1.885491218859930651e+00,-2.451064522310002491e+00,1.418815670041044807e-01,-1.337706008894832266e+00,6.346233700663275190e-01,-9.015904842203519287e-01,2.575172539689354334e+00,8.031786187331095839e-01,-1.126628820337105985e+00,-2.383407868003373231e+00,1.067902217786306451e+00,2.371326605210348326e+00,2.092123096895672330e+00,-2.301188800624787589e+00,3.267037471769631551e+00,-2.336030226041041047e+00,-2.688227699307655261e+00,-6.715110433607951457e-02,-1.169247892714133430e+00,2.711126416594219268e+00,5.807105020964768993e-01,-9.722695610603171446e-01,3.807575931803556468e+00,2.785337337204331298e+00,2.888289467724239223e+00,-3.874120639681061240e-01,3.962650652963728426e-02,-7.250426194351355935e-01,-3.230433824381371721e+00,-2.788397231582116831e+00,2.110980259934140957e-01,-2.415285126723036413e+00,1.097424494824467356e+00,-1.206285689767919500e+00,2.395504438787786405e+00,-3.077182224016370427e-01,-2.109699294103828837e+00,-6.551312451881419197e-01,3.957782170743207040e-01,-2.346177802374555199e+00,2.451993964647057656e+00,1.169604519333443893e+00,2.600341166640587343e+00,2.527784045218383069e-01,8.792958648909547925e-01,-5.568912877983744902e-01,1.944310813334862775e+00,3.167528976287876663e-01,-1.736474157878064473e+00,5.639313683701581148e-01,-5.938126856230974138e-01,1.887182016656456796e-01,-3.793214882518846309e+00,7.249994283951488594e-02,-3.706131875718367219e+00,9.625090256843620296e-01,7.329975478874484196e-02,4.729382842524141317e-01,5.437241940893191572e-01,-3.109929148107149377e+00
-9.914018665561835641e-01,-1.521121521604749116e+00,-1.087167749295486097e+00,-1.199491105026890603e+00,-8.271574685911784464e-01,-1.753170996995295772e+00,2.377980860463827728e+00,-1.208272116449655265e+00,-1.396595486729752089e+00,-1.221835200022857837e+00,4.558042399095032948e+00,1.987596168821095022e+00,6.699573409413074332e-01,1.655131066693996678e-01,-1.780077228173578829e-01,-1.037550879163104067e+00,2.763771262609385992e+00,-7.818526216993021416e-01,3.157602526508307861e+00,-2.148497230510247213e+00,-1.337192831907298984e+00,7.685389933542176033e-01,-3.636452656559728824e-01,3.192953790251573665e+00,-3.037969431458292124e+00,5.540479831762212815e-01,2.591753497906224002e+00,5.288586844242935570e+00,2.934858560191076826e+00,-2.037465747004902905e-01,-2.341572967642018277e+00,-2.108767973097373627e+00,-3.852157087043797112e+00,-3.518881653779358798e-01,2.287432833998528370e+00,-2.792050832447957376e+00,-1.055308841050405011e+00,-8.900505103964606590e-01,-8.991758519787380610e-01,-4.313496079661804927e-02,-2.588784687492713843e+00,-2.639062008535548287e+00,1.677951364151984759e+00,-2.679747163793728681e+00,4.459039900701423420e+00,-7.212141932451271442e-02,3.718560992778588314e+00,-2.394232642381858844e-01,4.232844535759243243e+00,-2.786569829194764369e-01,4.347206394398762441e+00,-5.589535391851531143e-01,-1.266383659878821177e+00,6.190449674544717951e-02,-2.093902118166904636e+00,1.815899403051695948e+00,-1.171958938984339671e+00,-2.074220437367917391e-01,-4.305921820681833267e+00,6.472926778541383541e-01,-2.625127724453554912e+00,1.087171874611890576e+00,5.086696177608447389e-01,-1.312083982569294704e+00
-9.743180174236392155e-01,-1.784105572797588746e+00,-1.326977414955216261e+00,-1.184626627401472732e-01,-2.763335929462609641e+00,-2.913716745437811007e+00,1.843571819775409626e+00,-3.921480613833802753e+00,1.534448546661727919e+00,-2.629514281405268550e-01,6.117701370455530530e-01,2.172246611965427121e+00,3.345457505501711615e-01,-1.709483520453580763e-02,6.800647556218228917e-01,2.053717818643115756e+00,2.488838946720474787e+00,-1.787119077808696499e-01,1.949182674297563311e+00,-2.561666035764819327e+00,-1.686467928817443562e+00,6.405062027584602635e-01,-1.361211483496368224e+00,1.592478538275329036e+00,-1.120791185111561505e-01,-5.332006447161621310e-01,4.902907574110554556e+00,3.990172376289328859e+00,1.920526262328438039e+00,4.827315760525928146e-01,-3.249710421134641258e+00,-1.071898491155730326e+00,-3.498643504985622599e+00,-4.600371787934441348e-01,1.340510876865219192e+00,-3.651984651649388347e+00,9.325240143535845627e-02,-2.308459852012301639e+00,1.230245232051913939e+00,-2.714518969750455035e+00,-2.061796067234801022e+00,-5.112287255367271577e-01,3.983830747605561218e-01,-2.704654896609606674e+00,2.428958391012290718e+00,1.091238931980410776e+00,4.744135418224761480e+00,-1.506306338002273704e-02,3.098111320110693789e+00,-7.220172150421122481e-01,4.113965366386790556e+00,8.173553443790226858e-03,-1.221618725056500931e+00,5.308272177055541885e-01,-2.365038397387527969e+00,1.289447295668246340e+00,6.972145963968223725e-02,-1.001617998135673870e+00,-2.991361817882754792e+00,4.308140173464665157e-01,-7.788027454730345189e-01,1.678337831444991712e+00,4.934754283458795854e+00,-1.952070172529377867e+00
-6.843192467955228064e-03,-1.195279525305567025e-01,-2.338835691435294351e+00,-2.588824674639846890e+00,-4.447716486396515734e-01,4.335035993199827242e-01,1.214966595658311332e+00,-1.494404420710543135e+00,2.881104093111094500e+00,7.318849257279347320e-02,4.565163887457072356e+00,3.499370875900580824e+00,2.761030178497385634e-01,-6.023652494945151981e-01,-7.913890309931049805e-01,7.025062459683009131e-01,2.162270575896532154e-01,-1.630690268885552907e-01,4.295291124427952134e+00,-2.492507111285063637e+00,-2.985109526916332801e+00,-1.380553203552676855e+00,-3.271201263305484552e+00,2.838075783936691021e+00,7.566973358734563337e-02,1.847677896257424734e+00,4.859072669328185157e+00,5.926956054982381872e+00,2.247796358502719638e+00,7.427895978193116422e-01,4.866139492665477739e-02,-3.222227598846064467e+00,-3.340773506494691514e+00,-2.141071741606805467e+00,9.038018267524460247e-01,-1.941146502497042015e+00,8.959721348445013334e-01,-5.351070130528116087e-01,-1.751050260129798364e+00,-3.097586697061967431e+00,-2.762737277400816094e+00,-3.041947948942777202e+00,8.904014990190416423e-01,-1.433803710338243720e+00,1.909012578071619393e+00,-3.217330079857270153e-01,3.378031353601639086e+00,-3.783528168583475404e-01,1.662556699924884862e+00,1.366161715300396873e-01,4.119706311527800757e+00,-2.384144479992968968e+00,-3.327419666935163445e+00,-6.366604742514360149e-01,-2.386624616180743619e-01,1.610681932720523069e+00,-2.482739505522516765e+00,6.039401397386523485e-02,-2.123739753139409991e+00,-4.553937890703436131e-01,-1.091485014273621879e+00,5.969141758516520735e-01,6.689472943471592714e-01,-2.861852602494336040e+00
-8.174147946124299402e-02,-1.923782725876920452e+00,-9.427069594100068173e-01,2.649264690284145463e-01,7.065667640233752600e-01,-1.278373286906460127e+00,4.450118920523906674e-01,-2.232632173536039932e+00,-4.355079815852268554e-01,-1.469088193743986359e+00,1.150404170100793211e+00,2.329629128695106743e+00,1.593495951850815440e-01,-4.166330811614554763e-01,-1.449240834970845881e+00,1.176321060682088193e+00,1.067749791384591251e-01,-1.955668042616310665e+00,2.495906557591453634e+00,-2.493462720623473405e+00,-1.026714579740492184e+00,-8.047600274494979278e-01,7.498737351307354082e-01,2.111038622576626889e+00,-1.328878395012854430e+00,1.112374599895229466e+00,2.033900101292668960e+00,2.554763841754217779e+00,1.018603099971568282e+00,8.997677675048741941e-01,-6.623588427677080670e-01,-2.409203134964077453e+00,-3.580228963341030024e+00,-1.895702153001549872e+00,1.693378580669240296e+00,-1.290814013990771336e+00,1.710346494039802767e-01,-3.743304292259901356e-01,1.892945107613197120e+00,-1.961208819715106744e+00,-3.716866425384562245e+00,-2.031448151215252018e+00,3.196664097628646228e+00,-1.343125010283690468e+00,2.022427276581033162e+00,-7.753478253670436082e-01,3.330018974260123166e+00,4.181824861687826744e-01,1.735741908158703994e+00,-1.013980877194054775e-01,2.343297898218479780e+00,-6.723513752047971526e-02,-1.591689304764739132e+00,8.942188278321050454e-02,-1.223834952357734762e+00,-1.684223706179814428e+00,-1.465424833399919580e+00,-1.821172468593293403e-01,-2.153084010714214180e+00,-1.274157189017147918e+00,-2.791556249708740722e+00,1.099137924812318090e+00,1.154817094532060162e+00,-1.676007768026896327e+00
1.641148362381382730e-01,-6.114937637393155212e-01,-2.808194010398020968e+00,1.515182942832713042e+00,-4.873969510311574327e-01,-7.435525515637411154e-01,1.122135271407084467e+00,-9.332465880432692096e-01,4.642266210454483177e-01,9.282790465072288111e-01,3.905317464533736072e+00,-3.551484314701482958e-01,1.471077694299948835e+00,4.789006055349149804e-01,1.062721553587304690e-01,1.793481713181328097e+00,2.412070189160316680e+00,-2.244291145217203187e-02,3.036006849323138024e+00,-1.482666075981029952e+00,-1.604624386478975318e+00,5.592824715725999152e-01,-1.768663132011615069e+00,1.673095593620528065e+00,-8.341909840425335565e-01,-3.896673218812773953e-02,2.627432045219414203e+00,3.904149886609085129e+00,3.612158429819905425e+00,-9.728252190635006125e-02,1.538308574130591744e+00,-1.833815833087391045e+00,-3.943852657764034042e+00,-1.798359521588645205e+00,-9.448435468612310650e-01,-3.114358875159053408e-01,-2.107532897271655159e+00,-1.383991074569454582e+00,5.538742342324948220e-01,-1.012672095887349411e+00,-5.845254030236995746e+00,-1.475108106030322830e+00,3.996664448966251726e-01,-6.213091618349286804e-01,1.922120014312943992e+00,-3.112232282045440668e-01,2.778230374933999602e+00,-2.410556997690496694e-01,4.277103616201446634e+00,5.158031831603144823e-01,2.779763681108872397e+00,-1.970914378602506289e-01,-1.875392165447062442e+00,-1.888133502690011456e+00,-8.579997052904855259e-01,9.665033712940733768e-01,-2.837886295551369287e+00,-4.798327552738704815e-01,-1.164780042445610286e+00,-3.232187096398701498e-01,-2.685702506868165029e-01,5.337118678510147651e-01,3.128482793493788439e+00,-2.473698629926242010e+00
-5.731221670958458470e-02,-7.419494583529633314e-01,-2.038069935672591093e+00,-4.251184955394775589e-01,-2.368118006250510721e+00,1.525814994218084752e+00,1.026414302169368353e+00,-1.539644343182600128e+00,1.896992844698999203e+00,-1.475534908125328393e+00,2.578009330485340644e+00,2.669191135166516737e+00,5.539195836020029962e-01,5.582028042292759284e-01,-2.594117432670902446e+00,-8.648118667120683334e-01,2.436620403520227018e+00,-3.171973834184518282e-01,2.634184774325004863e+00,1.701796598257188098e-01,-1.877543235890076323e+00,3.934735132498781152e-01,-8.650207446132671674e-01,-1.906049718509086333e-01,3.213442585185304345e-01,2.071365843854573896e+00,3.194567741726229482e+00,-2.009355108893648989e-01,4.516455575149665336e+00,-1.519696411207217324e+00,-1.487551146812898573e+00,-1.581492435007477493e+00,-2.755396033228269204e+00,-1.098388282976588415e-01,-6.607601383695382857e-02,-1.146486708294486512e+00,5.856005839639788491e-01,-1.112581470591194055e+00,2.162198340856329004e+00,-3.932337817631209376e+00,-3.274441574095658058e+00,-6.797335868043046236e-01,2.567825645307820981e+00,5.794969928761883882e-01,-4.036838626566385813e-02,-2.754542784681072165e-01,2.820978496671137759e+00,-4.430928342672808551e-01,-3.354919056935665722e-01,-7.420231538020648498e-01,4.041735343243502143e+00,-2.405233090281715391e+00,-3.075329550380390131e+00,3.389972441647828294e-01,1.038511831247378669e+00,9.571672530187944616e-01,-3.909435490486590226e+00,2.913629725422566263e-01,-2.498269007924819540e+00,-1.950220375802033779e+00,-1.562318518782036314e+00,2.632803525412030332e+00,2.723617007718114991e+00,3.852816859069121413e-01
-1.238973845741032198e+00,-1.481111254340970573e+00,-1.214101407761321694e+00,-6.313280852498477369e-01,-1.065864515478324392e+00,1.316078325869422194e+00,2.669447855175982376e+00,-9.020840597813937212e-01,-6.119997068429225973e-01,-1.843859624119815521e+00,3.197348793542654999e+00,3.237885724908016183e-01,1.835526094956904331e+00,1.559423445141571385e+00,3.766539176553169721e-01,1.990413356737700257e+00,-8.290487429329305158e-01,-1.784437792271585055e+00,2.568697665110704964e+00,-8.451676477453258229e-01,-7.841218009987636073e-01,1.915208023731468368e-01,-1.358741376067640783e+00,2.415158485446317727e+00,2.254321967803536442e+00,1.607215486362199908e+00,3.042603227739838712e+00,1.487631791220894284e+00,4.042291995449187603e+00,-1.014390960549282461e+00,9.067245050680221574e-01,-9.650366125734408662e-01,-3.860552200461528916e+00,-1.175204019849520165e+00,1.786647418943950960e+00,-2.870577307774148323e+00,-7.905415299152332986e-01,-2.572009212285763624e+00,2.331421191800917558e-01,-1.155687194798358020e+00,-3.401558433358736977e+00,-2.298378429087878594e+00,3.396561900088520325e+00,-1.447017255539017500e+00,4.358549467215020456e+00,1.085340101662407353e+00,2.114735619682750034e+00,-5.047235112441359473e-01,2.133936634440735780e+00,-1.258868138358133715e+00,3.037888314442774185e+00,-7.568381527622232152e-01,-2.015857518612009791e+00,5.659031921452373215e-01,-1.539964694172961890e+00,-3.519987785060807450e-01,-2.063891516456555664e+00,-9.955038244784286672e-02,-2.326873602352170334e+00,4.913726244393070708e-01,8.758285761135380376e-01,2.654661385116854344e+00,1.966542985473005212e+00,-1.906495069819799548e+00
-1.162150242930728217e+00,-2.047947702436096140e+00,-1.614642081541160179e+00,-3.903158365069232971e+00,-1.523173071296640924e+00,-9.910084542201313962e-01,2.492811308189315067e+00,-2.250699569005410794e+00,-8.057486986994750744e-01,1.122996067964050937e+00,3.789266756190852181e+00,1.828668121014647374e+00,3.320243140186333597e-01,1.264627372175478603e-01,-2.784186810636258613e+00,3.705260113884859763e+00,2.387865850214430541e+00,-7.036474537487944492e-01,1.450670973517867557e+00,-2.294670554791776507e+00,-3.885374170515609293e+00,1.361187653004340525e+00,-1.765579475710070678e+00,4.868475687950034825e+00,-9.236218511361705685e-01,7.787023447783546493e-01,1.835153727442927929e+00,3.187758898722370837e+00,2.537513642342648534e+00,-1.619615208420235541e+00,-2.299580694601029762e+00,-6.790280760237177304e-02,-2.732236011858560243e+00,1.514994565662643122e+00,1.402422009179486340e+00,-2.064414518689890343e+00,-1.642534076081534067e-01,1.582497131695648207e-01,1.743927744482757003e+00,-4.134266164747603334e+00,-1.952685392767802508e+00,-3.482669995332565716e+00,2.101174004591983113e+00,-2.275839474732542111e+00,3.150782272796056827e+00,1.728975858576468738e+00,1.770606388926805774e+00,4.202683855236435950e-03,3.426126973529454389e+00,-2.499344671941284179e+00,4.162989590006188401e+00,-3.563605441310224720e-01,-3.546914685433329772e+00,-3.858462202774969318e-01,-3.032778817035474139e-01,3.463682643508620984e-01,-1.298986515542452924e+00,-1.010609012989084787e+00,-3.218671432127757193e+00,-2.642844055166077233e+00,-1.861464428547719319e+00,2.882359451607741541e+00,2.786981411516295637e+00,-3.351611754887009020e+00
1.492495902924558138e+00,-1.105995583941574489e+00,-3.656771351305902584e+00,5.041758768173587590e-02,-1.184217128663555219e+00,-1.055326590607045034e+00,2.457369733426476799e+00,-2.370338995037151175e+00,-5.148672332626689219e-01,-2.649441204904954827e-01,2.107587574901613081e+00,-1.533748785221203725e+00,-9.855869198970672596e-01,-2.571579977657112437e-02,-8.548680407620680155e-01,-1.202187853951011132e-01,1.183602286635146994e+00,-1.927178243233948818e+00,2.410411684768134055e+00,-1.260659137557016196e+00,-2.044221552667299768e+00,-5.840808528238958797e-01,-3.239229122653524584e+00,1.697409182334045807e+00,-3.280387746148951678e-01,-8.978627925184157199e-01,3.713294954524228864e+00,2.711347909492941355e+00,8.070252060623326340e-01,4.944989887763417968e-01,-1.822841561668815391e-01,-7.094492678509896066e-01,-1.847296894175948445e+00,-7.650145722721874986e-01,3.289112216865331950e-01,-1.217856707175587916e+00,-7.354208109558415529e-01,-6.605360115216815098e-01,-3.845887943188994740e-01,-2.675904797747157282e+00,-3.013198254103871321e+00,-2.213458433893201960e+00,1.140843520013071766e+00,-1.872396792845044899e+00,6.571707564042503780e-01,6.959821572345850083e-01,2.363432133877296781e+00,7.581732336312301257e-01,1.694088801017333834e+00,2.215264665591991644e-01,2.366288237699583519e+00,5.795428599277259174e-01,-2.261413787059462166e+00,1.564268336103675328e+00,-6.123817079765961902e-01,1.352511487591449013e+00,-4.096821899209854845e-01,-1.710265830732574432e+00,-1.685118822311572728e+00,-3.693009469118600507e-01,5.632499798406476188e-02,2.846165108119317999e+00,1.778835878544485549e+00,-1.324004371439404526e+00
1.117649835150975823e+00,1.881052814866901457e-01,-3.082189428672426068e+00,1.382084264718189015e+00,-1.447231381218779367e+00,-4.975151519010889700e-02,1.694529355567087947e+00,-1.552761692452506725e+00,2.286260019831277135e-01,-2.449655858761931038e-01,3.535698347093208405e+00,2.760221473114063961e+00,-8.637048507890918714e-01,-8.473393164184990223e-01,-4.389624663168050223e-01,3.652832407405046666e-01,1.493584449983721640e+00,-2.402018603471528735e+00,4.339256844084022902e+00,-2.300862502892704331e+00,-1.777200365702813478e+00,-1.356970021904248647e+00,-1.190699366469149201e+00,5.112629837997411997e+00,-1.152839333751316975e+00,-2.398031941187039884e-01,3.705817125782672861e+00,1.635159051870903157e+00,3.461517274304344305e+00,-1.767437910369044296e+00,-8.848172489522587725e-02,-7.099354825139541081e-01,-3.645239094520069667e+00,-5.664136047186026923e-01,1.037598224718925932e+00,-1.363432335093275327e+00,2.501202557214119437e-01,-1.922196322145778069e+00,2.289047785504896737e+00,-3.506134292022595744e+00,-1.123668473870618634e+00,-3.125043499574961636e+00,9.865182656424376084e-01,-2.289541149013429866e+00,3.887463225716776272e-01,3.561513622070579532e-01,4.025432634453644631e+00,-1.094545030858764312e+00,5.772399084042150186e-01,1.724146015556424549e+00,7.300885123902847162e-01,-3.457703426884296327e+00,-4.811171234486473658e+00,5.030702628259036135e-01,-1.073588919409504516e+00,-1.543337422827314231e+00,2.704353400978440902e-01,-9.499253814431435350e-01,-2.776113433986802104e+00,4.092814941822469077e-01,-1.457677745598595198e+00,4.780291785117888326e-01,2.547277880202668765e+00,-8.309448672883339437e-01
1.030527712307406363e+00,7.106592008042624808e-01,-1.763036292638705316e+00,-1.475503431727421599e+00,-8.967818253955330832e-01,-1.165987368723987450e+00,2.823995279325337560e-01,-2.261954357154115858e+00,-6.792838179281657229e-01,-6.945890774847596205e-01,1.383564413012536409e+00,1.402228826880629997e+00,4.984684394520539907e-01,-5.556511260276882913e-01,-2.709159747562873033e+00,1.319846562651983302e+00,7.050829490261938393e-01,-1.529309105732513441e+00,2.916437410874179736e+00,-2.417885708141380263e+00,-1.291866519042376371e+00,8.924125377667327941e-01,6.506284226515166580e-01,-8.100529009568901984e-02,-1.092358904184549395e+00,1.814656514570851753e+00,2.864182339450790593e+00,1.378471611189562518e+00,3.178813854931378025e+00,6.749274759798752354e-01,-2.477771778354116439e-01,-2.250432168544806100e+00,-1.831758977968427127e+00,-5.984669975876301118e-01,-1.723831874344531556e+00,-2.304154284434072331e+00,4.859043220438460375e-01,-2.209320429365453808e+00,6.432627993976569591e-01,-1.215867206682060164e+00,-8.689795024077358043e-01,-3.059055473411961046e+00,3.274498238257327554e+00,-3.552518661992242421e+00,2.741263406981949480e+00,1.493486094822568111e+00,3.137753798544059780e+00,-4.499512115318299310e-01,2.387369311338129574e+00,-1.200559452591442255e+00,3.078662236211557435e+00,1.708066140751878681e+00,-1.563312797863742887e+00,-1.808797978220589409e+00,-1.378292942106819519e+00,1.654655278059533607e+00,-6.053430685654532795e+00,-1.219040139772331610e-01,-3.674230305341202651e+00,1.203014635217591888e+00,1.263539014260424587e+00,1.805936636999227130e+00,2.547020521742520582e+00,-2.749491371334748635e+00
1.363209683424558616e+00,-1.822349463432084482e+00,-1.996679738133978255e+00,-1.716659355968963574e-02,-6.824149901046864253e-01,-1.117969803354745828e-01,1.581319430646991098e+00,-1.668974690695720797e+00,1.201645485932305801e+00,-4.999530960501916699e-01,2.929265263826244858e+00,-1.134276685207864954e+00,-6.718379251217029835e-03,-6.665030548346729811e-01,1.583372544751138200e-01,1.380743157549130462e+00,2.309992487113550208e+00,-2.491005064825082549e+00,4.415827067439241027e+00,-3.866946700363062650e+00,-5.932836181462721736e-01,-3.819662022378711441e-03,-3.413502216634617170e+00,7.642569037201978333e-01,-5.368691647522574328e-01,2.247118735652744004e+00,4.974834296891459395e+00,4.279388043574189560e+00,2.994194231239208026e+00,5.331285641814865750e-01,-6.898621393820983938e-01,4.943870855519565399e-01,-3.523436944755014899e+00,1.217475700354599066e+00,-2.364054291947572661e-01,5.952785023227535888e-01,-2.019937833128898852e+00,-2.340511721936135991e+00,-1.774884131279703681e-01,-2.719661052549083635e+00,-3.024400644264172655e+00,-2.210376966350575234e+00,4.201217864607452945e+00,-2.037071101434811737e+00,3.173937822557906685e+00,1.835656962764832811e-01,3.682553702849310717e+00,-1.973553717865542900e+00,3.497081793494805080e+00,-8.046396228478405188e-01,2.828837923394631026e+00,-1.060727032550988769e+00,-1.671454357474872365e+00,2.530914922533697986e-01,6.772936385646990409e-01,-9.583844611104226363e-01,-7.135355874470561410e-01,4.719573765486602124e-01,-1.446697039420863362e-02,1.207241770417486038e+00,-1.028228943277980090e+00,1.778533168250631791e+00,5.094565599484848661e+00,-1.212939138851214960e+00
-8.763784126771998473e-01,-2.735549909677211788e-01,-2.893547119829021241e+00,-1.877750828258278437e+00,-1.264003968514848975e+00,-1.202359579645703835e+00,1.618688557653468418e+00,-8.866035336468101047e-01,1.912870058527060380e+00,2.397640112620467612e+00,1.903690372869904834e+00,1.471489679944397500e+00,9.347075421319175348e-01,1.884894914122990706e+00,-8.216151232841110152e-01,3.154675985466899757e+00,-9.267001675357220414e-01,-5.119787742453152379e-01,4.365925571207496247e+00,-1.360235840522137973e+00,1.647159202556225388e-01,-1.751248492186903150e-01,-2.840277089393062226e+00,3.372207494970642649e+00,-1.633882320248670528e+00,2.968591708555425868e-01,2.135575639643478851e+00,3.996180704509046500e+00,2.401392786703778537e+00,-2.787413165292236261e-01,5.351263987848104975e-01,-1.393077208382519139e+00,-1.926419301725249777e+00,-6.485892701275797201e-01,1.070290888560283982e+00,-1.371590122575547799e+00,-5.397147369197718980e-01,-4.322554967749415722e-01,1.401000531468318044e+00,-1.312195636471033433e+00,-2.541229650101346049e+00,-1.870511122800365467e+00,1.860917294526744481e+00,-1.153388075379722766e+00,6.685710310878256735e-01,-1.013547047628858833e+00,2.669491245380759104e+00,-1.140420854995689570e-01,5.465899691274447303e-01,1.247249985503333436e+00,1.682789443238124072e+00,-2.444416083033483122e+00,-3.670831279475480713e+00,1.094933080940748926e+00,-1.629995769506437320e+00,1.227074921046876099e+00,-2.289219222278659149e+00,-1.076651844107484379e+00,-1.368564002084023290e+00,4.587978638232477202e-01,6.263208686895194166e-01,6.202698677083851031e-02,2.402100140445787790e+00,-2.070283583149842954e+00
-1.291837283065943254e+00,-1.405682424761427241e+00,-7.724625439779486680e-01,-8.724900255944603167e-01,9.712245614167622776e-01,-8.348644764079866665e-01,5.112280015688523971e-01,-3.620507827426802994e+00,1.648024396737854280e+00,-2.196064777941513779e-01,3.626730276883960880e+00,1.598499153603035072e+00,-1.095233718244198018e+00,-2.205342060118064551e-01,-3.237117741428921391e+00,1.527835723339768359e+00,3.504852724835281208e-01,-1.203740392585449959e+00,3.919620137078687172e+00,-9.347370611123988482e-01,-4.002001068354116065e+00,3.566689003935223035e+00,-2.943142227357720575e+00,1.696678794755809960e+00,-1.663840521717355525e+00,1.874762242754774988e+00,2.634342374977241441e+00,3.707968921849314814e+00,5.461382545261590504e-01,8.772645919846387974e-01,-1.482584984138179740e+00,-1.084162336411711447e+00,-4.749465600548113287e+00,-7.619357102252057867e-01,2.835165550461641981e+00,-6.247088244319798367e-01,-2.531686240942433663e+00,-1.791503478949009853e+00,2.349441773651457233e+00,-3.072575320822886979e+00,-3.698437801066506214e+00,-1.819834877658831340e+00,1.871855385876475486e+00,-7.634336531778334045e-01,4.081888866444995934e+00,1.238961945379200014e-01,2.185132169371700517e+00,-9.246949538263210533e-02,1.942240947369821003e+00,-1.111043419069308147e+00,5.350519997502139802e+00,1.815573451765470914e+00,-5.731540732297668583e+00,4.974059781343300735e-01,-1.187260474599709736e+00,2.243983242220033425e+00,-3.050825137701916212e+00,-3.351924248051035837e-01,-3.450902327267337810e+00,-6.713263216181014625e-01,-6.458208296778843449e-01,2.026256661189233199e+00,1.350500778775668209e+00,-2.376237215978659112e+00
-8.067600000257918458e-02,1.568973641357159110e+00,-1.468351711124619818e+00,-4.052271649541315801e-01,7.703521356238729467e-01,2.723910646053997464e-01,1.831915703278051311e+00,-1.168189530775716634e+00,2.016971522273995343e-01,-1.421064370224004225e+00,1.671655993062846512e+00,1.494581538882753247e+00,3.760742874777306954e-01,-8.277388632303704918e-01,1.018985745506586493e-01,2.477691810562055785e+00,2.229074280908236450e-01,-2.050149556572996801e+00,4.143266853388968940e+00,-1.835732865851711582e+00,-8.207674512161524660e-01,-3.135752135529610296e-01,-1.034705512739393374e+00,1.098152396719819013e+00,2.195520096228116280e-01,1.643203396648727610e+00,2.820787738428740976e+00,4.075987443214297734e+00,1.529065606277743239e+00,-9.679277971671025327e-01,-1.905860243459964076e+00,-1.412753100288684394e+00,-3.787212273144891839e+00,-1.750113458440727965e-01,3.241949233334089797e+00,-1.484658906181792748e+00,-1.947745169067627957e+00,6.718545922623553324e-03,1.159124576570353504e+00,-2.051942921663097774e+00,-4.506902600721129915e+00,-2.892730154143525745e+00,1.951498665590741588e+00,-2.430450614041702817e+00,2.610272757479206618e+00,2.456185611798617607e+00,3.165952395211018455e+00,-1.383063113503268715e+00,1.481843772815429450e+00,-7.482680684511152647e-01,2.539848157384226202e+00,5.621024684804543092e-02,-4.876673033442934901e+00,6.148403433177251909e-02,-3.311034134954000674e-01,7.040937915502014643e-01,-2.230425356348742394e+00,-8.438624236036238457e-01,-3.735122177726328818e+00,-1.338007453520913881e+00,-1.718561183269784243e+00,-9.961683808231036608e-02,2.322824670392798829e+00,-2.029993856565740717e+00
1.492732192541517788e+00,-1.490070051654637240e-01,1.688201288695301283e-01,-1.145184822806948555e+00,-1.476069940981978190e+00,-4.340357220745324485e-01,1.779540170491069828e+00,-1.976196155933848120e+00,3.525110516976868613e+00,-9.017273775657178581e-01,7.515507386391069300e-01,-4.232180436039028049e-01,-6.278933916153245365e-01,-1.979250735899862335e-02,-2.287747645989135492e+00,2.586577678788352319e+00,3.179135548598722716e-01,-2.484043168244712163e+00,1.652501544219650675e+00,-2.206199261519707910e+00,-3.137805608270848534e+00,6.960903003301746050e-01,-1.053588485550073228e+00,3.516125176433489763e+00,1.861671526971391266e-01,5.511094364712225691e-01,2.895812377283720984e+00,2.312176508622040938e+00,1.124780426822637791e+00,1.524279455643454240e+00,-2.714495634076214525e+00,-2.955672224005573057e+00,-4.128028744537460604e+00,-1.014734699838006460e+00,2.367185979607166590e+00,-2.967971656187946117e+00,6.077115324546584763e-01,-3.178835579929218280e+00,1.169083692729962376e+00,-5.236626194153093383e-01,-3.678245736643033226e+00,-2.095169185971556658e+00,2.028300964797985717e+00,-3.231296716012224124e-01,2.991343798433951928e+00,-7.774814609992846126e-01,2.553419830932969425e+00,-5.195737193363845208e-01,3.527349934179443203e+00,-1.195673594157750097e+00,3.953570785382342745e+00,-2.661813080587371871e-02,-3.487443242455086967e+00,-6.613060936098654752e-01,-1.244456708319248595e+00,6.609204875934717727e-01,-3.479877501863621880e+00,3.163647959380300190e-02,-3.107735325389801240e+00,-1.382954097711801555e+00,2.782934873661406350e+00,2.498997091984473062e+00,-9.488109192859361940e-03,-2.426906466508174098e+00
-5.595243424452489567e-02,-1.035666285114504870e+00,-2.980463895185510026e+00,-1.383643228505481826e+00,-1.634530457367866729e+00,7.968154349832370364e-01,-2.872210915728277136e-01,-1.078065399948230141e+00,-1.312966308041013663e-01,-7.514823220421116279e-01,2.822588496321073226e+00,-2.002065685379477156e-01,6.029778913225690706e-01,-2.802810408041709778e+00,-1.588010404277896637e+00,1.145135435794600642e+00,4.072085910954944765e+00,-1.350243580108517527e+00,2.546600231020184957e+00,-1.620393366491058362e+00,-1.112011692671642127e+00,1.719105400100318093e-01,-3.613979273631543698e+00,1.981145023079644796e+00,-1.546958708122916359e+00,6.705296338176488513e-01,2.837065910807682112e+00,4.138425109857906570e+00,3.082604054977073460e+00,4.412064450600277077e-01,-2.919305861871004826e+00,-7.694333750684945183e-01,-4.122511403004715191e+00,8.612143565984964333e-01,1.639663608360327984e+00,-2.645299930779367870e+00,-1.048239432371386393e+00,-2.108200737357450727e+00,6.125830208761956497e-01,-1.499175327682856995e+00,-2.345139822521757011e+00,-2.820502340804674546e+00,3.913609964944705588e+00,-2.286301725683110408e+00,2.149443549796659969e+00,1.431035215172602904e+00,6.523720494806357628e-01,-8.802099135008436548e-01,3.500617725722365847e+00,-2.899355360846592178e-01,2.707921717464916167e+00,2.991244413940519209e-02,-2.758774720578093476e+00,-2.470421668206653765e-01,-4.923564587659484681e-01,1.219780403864721086e+00,-1.571867574691543146e+00,-1.273027201939866515e+00,-6.458572167663811925e-02,-9.000225291886250201e-01,-1.288883984825023976e+00,1.056298417177202520e+00,3.180791071474359022e+00,-2.653413171651209268e+00
-2.511032673317876274e+00,-7.331197935574301772e-01,-1.215963659794391916e+00,-2.069945000775541111e+00,-3.643233252068223127e+00,1.423519693909397255e+00,3.608435107841918565e-01,-2.515191833441132729e+00,-3.839294757218895127e-01,-1.089138513100779360e+00,2.222911433083211374e+00,1.518699366898443204e+00,-8.714569482663302447e-01,-6.414363569955997546e-01,-1.493230348343540959e+00,2.215526399128656010e+00,1.591726184742983996e+00,-4.241449869994395883e-01,3.139984824208045922e+00,-3.006244556525123457e+00,-1.963023658993388709e+00,2.779229772808375465e+00,-3.890451400288279515e-01,3.676827320463895710e+00,-1.124327050815653095e+00,9.743588115753453183e-01,3.177794796240687170e+00,3.421877534999205661e+00,2.233783880896325513e+00,9.249208435069525835e-01,-1.547515610272579112e+00,-7.864923007141882971e-01,-3.287191243689884690e+00,-2.378830868487079586e-01,2.213513222338109987e+00,-1.067504583766079040e-01,1.256890116156937909e+00,-2.406794397095252336e+00,-1.662158297469382706e-01,-3.535529958783534710e+00,-2.091801414112701707e+00,-2.676960814451542436e+00,2.420991318748646037e+00,-2.047925294772413363e+00,3.051302905313402647e+00,1.174386906792094787e-01,1.820533930799320022e+00,-1.762463877096808740e-01,2.571174723538611762e+00,4.270376847571328849e-01,2.288993162768554690e+00,-2.113301756057118563e+00,-3.398247222411586055e+00,-2.854748470340354172e-01,-3.123197050516799855e+00,1.409828236130817647e+00,-2.315065851901631611e+00,8.548892386433368795e-01,-1.235258480162771288e+00,-1.789234547447906332e+00,-6.505020629781560482e-01,1.756486651570478896e+00,2.040652663303185399e+00,-1.038642022873362158e+00
5.628044289584568372e-01,-7.199269879683980466e-01,-6.624848681911571502e-01,-8.525648091502078252e-01,-9.650689221458134126e-01,6.233994780175817763e-01,8.244776482223001857e-01,-1.930695771370768865e+00,-6.416401182097062339e-01,-7.252654969103707883e-01,4.071826216293337630e+00,1.529922410578281600e-01,7.910592311301739565e-01,7.399982477282949223e-01,-1.011791467572492165e+00,1.299401499045744091e+00,3.741754295932020469e-02,-3.232243328099217106e+00,3.333917137914172990e+00,-2.895072490444838831e+00,-8.063210898320758435e-01,1.175976549371446911e+00,-1.023696715702780313e+00,2.934328745938861616e+00,-1.621034065346705688e+00,6.068530271322681857e-01,3.570630658219090314e+00,3.419489799350481807e+00,3.083314591384051617e+00,-6.598050511679215413e-01,4.607703563570164640e-02,-1.340544481085785167e+00,-2.838519541369845633e+00,6.287565918516047070e-02,1.041020700661783316e+00,-2.728467714744565065e+00,2.004964734509830926e+00,-1.888472540178127712e+00,1.304760375114896398e+00,-2.651113793366021820e+00,-4.459368805289537718e+00,-2.270385770449264928e+00,2.279042928996714679e+00,-2.122571298985191923e-01,8.771554914637997857e-01,-5.473154467106815524e-01,1.715339890625173336e+00,1.411101768157404512e-01,1.211334756069560203e+00,6.752643752598533888e-01,4.240846062433621277e+00,2.640845215875178287e-01,-3.898404075887547560e+00,-2.218653800460738790e+00,-1.555908996537926248e+00,1.347715617093528051e+00,-2.006213253143372732e+00,-2.438161637402579962e-01,-4.072724843869025335e+00,-2.391509602766673792e-01,-2.639122584657314086e+00,-1.129113835860092951e+00,4.059308362954619831e+00,-3.533871159172991661e+00
-1.360612370901562951e+00,-2.850455634166576546e-01,-2.735567374726874057e+00,-1.565549727336241759e+00,-1.125780111313461340e+00,-3.578877006408965888e-01,1.426733811095520554e+00,-1.755178633414492095e+00,6.355213371510944897e-01,9.011249554563642850e-01,4.615017108848394223e+00,3.822412085436709184e+00,3.632855830419193244e-01,-1.529252210671610213e+00,-1.042139244020735767e+00,1.304542006536824950e+00,1.508380808902125336e+00,-1.444164582540794273e+00,1.792638744352783808e+00,-2.251711597697030776e+00,-2.219912699207736484e+00,1.608433523010663224e+00,-1.308348921629552741e+00,3.803041389699420627e+00,1.906514223126214880e+00,-3.839464494578748166e-01,2.469414364984662047e+00,1.755381809885974143e+00,2.028938531626939490e+00,1.094667573581451059e+00,-3.531446378660969998e+00,-5.420692248098806232e-01,-3.308574326553486156e+00,7.700094463181907933e-01,1.481409056395490698e+00,-2.277036960430238288e+00,1.436209256871193496e+00,-2.481771244032177748e+00,-5.865495072508786212e-01,-2.446782479990197601e+00,-3.687971354525263923e+00,-5.432425506125785120e+00,8.199651990955005854e-01,-2.511204852605676052e+00,1.492205837997957918e+00,1.004703297999149925e+00,1.629493410859583324e+00,-1.050999577444086786e+00,1.293107788486175469e+00,2.760933867178488876e-01,3.466682060274766997e+00,-1.782891492930119393e+00,-2.396574864604159583e+00,-1.670474994565330773e-01,1.088926266501793361e+00,1.345643098634387691e+00,6.806091963701423886e-01,-1.380692196267560234e+00,-1.955540336884943775e+00,1.224464621862591196e+00,-1.803589434896996524e+00,1.552785714226311953e+00,3.311280672526879076e+00,-2.550099406041129058e+00
4.932289239469727082e-01,-2.117824551028887559e+00,-1.773054420469095227e+00,-2.210281753494708568e+00,1.538225615410284242e+00,-2.202721746042262119e+00,1.130167634880667515e+00,-1.450478609473013103e+00,2.005806273744307866e+00,1.089135152073800183e-01,3.448709312733440946e+00,4.639510436266931492e-01,2.723641869183533737e-02,4.261588194888863423e-01,1.572541355596910329e-01,1.897852851522525919e+00,1.923941756890505950e+00,-1.414667653416893822e+00,3.204085506162075436e+00,-1.140322372844388310e+00,-1.109068503130889560e+00,1.757084781200685342e+00,-1.833423499083399300e+00,2.733666933329461646e+00,-1.133512231775644974e+00,2.507357450093361528e+00,5.344140324028377798e+00,3.320239236285182027e+00,1.032406173158758156e+00,1.356250821766692649e+00,-1.876954382242837394e+00,-7.794475313075195366e-01,-3.447784091598100176e+00,-1.719479398081696253e+00,-3.224700989766675630e-01,-2.276088994828326051e+00,1.570431762734337156e+00,-1.297038778643634371e+00,1.043091059170162538e+00,-1.025265492104298737e+00,-1.757562666369526516e+00,-2.756900365397565000e+00,3.839482554817695625e+00,-1.743336985197415201e+00,2.315657193932795455e+00,8.999042611789503932e-02,2.784191455029274564e+00,7.763154286039718466e-01,2.168744306360911533e+00,-3.034096008236570885e+00,4.348423585347457987e+00,-1.487564849814280166e-01,-4.922631515917233358e+00,3.524038351632634569e-01,-3.857363990494366845e+00,5.030955283749312112e-01,-2.806656212349654123e+00,-6.098109810321095114e-02,-1.431503975864569345e+00,9.396246314122485011e-01,-1.303640589921934323e+00,2.587778618368667960e-01,2.527132320435537594e+00,-2.477046194125000156e+00
7.403508864050607485e-01,-1.251795466461445239e+00,2.347764295089214137e-01,-3.186610832331870924e+00,-2.065466263754160980e-01,-2.385661033658630359e+00,2.558812865120040136e+00,-9.406579428888119931e-01,2.302545707428728328e+00,-2.455611335712193366e+00,3.309255612341130970e+00,1.938625835828106325e+00,-1.069011487651200909e+00,2.521580660421748332e-01,-1.456479765102998369e+00,2.096662295734315951e+00,2.429552515828806936e+00,-1.257524285276985676e+00,3.676646590885744637e+00,2.348090137872960170e-02,-1.665219592978459451e+00,1.011898048750536461e+00,-8.674508798865017134e-01,-2.915849243987844730e-01,1.748735532377708957e+00,1.196833606075766498e+00,1.735881078619501139e+00,5.109053947959665720e+00,2.276645523418918682e+00,9.782774076629660032e-01,-1.867118093020492253e+00,-1.934365345515237422e+00,-2.697511669619869323e+00,-5.729807169038841907e-01,2.942837602164767308e+00,-4.758536657558731786e-01,-5.818777319529485625e-01,-1.721628914403945831e+00,-3.223927758410072286e-01,-1.815314450830165516e+00,-3.799221084083217015e+00,-1.747040291720537653e+00,3.508523733780161358e+00,-1.462817283252290768e+00,1.958232856874133399e+00,-2.897505864526820352e-01,2.411897512256453879e+00,1.430585669143601857e+00,6.930337714405359062e-01,3.414296334885630335e-01,1.660330360459149945e+00,-1.064617016315251741e+00,-3.376111040213568781e+00,-2.370608554946753710e-01,-2.840825298609751304e+00,2.016619905095956788e+00,-3.198715363001912948e+00,-1.996773183056969048e-01,-1.863156137365409748e+00,-4.939613754117634370e-01,-8.135710134401636928e-01,6.602791688845937035e-01,1.677043767978510402e+00,-1.135692458635872537e+00
8.079369568298095938e-01,1.481418851235317913e+00,-2.988400572338715477e+00,-1.560193300532995764e+00,-1.172892360246281962e+00,-6.817254176959330891e-01,1.399783249244437311e+00,-1.347213532119495127e+00,8.743791349738330165e-01,-1.509858770173662323e+00,2.318686849401422112e+00,3.045912624251018830e+00,1.234415882985640422e+00,-1.459677521916573628e-01,-1.733396775012109314e+00,2.376193135934999479e+00,3.216181695992522460e+00,-7.429704108068626578e-01,3.353129679640452387e+00,-3.675323186588054014e+00,-3.913472264237390252e+00,1.037284613581596737e+00,-3.080322248617485048e+00,2.508378569830301608e+00,-1.128787913129262632e+00,2.804185346246801380e-02,3.332088270479363068e+00,1.451353206631508019e+00,2.731046975120612785e+00,-2.168466397139426682e+00,-1.278439277850143663e+00,4.079976094623505301e-01,-4.281452575175513253e+00,-7.975962685083100023e-01,1.273481656476242119e+00,-3.555825931435350640e+00,8.370784337749574977e-01,-2.543073205343655552e-01,-4.826222562086621704e-01,-1.694101436735508059e+00,-5.158167493886826271e+00,-1.131114173206356988e+00,2.438966477397820576e+00,-3.240412044147349402e-01,2.479206702545929453e+00,5.225670387662683103e-01,1.555377323385307875e+00,-4.483014273118678394e-01,1.157271755044915196e+00,-3.511391932831884888e-01,3.185325565315288099e+00,-1.915547107886263145e+00,-2.703736732373071217e+00,-2.025270703702064079e+00,-9.004308476099132097e-01,9.457482979651833377e-01,-3.363464451359146068e+00,2.169650946766357169e+00,-2.284009118223286894e+00,-1.010861063651183001e+00,-1.563086382762002291e-01,5.233018834205027670e-01,2.459538365576471985e+00,-2.593276920301059274e+00
7.549472272853321453e-01,-8.690915605547341327e-01,-1.575544796026820293e+00,-1.001960590311254284e+00,-1.887372324655330669e+00,-5.900312332855420783e-01,1.512999841822602942e+00,-2.775003151409159763e+00,1.371173388528923454e-02,-1.772661768408033689e+00,1.113860840449075962e+00,1.837564510265998763e+00,-1.132909032703816266e+00,4.747917544722441985e-01,-9.598094247081764285e-01,2.085814575884702204e+00,6.566093234540175683e-01,-3.554314354286549626e+00,2.010050272788641124e+00,-2.023820618226302326e+00,-1.711006401432355384e+00,8.403898168873537022e-01,-1.351192120971045574e+00,3.396656601137909348e+00,-1.442237356784005220e-01,9.712470815750546826e-01,4.581636833143375220e+00,2.645498819518445899e+00,2.572065623346980967e+00,4.140860208155722755e-01,-5.844058983372479865e-02,5.838947387861326277e-02,-3.961109390660989327e+00,-5.325550901925851788e-01,5.690224006962532055e-01,3.106774400622778209e-01,-1.085404154261793597e+00,-3.277081802568335700e+00,2.095895753489783520e+00,-1.937096471388007668e+00,-3.887461471670727864e+00,-3.888359225823263099e+00,2.954440783095861889e-01,-2.265347400811497547e+00,2.615797404717596031e+00,-3.245824387318499982e-01,4.794377358133546707e+00,1.299267607701045435e+00,3.600298830002673256e+00,-1.220230584626057713e+00,3.781662007420259375e+00,1.290204048869729725e+00,-3.229829103582711802e+00,6.690478709292591031e-01,-2.450733054443092751e+00,3.990760393742716627e-01,-2.078074652891322316e+00,-1.610061839582620058e+00,-2.114458457439942318e+00,-1.326238691633872868e+00,-5.506950513203457964e-01,4.040132599173003491e+00,1.726350605752065226e+00,-3.973808848222052603e+00
-3.130886892495146068e-01,-1.447137266104127296e+00,-7.225686381346108078e-01,-1.778991701286891880e+00,-2.754652050585061573e+00,-3.740862964692314163e-01,5.226923604248007171e-01,4.971103186858805145e-02,-8.133713741326420443e-02,-4.639559894866578382e-01,3.425383536885184821e+00,1.819491239054297882e+00,6.233412277052031714e-01,-1.373183313903481029e-02,-1.207383954028986350e+00,4.071648874263693596e-01,2.564759336770497278e+00,-1.131166846291105754e+00,3.485859306689911286e-01,-2.731335755336913529e+00,-1.948367518097197992e+00,2.069822032079269292e-01,-3.932298924881739710e-01,8.402793159783117360e-02,-1.448901095122860916e+00,1.457860077864090220e+00,3.136438268463406676e+00,2.736510369706231405e+00,2.456018952124751742e+00,1.603817753267499091e+00,-2.794501419392013908e+00,-9.834900358185816316e-02,-3.692753396563421830e+00,1.835273274199638927e+00,1.669827835033470542e-01,-1.911760049228948377e+00,-5.127302820795875959e-03,-7.918010743123365947e-01,1.486509660328455329e+00,-1.433298931847966307e+00,-4.303110694504811207e+00,-7.652564504748005092e-01,1.676298914774375870e+00,-2.734873560176723117e+00,2.888381368092380441e+00,4.114587102176481270e-02,2.764206578677999904e+00,1.009509995576195474e+00,2.907126205597208024e+00,-1.541762594424586297e+00,3.496016386082176020e+00,4.689042583218872018e-01,-4.074656663947356705e+00,-4.507789870025818990e-01,-9.624995735964758659e-01,-2.907032373108515699e-01,-2.500866193507351731e+00,-2.349674115340508074e+00,-3.081457940607752022e+00,-1.417009438857052883e+00,-1.113840488776115745e+00,-1.549820954582000532e+00,6.464697054947527999e-01,-3.425208280790813742e+00
-6.234679234869047182e-01,-2.750506414055658766e+00,-5.219355686601417688e+00,-8.009030532143723846e-02,-6.606922555414359577e-01,-2.306746289119928850e+00,5.403017861932888355e-01,-4.245899396487157418e+00,1.548073249799591045e+00,2.569457225851068394e-02,1.326661347789465095e+00,7.497969614226142054e-01,-1.108302324557569468e-01,-2.807281823601733617e+00,-1.908669653596529736e-01,1.455330837235162544e+00,6.247137538028613157e-01,-8.075676110660882090e-01,3.337900656411390443e+00,-2.897229836645645040e-01,-5.772084954912459764e-01,2.746387358758532571e+00,-1.890256714156396622e+00,3.874082594114740097e+00,-1.872285565092450810e-01,-9.980969917485946752e-01,3.849481080918636167e+00,2.867173865473628069e+00,2.167676515063842402e+00,5.332067702193474812e-01,-1.343569019415826293e+00,-1.618929242452043615e+00,-3.314627664065181722e+00,-3.259201361619719961e+00,1.176617723508420310e+00,-3.180308901736804916e+00,-9.249921900683966136e-03,-1.714045250855322999e+00,2.967362756750593356e-01,-4.397215877878956292e+00,-1.448653802980988781e+00,-2.191171934097175367e+00,2.926219352249900485e+00,-2.308204449840816075e+00,1.812970206588638167e+00,-3.526440383485721641e-01,2.272299213856152189e+00,-3.053640619128728861e+00,7.841224072383692345e-01,1.746639905335162779e-01,2.683713493330654565e+00,-9.450325517708115797e-01,-1.825935480013300971e+00,7.479849348407408005e-02,6.667300523923058719e-02,-1.950169224624494824e+00,-3.688782181331771604e+00,-5.597796324019151948e-01,-1.009374522655126283e+00,8.670248850744335378e-01,2.373966968702577951e+00,1.419830918434827005e+00,2.978230431805545475e+00,-3.585004009011208748e+00
-6.261140326677140377e-01,-2.786506826419251626e-01,-2.342592396840508240e-01,-7.024227025636866628e-01,-1.477994548163574562e+00,-4.747407986396785518e-01,2.424652014555370716e-01,-1.072742046473065258e+00,-2.935800304032532004e+00,-1.088393229437358389e+00,2.410629180585813991e+00,5.371797041753924029e-01,6.031283780556166985e-01,-1.456625623197342456e+00,-2.800033790438364312e-01,2.025601931436977310e+00,1.405416094198235433e+00,-2.294263364153144469e+00,3.196565758870334228e+00,-2.317198828516402020e+00,-1.004176795032789560e+00,1.576868638588767357e+00,4.427285042060262743e-01,4.144831118001277126e+00,-7.871849389878418091e-01,7.100315320731476199e-02,3.525068694857367291e+00,1.545943025497825252e+00,1.948357463442911275e+00,-1.688401432799623847e-01,-1.223689637836814725e+00,-6.093218234742067141e-01,-2.915203186346051911e+00,1.338974257090638886e+00,2.468633116137464167e-02,-2.046258752131095537e+00,9.202449598032271805e-01,-1.437538486219039235e+00,4.904967868829093747e-01,-2.195614202732326437e+00,-2.270748447818673021e+00,-2.434220787199828262e+00,3.542221751902531857e+00,1.033858543782713246e+00,1.426706284164546146e+00,5.186752545728687824e-01,1.010962530646235091e+00,7.244879556831691492e-01,1.703214989928206968e+00,-2.015389648862424998e+00,4.040645149383606416e+00,9.570705402460288891e-02,-3.884482973173842613e+00,-1.569016037501047123e+00,1.649269231771310906e-01,3.866417713234752696e-01,-2.975860139264673521e+00,-4.880048029157280087e-02,-1.571042726041170123e+00,5.948399725143707073e-01,-1.670996608419397234e-01,4.405246092852432849e-01,1.847730487140437639e+00,-2.058137433751559886e+00
2.484012378014599509e+00,-2.272160594804358169e+00,-3.479867337840993446e+00,-1.277817146224799361e+00,-9.631153969320083164e-02,1.142347830257711472e+00,1.387436292142531835e+00,-1.741233150279171804e+00,7.320601309119669775e-01,-1.551533595543387767e+00,3.931421602185176667e+00,1.008843786116319308e+00,-2.513790758795224622e-01,5.389648277112466523e-01,-1.878473935385499560e+00,2.138057182553460223e+00,1.379645725397676603e+00,-1.109038283900265265e+00,4.104108923691557109e+00,-2.456505982192970450e+00,-1.164087019513380783e+00,5.144451875091278215e-01,-3.023066699874115137e-01,-6.830514730228083309e-01,-8.147983812053938291e-01,-7.105309346591752728e-01,2.824065964953729857e+00,4.395903777348390662e+00,2.357859280717859551e+00,-1.681678701514662255e-01,-1.825339503050075862e+00,-1.359931521385119746e+00,-1.161317877435772861e+00,3.652949968253516033e-02,4.302162937444449775e-01,-9.178744416753632507e-01,4.631870538218215705e-01,-4.013722285644877319e-01,1.130141759389735601e+00,-3.439372064362101522e+00,-4.206707634068494350e+00,-1.137579923766823153e+00,1.518898297186977331e+00,-1.737605991760950541e+00,3.264403544316628825e+00,-4.780203292456676190e-01,3.311738701582733757e+00,1.093651711509289637e+00,3.542042886214895603e+00,1.564103902825530801e+00,2.069299107398695270e+00,2.720547843357696838e-01,-4.892517902775448846e+00,-1.596083631288557791e+00,-2.329366539807390168e+00,5.400539050724435519e-01,1.385441966260909652e-01,1.182051541644968395e-01,-3.020106393335573181e+00,1.754530033527262667e+00,-1.672682781389652096e+00,2.480044647854169781e+00,2.698110063210758192e+00,-3.834780930290542678e+00
-9.098406364775302180e-02,-1.444354920467548542e+00,-1.348670150568795023e+00,-1.361982227132690904e+00,-2.119117934552289473e+00,-1.371028664877906644e+00,1.479248771728314260e-01,-4.004240176721395095e+00,1.074453518087328252e+00,5.069210610724255162e-01,3.350733172566744855e+00,2.159451693661802452e+00,-6.016956424582470264e-01,-1.620730012954326504e+00,-2.919315273325671090e-01,1.609584953450362566e+00,3.119130512548462519e-01,-3.744776582292525191e+00,3.600827267108433372e+00,-2.017438840587392868e+00,-3.341668454542650046e+00,2.325759464347458838e+00,-6.367858426281207684e-01,2.847806923149884817e+00,-7.865852889025898298e-01,1.347293866652625294e+00,2.375564528178639723e+00,1.015029391998223840e+00,2.544943426073414283e+00,5.364429630856838438e-01,-6.554393861663152521e-01,2.754038164824845758e-01,-3.762394874679571455e+00,1.055809982037887007e+00,-5.102326694545677999e-01,-1.326066490184681701e+00,1.159077371768508335e+00,-1.550113583663948358e+00,-3.147437387835785305e-01,-2.300143930429511485e+00,-3.497821285815303938e+00,-1.376322128594746896e+00,1.083407698314680534e+00,-2.793396188638871624e+00,8.007294353257523589e-01,8.451505229565873245e-01,3.322017943712133548e+00,-1.078932068770068753e+00,3.075564873450015391e+00,-2.984961363966762149e-01,3.856591765548448514e+00,7.531125269381628851e-01,-3.220082957211498620e+00,-1.612642098893773301e+00,-2.438117913799619174e+00,-2.952908643039404701e-01,-2.014433169126315981e+00,-4.009509611233943449e-01,-2.425773167587488288e+00,1.273482028533123867e-02,-3.790047087009551507e-01,1.036713407575637014e+00,2.232164504422781803e+00,-1.768621508267558706e+00
-2.855003934192783532e-01,-9.451389311247117009e-01,-3.071947672185292078e+00,-3.049557323074188808e+00,-3.445445351889429020e-01,-4.978410661449381713e-01,2.222518096671619148e+00,-2.386895256988557534e+00,2.436466645534250297e+00,-8.857281252463460319e-01,1.484246196119935135e+00,1.628395525637056585e+00,-1.602079731647471750e+00,-1.253446331522173773e+00,2.124040222511238696e-01,2.107519840927305488e-01,8.810774888905241742e-01,-1.486298401430039551e-01,2.146265057539430199e+00,-2.656711104539524193e+00,-3.049079562207584804e+00,1.016979221903479003e+00,-9.437403501158680985e-01,3.165108675981511688e+00,-1.091135603592086278e+00,1.820753849566273397e+00,3.506335717087749160e+00,2.592864000764629751e+00,1.583513634116680446e+00,-9.762408787674310418e-01,1.288866797648702267e-02,-2.315998234201769979e+00,-3.310169382438568952e+00,-1.794026742936487340e+00,-3.448070917465972940e-02,-4.052002540716554080e+00,-4.186187846202518714e-01,-1.221241499369822625e+00,-4.388665381270346888e-01,-2.440676260151052102e+00,-4.362936182742039648e+00,-1.864624827870049240e+00,2.205014991639202115e+00,-3.087878454791327165e+00,2.983011941809305068e+00,2.982123830108067697e-01,1.691891684440189003e+00,-4.161973643762648667e-01,2.459796953482273452e+00,-2.418313499620848628e+00,4.150792448149211111e+00,-1.716218779228621205e+00,-2.615400737389768082e+00,-7.512296349665998907e-01,-2.512481723707413295e+00,1.265961482707083752e+00,-3.331055978942703000e-01,5.567702984102673724e-02,-2.092157856732530075e+00,-1.467444139526557390e+00,6.102447384789457807e-01,2.351865331827857730e+00,7.360708170740726253e-01,-1.754638970095823591e+00
-3.743376604471920777e-01,4.081208651669439025e-01,-2.051513028410852257e+00,-1.710964831644755657e+00,-9.133532520455669435e-01,1.400060707680323979e-01,1.054182897273507669e+00,-1.588422249545569098e+00,6.758504310857036401e-01,-1.602202152894565579e+00,2.619695554296563422e+00,2.320365933306300477e+00,3.964093000140003209e-01,-6.930378742653612312e-01,-2.454013498845721841e+00,1.529659486913381272e+00,3.772021465388757377e-01,-1.122628439914172160e+00,9.374820036007234236e-01,-6.800221244989030911e-01,-4.132651549137375646e+00,1.856222479880666576e+00,-2.462301412889225105e+00,3.950511052726324301e+00,-9.769634298398837124e-01,3.321862474585090652e+00,5.590844492410971256e+00,2.047691102731862944e+00,1.895448136710836451e+00,1.628891713520176365e+00,-2.327320753656422880e+00,-6.863521096653548703e-01,-3.231284223509768516e+00,6.902711434106689747e-01,2.590381372065110321e-01,-2.217777368006863981e+00,-3.073623042463527466e-01,-7.206509978051710563e-01,-1.672067593042200873e+00,-3.190450606213704354e+00,-1.576972334563581990e+00,-2.365973332096969362e+00,1.321313569950719025e+00,-1.193927997171615241e+00,2.059854622643255695e+00,-3.336141393441853786e-01,1.779944592609149501e+00,9.258117274938789665e-01,2.477681763097354661e+00,-7.261472111842812716e-01,3.475250451844549726e+00,-3.987666226642647693e-01,-4.095425328078507121e+00,-5.693163888331225220e-01,-4.194025911103598236e-01,7.818825627371310816e-01,-1.656596301633352253e+00,-1.639617524585880393e+00,-3.856776381495386374e+00,-5.208025553879699343e-01,3.868049947020291146e-01,3.223454453730083547e-01,2.174940648172936530e+00,-2.562941131610167567e+00
-5.675451480067285059e-01,-1.061872235044065249e+00,-1.667371615632915027e+00,-3.294743077712926738e+00,-3.684958200424200747e+00,-1.057325216449437555e+00,3.147216812805893493e+00,-1.827015588537238999e+00,1.344716247394741604e+00,-3.855568332256298913e-01,4.130599494135937633e+00,1.475262212075860724e+00,-9.646446121000205043e-01,-3.241892569592285112e-01,-1.906787590212889238e+00,1.477480030752720941e+00,2.827653145361843645e-01,-1.050023721583420944e+00,3.021865667648586662e+00,-2.560180017228764093e+00,-6.407296170687519776e-01,1.160863754042528173e-01,-1.411021207058922311e+00,1.859962446445964535e+00,-1.061071926919377129e+00,1.760063621072389672e+00,5.217015116186247248e+00,4.798336234089972230e+00,2.037506466108281789e+00,-2.338599283100484261e-03,-2.684454088308812381e+00,-2.444755478888368749e+00,-4.818166395741761754e+00,-1.973015417487441470e+00,1.138267003448597547e+00,-2.714495175957026163e+00,-4.304376459356966667e-01,-1.616311446779647110e+00,2.719528043796286099e+00,-1.652791044846211310e+00,-3.174852073496485794e+00,-9.614051542373129866e-01,1.827302689566714378e-01,-3.433120796186812207e+00,3.452464245200620674e+00,-2.230819988180845481e-01,3.906090677575011050e+00,-5.785988954134310691e-02,2.252018693590113418e+00,1.143808192402840707e+00,4.415894413406846297e+00,-2.196787354768664713e+00,-3.954637683030311379e+00,-1.452240872613211220e+00,-2.299021510166435522e+00,-1.075100559894939245e-01,6.579509655083359831e-01,-1.771827349151941178e+00,-2.937900913117039270e+00,-2.218707333264432258e+00,-2.095243200019162311e-01,2.146640633285170185e+00,2.882579966793672455e+00,-1.707298108401393177e+00
8.397243040831241512e-01,3.455870397436311414e-01,-3.978369008533144680e+00,-2.568197996826145690e+00,6.522452100595379498e-01,-3.311224969038238708e+00,2.127815313762268623e+00,-3.720871020748869107e+00,1.354097359754855123e+00,-9.411300706143226336e-01,4.009884122850936983e+00,1.469874282654622499e+00,2.200778035595095661e-01,-6.981944386401537361e-01,-2.607680366824289386e+00,1.391178144529783278e+00,3.043147687353127129e-01,-1.448960619827122986e+00,4.193351995978791713e+00,-3.302526157616480162e+00,-1.350853449858477218e+00,2.484408954383608314e+00,2.991387991983176509e-01,2.556701319656442095e+00,-1.015198431093215614e+00,-8.904619925370917954e-01,3.435482648827176799e+00,4.306956207375298717e+00,1.928740343863559747e+00,-1.561031630686047222e-01,-1.728430932660786290e+00,-1.697744394657905609e+00,-4.651149141962263478e+00,-2.666582474437558137e+00,-8.189740021285873972e-01,-2.211102689981148117e+00,3.875449792813090433e-02,1.599681074033571182e+00,2.547520596778745983e+00,-2.406865255949826476e+00,-3.131131477295145071e+00,-3.541997796128487419e+00,2.772103425853459591e+00,-1.388380467789977590e+00,3.772545372672217123e+00,-1.683625808666692203e-01,1.964776036279618054e+00,-1.327024456509788841e-01,2.294987584650491019e+00,-5.984093073384539885e-01,3.550928883716886642e+00,-4.011054533150766876e-01,-5.242135795565228129e+00,1.157815623838593488e+00,-8.032829639930736398e-01,1.651958072801173127e+00,-1.592490869268057274e+00,-2.071643045791156990e+00,-5.713480344352776186e+00,-2.672566486539917907e-02,-2.721689851823660966e+00,2.478567007039347736e+00,1.349648078949139851e+00,-2.164022785085335965e+00
-3.362495370079933155e-01,-7.381231264475722753e-01,1.385483362656008133e-01,-4.754940738504783715e-01,-3.834860317372977612e+00,-2.491605338953953197e+00,2.239102886402094317e+00,-9.633551798625588081e-01,-8.093878176251272372e-01,-1.495390194070250089e+00,2.625117261959542869e+00,9.158361874128372326e-01,-1.027323454851835294e+00,-1.246522055826405850e+00,9.297559541069617683e-01,4.667007309755419442e+00,1.194644299811044696e+00,3.234220873677655650e-01,3.403743823946316027e+00,-1.648023379136492217e+00,-1.274020351980061694e+00,1.136935876069714135e+00,-1.034005870313427167e+00,1.550266372861535125e+00,-1.655559927092265626e+00,3.635765184793648963e-01,2.467218741788586467e+00,3.424259835235001326e+00,6.856007463245985534e-01,1.997644555984529946e+00,4.210999536706021562e-01,-2.069775911011502156e+00,-4.269471040398966188e+00,-2.208118525607793092e+00,7.521975675142000828e-01,-2.548973099460420499e+00,-1.704296749017494950e+00,-1.802543935535413588e+00,1.591870598532341585e+00,-1.057675474405497473e+00,-4.183493888033895658e+00,-2.996080173869603236e+00,1.201147489844539562e+00,-2.863072070198553032e+00,1.980741173063412575e+00,9.585450141926800116e-01,1.458165616346632998e+00,-9.028823633488302081e-01,2.844460399328578859e-01,4.162668214816717116e-02,3.512130523081312905e+00,5.187325700017566543e-01,-2.697273608492149588e+00,-7.186118690276231957e-01,-1.040933809905136398e+00,-9.717950969417765705e-01,-2.375731384147930392e+00,-1.758016219954027237e-01,-2.739167275509042376e+00,1.165315243407360368e+00,-2.397017248048432414e+00,1.089982029724246626e+00,1.827923099737522872e-01,-2.635166082205432581e+00
-1.269558316034463008e+00,-1.355068726502652421e+00,-3.168775253639701805e-01,-1.056598000024679074e+00,-1.051674613448132956e+00,-1.334182032741767721e+00,5.813515659518988521e-01,-2.466915220552514221e+00,4.735328633932942011e-01,1.703642361849818876e+00,1.860800495205664928e+00,1.819791680130126377e+00,4.051151047366230995e-01,-1.087030386078624566e+00,1.558965284196336398e-01,2.248661485979680741e+00,1.330770811270650889e+00,-2.449794209520670396e+00,4.460863072568193921e+00,-1.484436062363235553e+00,-2.460061951173919681e-01,-1.226161178955790465e+00,-2.975597249574606806e+00,2.738553159643154711e+00,4.584857370850723424e-01,9.884266875383196371e-02,1.853901209330741651e+00,3.098503611340143404e+00,2.755740228885998455e+00,1.921758696817141288e-01,-2.418053327573241873e+00,-1.689938513586737301e+00,-9.518575143440775044e-01,-2.022181461317127393e+00,3.045479089886534041e+00,-9.568181668193402878e-01,-1.490406208645997377e-01,-1.729682981174284873e+00,-1.048771685031264056e+00,-1.735557242161993363e+00,-3.600863391740915631e+00,-2.301911956208455567e-01,2.913880397395735233e+00,-3.091840725844705595e+00,1.824319947774261763e+00,-3.106736806179415389e-01,6.428809824536377171e+00,1.311252133639637663e-01,1.663765606760431393e+00,8.352739238425381796e-01,4.292978957177093768e+00,-7.512721282318127747e-01,-4.431610601399436078e+00,-2.226166332595452602e+00,-2.529956357575454895e+00,2.100508556834251861e-01,-3.122188055779304250e+00,-4.022461536632221946e-01,-2.336277340183045226e+00,3.688830872087391910e-01,-7.557258058839002590e-01,2.432699470920446583e+00,3.111548211966717936e+00,-3.414689555600036286e+00
-9.309817853948818556e-01,-7.528401116784469993e-01,-2.243324245673673722e+00,-1.233817042153264598e+00,-1.768735672087128563e+00,-1.553100783246246896e+00,7.875569781876294861e-01,-8.469068110993860365e-01,2.430765685228140072e-01,1.416747280670637155e-01,2.874544226821603932e+00,3.699744616961628818e-01,-6.749938587989747774e-01,-1.607400633901008735e+00,-1.177398818526954827e+00,2.014289316378921946e+00,8.556703012847615142e-01,-4.708401768260421782e+00,3.970496371896567567e+00,-8.220841388119835003e-01,-1.425329076420080332e+00,2.490755207739734800e+00,-1.939608369811860467e-01,2.077729947077478379e+00,-1.799932091650322086e+00,2.329858853655461637e+00,4.326658331449939610e+00,5.511995575970745520e+00,2.171584940027267319e+00,-4.778031643917907134e-01,8.387946386039790703e-02,-2.403121710347208673e+00,-3.222564856973406666e+00,-7.781345837895859985e-01,4.596352475213800748e-01,-2.566962919844449242e+00,1.174964728883535425e+00,-3.738896057430751707e-01,1.770737006661662338e+00,-1.379427386771762354e+00,-4.387858778669636806e+00,-1.832963802015406429e+00,2.772639859202824741e+00,-5.098020498254978161e-01,3.163921887693017077e+00,-8.826875053299867435e-01,4.448947234559735620e+00,1.285052690426335298e+00,2.704823438897839605e+00,-1.114367414883305485e-01,3.257186853740139387e+00,8.294133981408267076e-01,-3.181334296912100346e+00,7.377693636806210709e-01,-1.581613010685206433e+00,8.485038738295118677e-01,-5.144257348853373824e-01,5.058725981643443781e-01,-2.209851922168962979e+00,7.757315381235427854e-01,-8.820491768800169385e-01,-2.003182556746652132e-01,1.977481534533642948e+00,-4.382769966154563157e+00
1.287246660297405310e+00,-4.863495317072016877e-01,-2.501118944863379934e+00,2.246547661011994990e-01,-1.593449885413174449e+00,6.078117472859618786e-01,1.271319033618627525e+00,-3.130204642664862202e-01,1.056293115053606790e+00,-5.602662816477325114e-01,2.479469885657788364e+00,4.375210388073974555e-01,-1.362693099220237070e+00,-1.802987277354838991e+00,1.259682420176791329e+00,4.312533887473850580e-01,2.729217857089015098e+00,-1.318203021249761075e+00,1.886733185249990896e+00,-3.707888328481446116e+00,-1.446536494844816279e+00,1.214966263679906344e-01,-2.181990842963203114e+00,1.713775407972489839e+00,1.138719932631121257e+00,5.141015639258027514e-01,2.437851947121361107e+00,1.291993555632740431e+00,1.971933396816322404e+00,2.507164786361079090e-01,1.966454820603329434e-01,-2.960912937350481666e-01,-3.364235696465828873e+00,-1.030928036480092347e+00,-2.198869649153226691e-01,8.533520669461513997e-02,-1.532217447603325233e+00,-7.018509891648040400e-01,-2.374765485122205533e-01,-1.872926438340222877e+00,-4.085318517712942743e+00,-3.154469958665620855e+00,2.698716193473393421e+00,-3.466347010268015172e+00,2.124235978756579435e+00,1.473586203299649400e-01,3.249152017091821776e+00,8.076769169806602422e-01,1.759724650200296336e+00,-1.535625339500179987e+00,4.672007621544114642e+00,-8.115668610749087186e-01,-4.941509759180509498e+00,-7.117978900036541212e-01,-2.757375209561208074e-02,-6.255093806121649891e-01,-1.487681088487125436e+00,7.920234075460470535e-01,-2.687000325958521341e+00,-3.819170429366583464e-01,-2.448454366710235863e+00,2.720958324285525975e+00,3.521230714793301964e+00,-3.010420850653883207e+00
3.238691761761506305e-01,2.853088379200769964e-01,-2.567795951157310075e+00,-2.560819710762775703e+00,-9.174822354372275113e-01,-3.578347563849699320e+00,1.480514193461768047e+00,-1.930233827058522866e+00,-5.238417820873086939e-01,-1.788474338267850738e+00,2.361215956608786470e+00,1.539521692329992586e+00,1.713833519482395318e-01,-3.286258262235996486e-01,1.093116658493890281e+00,2.116922601939038806e+00,2.935742856778123411e+00,-3.089244269647197783e+00,2.020113527116883745e+00,-2.610944990021776935e+00,-2.289685660523432809e-01,5.451063501895077046e-01,8.628441184554374033e-01,4.552858449246313555e+00,9.842741012808251533e-01,1.508916684776528516e+00,3.651393806543502762e+00,1.315621607126277626e+00,3.384193450918657753e+00,-1.059279040372402836e-01,7.519521337842967057e-01,-2.321354317006322443e+00,-3.009056716094131279e+00,-1.457720854616346262e+00,1.167071969424489097e+00,-1.305506170514688424e+00,1.764628828407514227e+00,-8.108960028974250278e-01,6.909806354791280247e-01,-2.240195784087612996e+00,-3.779946609660695511e+00,-2.763930655877367748e+00,3.477403787029318405e+00,-2.265978506695343508e+00,1.177686460511588429e+00,1.615449697869063117e+00,9.872787170791355038e-01,-2.613600698131712252e-01,2.066586302271509634e+00,2.748064741618528206e+00,1.761637067375223076e+00,-2.515950356801887722e+00,-2.990608276394117304e+00,-1.613629324868428805e+00,-8.971448327018320956e-01,2.375018905310559703e-01,-3.836417640668494666e-01,-2.298639561407197718e+00,-3.739735726546539851e+00,2.613783451396753499e+00,-1.489588609684282750e+00,2.936173764816508047e+00,2.103855074671104219e+00,-1.762117616758660521e+00
-9.216666354260965033e-01,-5.034924303277700242e-01,-1.112982367159001118e+00,-1.531294800002185763e+00,-1.058369111812396124e-01,-8.641689411384936292e-01,9.075916557503930227e-01,-4.715039795891053487e+00,1.508841938322134313e+00,-4.122032555070690441e-01,3.467384758683058621e+00,9.918066052903735663e-01,1.749536786204478167e+00,-7.897420566106533313e-01,-9.223458331212808226e-01,2.241511230198704574e+00,3.494639246021521650e+00,-4.884286025284167998e-01,3.372090283532095611e+00,-7.858389356564965400e-01,-1.308157154212636675e+00,1.179953870796358384e+00,-1.262800041384100291e+00,1.345892396360384380e+00,-1.064050820390147090e+00,2.254482790537430503e+00,4.212412775521050534e+00,4.692835037206990911e+00,2.594866446453801156e+00,-7.481006541615200511e-01,-4.754026517477309977e-01,-1.999298885089125122e+00,-3.374537371921140227e+00,1.788470518520711705e-01,-3.486500908394434273e-01,-1.371868509393082469e+00,-1.285306895492557555e-01,-2.133141350729674812e+00,6.276030474382704449e-01,-2.719926719379903268e+00,-3.341723036368719146e+00,-1.822793961672712904e+00,2.518616128438049717e+00,-1.978929001452460756e+00,5.348008764779930146e-01,-6.059698409000483510e-01,2.629632791383497370e+00,-8.149527212779085206e-01,9.827759709537688959e-01,3.867980108315517418e-01,2.764678730371198156e+00,-3.889216873959775445e-01,-3.840327900750186707e+00,-9.964719133818890073e-01,-2.716385604332995918e+00,1.449410543522134498e+00,-1.885674739493967467e+00,-5.634774151637909068e-01,-3.000573401283757935e+00,-1.028219512883147724e+00,-1.470296460895716972e+00,1.186821577023128738e+00,9.802120199037949178e-01,-8.483181577303318122e-01
-5.499396472091673260e-01,-7.993584196077341275e-02,-1.114875510253642066e+00,-1.768486068206767126e+00,-1.087745889047781356e+00,2.841806286607213572e-01,-2.476939063100564997e-01,-7.594157185313912262e-01,-1.250617308790839877e+00,3.062577069620164849e-01,8.771392566354023757e-01,-8.039925487406489601e-01,-9.187129071878321618e-01,7.940518877564215483e-01,-4.445434207844285446e-01,6.959718532319577600e-01,1.105840402443558634e+00,-4.898334918553534756e+00,3.484174621887270007e+00,-1.941160674398060948e+00,-2.586770331045634919e+00,2.016340375663748574e+00,-2.797368782324487491e-01,-2.175531590766865975e-02,-8.295696760951102311e-01,1.677378011517844714e+00,3.677486981967390989e+00,4.878031102050110590e+00,1.198992241439988060e+00,-2.168638863070990297e+00,-1.475098288365777721e+00,-1.561135699797332688e+00,-2.749592381617638193e+00,9.505848393527485118e-01,2.214491971301103312e+00,-1.171354802883865398e+00,-4.149685210511563360e-01,-1.808702063142354044e+00,1.530202641017505139e-01,-2.086230289592741816e+00,-1.842331634472005542e+00,-2.187430615481226415e+00,2.666349583951920899e+00,-1.681054759293552081e+00,3.304911465278442151e+00,-1.196387064874047557e+00,1.491318874577971298e+00,1.666521442398088415e-01,3.646700462755573469e+00,-2.214673023964542353e-01,3.387048781370335604e+00,7.094134564727347936e-01,-2.132593112528709867e+00,-2.037958777246954511e+00,5.406823651704153466e-01,2.034511886977859341e+00,-1.908183873133417974e+00,-3.774105766934217066e-01,-1.199677954434033245e+00,4.677704747029001187e-01,-5.720565880912977796e-01,1.155734320601695675e+00,2.548239895541840383e+00,-1.618090662536731728e+00
4.195841372480466624e-01,-6.932662142406985639e-01,-2.636866115267880950e+00,-1.838631052005497146e-01,-1.139810121179574809e+00,-3.341175591204529338e-01,3.198181896235154476e+00,-3.669672960097340564e+00,-9.715898172280912348e-02,-1.984500581897344018e+00,-2.691410142731869293e-01,2.023945795783622881e+00,-1.148941367806349950e-01,-8.625198224751051690e-01,-1.534327699141425860e+00,1.837388735113120841e+00,4.141669085398948624e+00,-2.442342004248513998e+00,5.472212188357228335e+00,-1.992169461220719917e+00,-1.684202902703518578e+00,1.900085623629958143e+00,-2.078211746527867110e-01,2.071461463838766726e+00,-4.632243727797646371e-01,4.299375813094958865e-01,3.840735749089087214e+00,4.144813587836351232e+00,1.412032174594130218e+00,8.942594325978039382e-01,-1.137280540433296405e+00,-2.954883499775348810e+00,-1.591854012223844039e+00,-6.027132359252604932e-01,6.186314056107721226e-01,-2.188138317510373909e+00,-1.711341376700285410e+00,-1.761291575889176286e+00,1.239867389516655427e+00,-3.181094333318729817e+00,-3.802810548399848223e+00,-5.684579300448182604e-01,2.115222381367447557e+00,-3.465595059072299033e+00,1.676891034257449675e+00,1.186049986648012755e+00,3.229427836539167984e+00,1.993081959729778418e+00,1.591822355972315695e+00,-4.143197360187717004e-02,2.781969653842007784e+00,-3.960148655067565193e-01,-5.758714378934428169e+00,4.256030970036894789e-02,-1.185108185125857583e+00,1.278852827349727272e+00,-1.408512235190507278e+00,-3.966552571036472408e-01,-1.825071768934815042e+00,-1.709953412475430090e-01,-3.214376807391192248e+00,2.170411498508915571e+00,1.271768801118566383e+00,-2.712508657706751869e+00
-1.080020736533662262e+00,5.118109108679309571e-01,-6.321159491951438003e-01,-8.893112176132589308e-01,-1.838468166881976673e+00,2.085098436716741332e-01,2.029124137683348206e+00,-1.742588427652674854e+00,8.561213129529682275e-01,1.923019282126712248e+00,2.821203581920459946e+00,1.676143597107393246e+00,-8.413891007944868106e-01,-1.268485691254050085e+00,-1.806329239440683132e+00,3.070911990332477970e+00,1.060877770464527137e+00,-2.353299887677420266e-01,3.109970279109713687e+00,-3.616668089394292629e+00,-1.943848327140184296e+00,5.209073389337621762e-01,-1.957936149623030753e+00,3.149423650923923290e+00,-2.469329986894064355e-02,1.395379300828985425e+00,2.247823952436037054e+00,3.452991682257964268e+00,3.909123695847901203e+00,1.220173797269463456e-01,-1.072672793829801074e+00,-9.398485955768964839e-01,-3.662327996384868722e+00,2.422320025461081050e-01,-3.855220542753352575e-01,2.705100451233215519e-01,1.634227299801820577e+00,1.621348255508319181e-01,3.091950510922505391e+00,-2.497956098346147069e+00,-5.540586827857469032e+00,-3.784831875950632529e+00,3.527908575751085962e+00,-1.555403944926196935e+00,1.483255378559649174e+00,3.057520238299690774e-01,4.801320869230312205e+00,6.925304728006026478e-01,2.885984106531301663e+00,-6.482960793547680733e-01,4.476526658512235635e+00,-8.139375908287060923e-03,-3.029967694289359859e+00,5.248508839047629770e-01,-2.211202774979190711e+00,-1.489106038014711419e-01,-1.909576242052594797e+00,-7.590678847766956228e-01,-1.775705828508420847e+00,-1.352279376053112880e+00,-6.690870334051108870e-01,1.449073692470016050e+00,2.530646391504449699e+00,2.399899725704153219e-01
6.057800912638471313e-01,-1.575818661306934487e+00,-4.277556070795638377e-01,-1.393376367889131773e+00,-2.570636805115690038e+00,-9.498629650073995290e-01,-1.107135671709826408e+00,-1.361110531361148013e+00,-4.134220209127806855e-01,3.453850383250345324e-02,4.486979887315632354e+00,6.995892516770656488e-01,-1.011006568670114181e+00,-3.790765860780313523e-01,-1.260492854520330441e+00,1.415418617048630701e+00,2.942403387303849982e+00,-2.243234564783906926e+00,2.439557619797607213e+00,-2.182621055480325367e+00,-6.565301247232753212e-01,1.463318065977600613e+00,1.031033156890996505e+00,3.846959783626595630e+00,-1.058848000697692582e+00,3.476262946730935610e+00,2.036175578779430673e+00,3.349069140277445733e+00,2.383196392578962097e+00,-1.763717318696083947e+00,-1.846191854390714759e+00,-1.831013109221464319e+00,-4.530250843272312089e+00,1.949608417285796147e+00,2.278081823565903719e+00,-2.151778446833382485e+00,-1.456849794556019484e+00,-2.989993692113324553e+00,2.678107588512338433e-01,-3.392743903585002663e+00,-2.855943853117208331e+00,-3.405660594985889134e+00,3.175426953973507604e+00,-1.116289575760696762e+00,4.191664346738076752e+00,-1.798822393739359704e+00,4.483628177746859400e+00,5.710456778091859142e-01,2.910344056700134630e+00,-8.661595388583618327e-01,2.755199888936129771e+00,-2.574909548027993544e+00,-4.005044867229993422e+00,-1.328807660917084021e+00,-1.852032580017759278e+00,4.941605943571918402e-01,3.272448371505030096e-01,4.130634398278751895e-01,-2.657913663560900197e-01,-3.066335569393261018e+00,-2.916643635081520358e+00,1.959967289600124341e+00,2.015840654800582499e+00,-7.531144671067047103e-01
-3.639530235689018567e-01,6.312709888308174477e-01,-7.276203562296060801e-01,-1.345233356467387509e+00,-2.263293718508037067e+00,7.310600177890673734e-01,8.108181313300049098e-01,-3.041958052479822427e+00,3.272820862326100144e-01,-2.118115619215021006e+00,2.116236754289042121e+00,3.991886499961252444e-01,-1.373597404433473779e+00,-1.717944781448404790e+00,1.487093501956235908e-01,1.499593524132277311e+00,1.693058481539488014e+00,-1.945055328412957474e+00,3.858135179023216565e+00,-1.937889541224530277e+00,-2.120697539769018647e+00,1.256366188562483721e+00,-1.249073587926578854e+00,2.641692919897119296e+00,-1.577025243182032188e+00,1.967548680613426804e+00,2.795296912880231410e+00,2.064172903874681886e+00,2.780186725611403897e+00,1.828608540657250536e+00,-5.866369323209984499e-01,-1.282215263911711478e+00,-1.341840320435256917e+00,2.069741917964071476e+00,8.083976350099221220e-01,-3.479142669309228886e+00,-1.862256844751878360e+00,-4.880666956866588357e-01,1.646105359723628592e+00,-2.190528977967244550e+00,-1.492982198747342393e+00,9.770448275552157114e-02,1.399480199194524488e+00,2.855535021563200271e-01,3.570003188123434867e+00,-1.546330476965820377e-01,2.680490140111659425e+00,1.317906584756633581e+00,1.543740536728528401e+00,-3.690861038537485705e-01,3.307009971086964040e+00,-4.502491507040793928e-01,-2.414609902940926922e+00,-4.019604799944509477e-02,1.027214947228339170e+00,2.923491080786896568e+00,-1.447783112323248078e+00,9.152297120732872937e-01,-2.359906813887302945e+00,-4.660525143933209602e-01,-2.324593659038283633e+00,2.006802636494841252e+00,8.081606966754324439e-01,-2.612976141519125051e+00
7.729346976585476092e-01,-1.119886149158699329e+00,-2.856017024102427193e+00,1.219223202618517909e+00,3.250461481179818257e-01,-2.203609635049518900e+00,3.050002586202368970e+00,-9.582610359495653540e-01,3.681378104106327598e-01,-1.563367662725742235e+00,2.442921501479923041e+00,1.509778673873151122e+00,-1.626925599863070504e+00,-7.697541539755636819e-01,3.485527433397981323e-01,7.186899327052257425e-01,3.045170195251698519e+00,-2.246093930426849461e+00,1.727270626749206839e+00,-3.012694802028473617e+00,-1.104643225196944023e-01,3.123398106121796136e+00,-3.125109493960206430e-01,2.370865626646576629e-01,-1.318982662342260914e+00,3.528460274703809851e+00,4.636539474675826611e+00,3.860016734457868193e+00,7.317600626399940467e-01,-1.564671007412919979e-01,-1.687069748633831523e+00,-7.038484590332243496e-01,-2.206242334547388495e+00,-1.193336733831900087e-01,1.849405731232296901e+00,-2.240383050489897165e+00,-6.295069612400840953e-01,2.447587540767355296e-01,-1.476066003141250693e+00,-2.092689566826265057e+00,-4.187819461806266297e+00,2.083457314304393293e-01,3.200713064991282497e+00,-1.205152403981388343e+00,1.586907343870362030e+00,5.112539436160772333e-01,2.283479626066181378e+00,2.513382074230527952e-01,2.509648314262454161e+00,-8.449621569498189100e-02,3.882565085665254934e+00,-1.529437395336545880e+00,-4.828382850541291127e+00,-5.658646166086773732e-01,-1.625719385166616293e+00,4.520578833793779117e-01,-3.177081970020206647e+00,-1.082593709207236632e+00,-7.504992168085622417e-01,3.780628405653940760e-01,-1.669617931595079874e-02,3.014150369558326048e+00,3.025441623138544145e+00,-3.138980035186679451e+00
-1.837832298445807755e+00,1.555995080602379232e-02,-1.785939800463152149e-01,-1.976893401964610941e+00,-2.377327396378694502e-01,-2.667267321024277660e+00,-1.469770131642513800e-01,-4.936662429371523331e-01,2.117851403904081664e+00,2.230345253103486192e-01,8.628006623962303223e-01,1.088793304787751381e+00,-2.011308732437979419e-01,-5.977821908471699919e-01,-4.612724823020022402e-01,1.097582147106318740e+00,1.558639121548135442e-01,-2.941909157512611728e+00,3.049133052452428938e+00,-1.771459584702094414e+00,-2.359450482568125285e+00,1.401236780693259520e+00,-1.652141305491147349e+00,2.021314017400727359e+00,-1.045313365608496525e+00,7.494926803083890032e-01,4.656605314433153175e+00,4.954533132711215870e+00,3.636616697111902496e+00,1.473163741692065543e+00,-3.399868070134854037e+00,-1.310353263864857398e+00,-3.908408793499869027e+00,-1.871289906010223270e+00,2.096091346151617962e+00,-8.561065239368318425e-01,6.733100564502525476e-01,-1.304261407131175554e+00,-5.259958157265498535e-02,-3.177234625570422910e+00,-1.457532068442253692e+00,-3.802947749241640363e+00,8.768767603380811515e-01,-2.065137449057651509e+00,2.976170450342745966e+00,1.203825939126106359e+00,3.740527003275780693e+00,-3.151856217491543211e-01,4.048336799925812635e+00,-6.987535881442639152e-01,4.782324917571461498e+00,-1.366266827087585956e+00,-4.075060059452797923e+00,-1.500686853550451172e+00,-2.638670694045732290e+00,2.092201498154993455e+00,-6.469390624660171785e-01,-6.259624579209029926e-01,-1.374325706851134976e+00,6.349203462016939081e-02,9.006855057223637218e-01,-8.378809772498176933e-01,6.283447574567979643e-02,-1.573104136924182495e+00
4.751507927849356605e-01,2.640514302496204113e-01,-2.377415973881599420e+00,-1.715527436216962576e-01,-1.611330708757300778e+00,-1.110540890794293079e+00,2.041171219935435488e+00,-2.816596950381248021e+00,1.377444756381276392e+00,6.526050848104645308e-01,2.238679273304846173e+00,-1.118162537616873120e+00,-1.063713046160239983e+00,-1.933398795660625114e+00,-2.278759053188742278e+00,2.209635250591153621e+00,2.066302289360344435e-01,-3.596041424315708390e+00,2.870779266026807885e+00,-1.998548496863973289e+00,-2.075072309584290675e+00,-1.597861107065962294e+00,-2.039884993189941653e+00,1.258666656957163177e+00,-2.004842124244287760e+00,1.334766571463476437e+00,3.243754667167702888e+00,6.382585646773062393e-01,3.273478762229544259e+00,5.883146925669984206e-01,-1.288181138769013412e+00,-4.462025493384524921e-02,-4.600131834926292740e+00,3.297613942680698074e+00,-2.534595847827934012e-01,-2.623140021506590536e+00,9.922289721579546917e-02,-2.399886450258907900e+00,1.110210743749060924e+00,-1.191662809724792105e+00,-4.010230789554982245e+00,-1.394566804520145142e+00,2.223141552346251881e+00,-3.800906044530329542e+00,1.733193391000902306e+00,7.636951697797842442e-01,1.395498215789259033e+00,1.107282871930022061e+00,1.482850831352021448e+00,8.383386187269687984e-01,4.336309783853527833e+00,-2.991042063358379188e+00,-4.138162881908439061e+00,5.055520538418643017e-01,-8.418696482620426913e-01,1.500204270279035690e+00,-2.899240099867201437e+00,8.710264348947283075e-03,-1.902395708008868702e+00,-1.680162861896846493e+00,-1.952574561975516598e+00,2.371889379949278620e+00,9.933701206731890831e-01,7.218609326242497737e-01
-2.420648636414278965e+00,-2.162825529409517777e+00,-9.670820201190188925e-02,-6.183388651219458021e-01,-6.445106274928161794e-01,4.807218655697078624e-01,6.067676948897876565e-01,1.580764256079847385e-01,-6.325945890871131905e-02,4.556119116126489121e-01,3.791932778228837009e+00,2.640523052935129567e+00,-2.361539294321964022e-01,-2.670979309457617745e+00,-1.033560751603189276e+00,2.271691500470571778e+00,3.903818206810745206e+00,-3.571752456222641925e+00,1.504337934287086176e+00,-1.868512399678670777e+00,-3.782121509811935400e+00,1.792984286287829132e+00,-2.417267749435954460e+00,7.664691331759330151e-01,-8.355413678978607095e-01,1.097849638244126291e+00,1.960932037905044334e+00,3.418493652747875089e+00,1.856117268126115549e+00,1.610834636882306992e+00,-1.112361145394703987e+00,-2.110122669522600969e+00,-3.641870283591447155e+00,1.176255651220954324e+00,7.168653713173154252e-01,-3.863456280146075894e-01,-1.227541344102578424e-03,-1.973491836913263686e-01,2.779425079822046563e-01,-2.068541249036875751e+00,-3.267974499514957110e+00,-1.932087751796427222e+00,3.393376673423524892e+00,-1.510766518913067902e+00,8.112742475782759310e-01,5.564858876624586559e-01,1.631282580269873828e+00,6.623266783943442260e-01,1.510475743325959019e+00,9.277629873829877916e-01,4.512510736424506064e+00,-1.398693637826698533e+00,-2.521196620861652971e+00,-7.990073662756776995e-01,-5.268441513038686352e-01,6.453763148839889441e-01,-3.814390098228244597e+00,-6.504182315058073538e-01,-1.271410001301161108e+00,-9.315384837017132158e-01,-2.653921559953337450e+00,1.065668890949613701e+00,2.689110265086600116e+00,-3.654549139401452873e-01
7.418690975352910666e-01,-7.464108656094399219e-01,-2.298293266293427450e+00,-2.680031356569224421e+00,-1.460053002610444572e+00,-1.739804794158476886e+00,2.307172972469619054e+00,-2.876733053861804112e+00,7.608574509926395724e-01,2.593542266179165168e-01,2.250745997788748731e+00,6.007319828193327105e-01,1.758880333676357877e+00,1.028900955630041025e-01,-2.640896134211931923e+00,-1.794687032721896891e+00,7.730971051596123855e-01,-2.125010377019851848e+00,4.182233901387100161e+00,-1.883792343834101324e+00,-1.599107476460746025e+00,4.210070770493636871e-01,-1.427111411887133752e+00,2.801102376571091845e+00,-5.526025298393808516e-01,1.331219616634964353e+00,4.372561732436591520e+00,3.131957112544111244e+00,2.947224124945473367e+00,-1.617989987160408427e+00,-7.042140214406691356e-01,-1.753741847668282672e+00,-1.301571865950102325e+00,-1.063317523398104703e+00,-1.336141262766030735e-01,-3.106474512324341575e+00,-1.526965902594085822e+00,-5.976441260847570325e-01,6.553312993741229331e-01,-1.896411408568956514e+00,-5.124818142094385465e+00,-1.507358129121362245e+00,1.083037316584488652e+00,-3.926673411615554166e+00,2.503556906200515630e+00,-9.460924843717468669e-01,3.767292443873086594e+00,8.900111890272550674e-01,1.402894279551482271e+00,-1.839570823715322767e+00,4.279713121777620977e+00,1.465958138162249291e+00,-2.883913337713714053e+00,-1.337048862368551472e+00,-1.455828277317116726e+00,1.711254708932478330e+00,-2.048642279984735914e+00,8.623959172949702268e-01,-3.004786476480604485e+00,-2.970995418200665039e+00,-3.255694234434328482e+00,8.716561700688467695e-01,2.128962507062356124e+00,-2.821196467073198377e+00
-1.176157350368887688e-01,1.887721410837567282e-01,3.507860156682782726e-01,-1.431934129256730470e+00,-1.741712031852499232e+00,-7.005295565154168180e-02,1.949732946095887876e+00,-1.856087620293430662e+00,1.398564134799741510e+00,-4.030788546635353242e-01,3.315572683956331534e+00,1.405539642149116419e+00,-7.932451011592428491e-02,-1.500453399092787965e+00,6.670870042315946158e-02,2.122857296043585862e+00,2.351422379765863546e+00,-1.218813520781369730e+00,9.794219530322529899e-01,-2.403959340956898227e+00,-4.628496572211322491e-01,2.304928435359586469e+00,-5.601730522381683786e-01,4.199208315939749525e+00,-8.248834840236218824e-01,-8.581571183225618071e-01,2.634358315711082366e+00,3.794553964935760249e+00,2.008302969811646577e+00,1.002270028333726692e+00,-1.950476694316923609e+00,5.172659494502198640e-01,-1.559019061795791083e+00,-1.027741841987773963e+00,3.674721890622709708e+00,-3.378703863529197715e-01,5.278007531609748559e-01,-1.750937825031420925e+00,-1.589746030625645901e+00,-2.031752094420781418e+00,-6.708356613441411653e+00,-1.767048865690299397e+00,4.064478952643360010e+00,-1.894667721578527475e+00,3.016971417413329526e+00,5.088783939245777876e-02,1.537744828221993210e+00,7.127022188491699550e-01,3.608301377189098158e+00,1.059409274970354309e-01,1.510682100042570752e+00,-1.808962467752757153e-01,-4.062406691422909333e+00,4.975414268744482449e-02,-3.251359744119951545e-01,6.746169637134797892e-01,-2.495734088354823577e+00,1.053897132049475438e+00,-2.846451045243708844e+00,-2.631294919507782826e-01,-9.725063385849432862e-01,-5.597440605195922458e-01,8.682321163996047364e-01,-3.301866461809236153e+00
-2.043222297771365437e+00,-1.245299832791111561e+00,-4.799823873108732819e-01,-9.063774699676170332e-01,-1.807440528300786386e+00,-9.259284574334635254e-01,1.113802182607421809e+00,-1.729463148861104305e+00,5.879125504329716367e-01,-8.241318671675923468e-01,3.120201454201402491e+00,2.805807883728696606e+00,8.324501320806325655e-01,9.520018842823945171e-01,6.882595977981553759e-01,3.028866312838766284e+00,2.260074712102106087e+00,-3.592878573828051536e+00,2.208679824456041274e+00,-1.775915961236061769e+00,-1.731417784372279778e+00,1.066035794216934951e+00,-1.812270434374890105e+00,1.988915782500331630e+00,7.287450014886081018e-01,1.857224356892019479e+00,5.510851039976596866e+00,2.539385092332445915e+00,1.609395380587000712e+00,5.442535585917254171e-01,-1.376057373875217538e+00,6.927943237628166884e-01,-3.077492362471088150e+00,-6.210838740050015350e-01,1.586710197458986560e+00,5.698782869844625232e-01,-6.324304323751634982e-01,-2.275295613398815142e+00,1.496829672929307353e+00,-2.247409729019778091e+00,-5.786876930776566397e+00,-3.502709666832231061e-01,2.966433600735431053e+00,1.361154164966416058e-01,1.333771350209575601e+00,2.234624442909807662e+00,4.160867848013689141e+00,1.049452464642887328e+00,1.714368354106363013e+00,2.206787270555547131e+00,1.747027015907510972e+00,-8.985479214811932236e-01,-2.427609270431910105e+00,-3.910233357737706861e-01,-8.953755083576717677e-01,1.419171156082057905e+00,-1.993792159252713025e+00,-1.640360365998091430e+00,-1.417342831460489005e+00,-4.852644759401842367e-01,1.008591971250528019e+00,1.621873673298678487e+00,2.576391352249010946e+00,-1.574916200251928577e+00
1.393518085846206400e+00,-1.088192891743933188e-01,-3.448019390079390956e-01,-5.926131450631549891e-01,-1.125038302486364827e+00,-2.800657188660420793e+00,1.517101477892961459e-01,-1.867421768875175747e+00,2.254904686899384281e+00,8.033274213661760754e-01,3.413144151918555025e+00,4.273738186938983219e+00,-1.606653714212332440e-01,-1.024036560970037479e-01,-2.987544646651359770e+00,7.276953670722809964e-01,1.099639165921272976e+00,-1.251763642477094152e+00,4.765911264986502083e+00,-2.153024856338157100e+00,-1.685694143555139579e+00,-6.827220699990637076e-01,-1.929344231315789360e+00,3.336942443267715053e+00,-1.954332360091637355e+00,1.364614647255467883e+00,4.254669943814811006e+00,3.961591973812752521e-01,3.329535653818259888e+00,-3.253647437566881129e-01,1.997162322216481378e-01,-4.241392462608304825e+00,-6.072578545184152965e-01,-1.275038585087329590e+00,3.003046692796072836e+00,-2.352538294210436920e+00,6.655614229037896123e-01,-2.964441767480120227e+00,1.105768571401148703e+00,-3.896720228812180054e+00,-3.555683209463095906e+00,-1.131204813432792555e+00,1.801132360549433375e+00,-1.727185460332740785e+00,2.364667708008471703e+00,7.142902613349495500e-01,3.183432037609815524e+00,8.826414609337648320e-01,2.797969453111983196e+00,-1.844695886434014609e+00,4.973747092705715467e+00,5.307875254211567029e-01,-4.188786788142696338e+00,-1.796469505496147701e-01,-7.363147876852119689e-01,-6.734357988383365967e-02,2.448279572850493579e-01,-2.377446817534644707e-01,-4.247808268492311967e+00,-2.034655782516788136e+00,-1.080782634393259167e-01,2.601928663920277884e+00,-7.540148757592866069e-01,-1.745361295136309998e+00
1.243937447528967954e+00,-8.696128980637529704e-02,-3.481243201426604816e+00,5.452547662040945209e-01,-1.302413807385400801e-01,1.078765853368769623e+00,3.043392234829838117e+00,-3.583801988208096034e+00,-1.202278141699845593e+00,5.477950925874015553e-01,2.677397736179627508e+00,1.868657243136625290e+00,1.236710895479887995e+00,-1.540886582115716941e+00,-1.084973546826279556e+00,1.800842579712411018e+00,2.584846763763599675e-01,-2.925907315056868185e+00,1.604353522390077114e+00,-1.059135469685505093e+00,-3.967826913211274231e+00,8.306980895823745659e-01,-8.541159794215028578e-01,3.931774390772005745e+00,9.022697699882720190e-01,2.368213991165069032e-01,1.902894467098715126e+00,4.662615154851283528e+00,2.558387421695994313e+00,1.217149884306502339e-01,2.771943088847168557e-01,-2.536137043728370344e+00,-2.440163293658026866e+00,1.399776477399802932e+00,2.134955541828831294e+00,-1.359720508812512163e+00,-3.228639584663329565e+00,-7.805017342249769285e-01,3.971499176515231877e+00,-1.606541790389093283e+00,-4.949323782377826220e+00,-2.263855976967223071e+00,3.737717764029468093e+00,-3.236383392736029041e+00,2.733422241769416949e+00,-1.147853973037771258e-02,3.704562210752621709e+00,-3.537260014854187173e-01,5.818232032265997500e-01,4.539184506973120703e-01,2.641443078962738777e+00,-1.944924061028161733e+00,-1.442402299696066370e+00,-8.656491417471832150e-01,1.123466710185927475e-02,2.752187222208771766e-01,-3.508753695123045802e+00,-5.389756992858087958e-01,-1.374259284645081181e+00,1.885904107623739279e-01,-9.314368773324788187e-01,2.496637085535675205e+00,3.126470136581037451e+00,-2.082699785114980884e+00
-1.854219040541546404e+00,-9.062654588070229167e-01,-2.178173718704477402e+00,5.174411408347698860e-01,-2.585018674517746362e+00,-1.809104491870734410e+00,1.841353741899043328e-01,-1.098816888135806913e+00,9.593188954862956752e-01,-1.856455948856384985e+00,2.384932518296431603e+00,1.138950126396548468e+00,3.340097147932759025e-01,-6.591913142396994552e-01,-1.422433259531700633e+00,7.031821832980863496e-01,2.710172968223428569e+00,-1.914920550806460398e-01,1.982997569380666070e+00,-3.526316784827993267e+00,-3.011171609262247806e+00,-3.490119936821225455e-01,-4.271997647301740697e-01,1.055170202102580834e+00,-1.261092838553362183e+00,1.371775267834511647e+00,3.715123697310827922e+00,1.637884345446418699e-01,3.919076622197803950e+00,-5.254934102208290714e-01,-4.451044949870900380e-01,-2.228168416726529433e+00,-1.787438846289630678e+00,-2.643530904776483226e+00,3.130044309541530345e-01,-2.077721867600172523e+00,-6.298804298654366862e-01,3.740711462203518689e-01,-3.265700951374783667e-01,-4.008667465363621396e+00,-5.338696237244100473e+00,-1.893316617301002536e+00,2.086086774618403972e+00,-1.461571798298636926e+00,4.603761341696995579e+00,-1.340188890799562049e+00,7.990045526873321702e-01,1.535757828236161693e+00,8.455044336464818677e-01,2.309785121183417278e+00,2.758605918069373164e+00,-2.043460532293574605e+00,-4.137498263791396624e+00,6.958345582422980069e-01,-2.401143031531219663e+00,-6.182345267367894692e-01,5.353335575490385523e-01,-1.759767983595761809e+00,-2.934060710178560960e+00,-7.653119253115072684e-01,-1.220379543162318559e+00,1.487567175141045306e+00,1.068029344485891707e+00,-3.156863687571981103e+00
-8.209577390921353190e-01,-2.006784124408678149e-02,-2.321807877530282838e+00,-6.579602328073340667e-01,-3.406582628654877265e-01,-1.049674718011613939e+00,1.337514248494076741e+00,-3.024162750251167875e+00,-6.442547224872674505e-01,1.019835531777421700e+00,1.904387792170404214e+00,1.302667337846166173e+00,5.997001176186712579e-01,9.594038556891422154e-01,-2.036259692469968741e+00,3.313414729874722298e+00,5.841089283350298089e-02,-1.748391968074495484e+00,2.857981845992892733e+00,-2.187858181004117331e+00,-3.027922508357952847e+00,1.100121976395885159e+00,-7.355664060885789279e-01,1.142037114007355081e+00,-1.331615201095910805e+00,2.530599014259077961e+00,4.396811262993984393e+00,2.517109546996637803e+00,2.739478413510198163e+00,1.271545273387026942e+00,-1.242222616437396843e+00,-1.261858783465723555e+00,-4.117872647766557037e+00,1.681709267259253959e+00,1.568722039298040549e+00,-1.664661069456987885e+00,-6.530850500281419890e-01,-1.706138506681216693e+00,2.659898587777544066e+00,-1.866053525106400768e+00,-2.441361667836093652e+00,-2.027781929865513977e+00,2.665137799061987334e+00,-8.126135345603795468e-01,2.869004618906690673e+00,9.280813538044160316e-01,2.769201868650469134e+00,1.171777502320026532e+00,5.710405128736770752e-01,7.398258490498681450e-01,3.019117207504022460e+00,-8.637787779519399134e-01,-4.176838422023506858e+00,-1.808271712980234369e+00,-1.108091060716558829e+00,1.692856630357054915e+00,-2.583681634795820692e+00,-3.030727769674846250e+00,-1.175068695483692638e+00,-3.565096832889834144e-01,-2.557917705887626791e-01,5.379082269918815662e-01,1.383910747585166412e-01,-3.101318881133003025e+00
7.349507096935625761e-02,8.766736157251313610e-01,-1.467304023320543882e+00,3.061520177843624069e-02,-2.521303552822856897e+00,4.356231939960597543e-02,8.631713602001489516e-01,-7.700886784997929002e-01,1.077671086850632065e+00,-1.823082294260564451e+00,2.244648138834527629e+00,2.746487817256939579e+00,-1.625507400134368896e-01,3.703702023670047971e-01,-4.450880639053680365e-01,2.654435677842852837e+00,2.318629686102181786e+00,-9.643852797751025774e-01,4.616686400504169896e+00,-2.369632273067320050e+00,-2.567732124192854570e+00,3.887485381036774879e-01,-1.721617091977889924e+00,1.607654931704475931e+00,-9.203464750362342350e-01,-3.198982717154590372e-01,2.167258122723387359e+00,4.157970090163044752e+00,1.672609147277485331e+00,3.713922220059756030e-01,-1.025322591639115100e-01,-2.661298378391570019e+00,-4.466683758858229325e+00,-2.343943959695734769e+00,-5.724067972857060926e-01,-3.554495687218687472e+00,-1.262121620881681283e-01,-2.150779166911864770e-01,1.896963292435572157e+00,-4.342783495581571174e+00,-5.087728664430529513e+00,-1.365830467324268938e+00,1.342113135242865685e+00,-2.708336006444842514e+00,2.202013486434464262e-01,2.098837359162002980e-01,1.950108982546581160e+00,8.206250575201556874e-01,2.976643283149579489e+00,-2.190028438761436824e+00,2.198948238236624775e+00,-3.405307016204986992e-01,-3.670937771770183655e+00,-2.461196309078961253e-01,-2.653922961380505985e+00,6.747992822252468770e-01,-2.515553042968488917e+00,-2.623193176562502948e+00,-2.389480416912890259e+00,-9.720354900503134221e-01,9.007689500232738400e-01,2.488980304783927622e-02,3.051784766312447328e+00,-8.566970045890069940e-01
-1.984192878209922961e+00,-1.540142219271692259e+00,-1.940604103603961628e+00,-1.341268249037917526e+00,-1.206563454092393517e+00,-2.544549062374887871e+00,1.384436868287369338e+00,-1.571007742350554626e+00,1.658154112436186045e+00,-1.468635989736885472e+00,3.143372418029018345e+00,2.773565437298801672e+00,-1.107606488869121442e-01,-7.894244992199447308e-01,-2.454445863017676643e+00,5.984741413322858250e-01,4.012194337000968281e-01,-1.481912175307293245e+00,3.065262325498635754e+00,-3.542047358281041447e+00,-2.689947290643877942e+00,1.202058041441310454e+00,-2.791239330074286151e+00,2.655681251662223907e+00,-1.458543277247539738e+00,2.280413660226275674e+00,3.869680751535606422e+00,3.275260821429303082e+00,3.693175215337611839e+00,8.478550692382594844e-01,2.496701699621290960e-01,-1.579683379368147733e+00,-1.846787323106664935e+00,-2.585216236521244992e-01,5.823628956060075135e-01,4.050766875334850248e-01,2.532606658933133081e-01,-6.832429670578011871e-01,2.015613626247159118e+00,-1.683398640501200694e+00,-3.284531253567848363e+00,-1.206122686068310079e+00,1.178476125873361147e+00,-6.183718231374735197e-01,4.059495169882549881e+00,-4.676633330078021622e-01,1.684868308388526970e+00,9.167272460311345350e-01,1.642729208264740670e+00,2.721511486879724107e-01,3.736268637770692624e+00,-1.934520370189143801e+00,-4.238057253919476075e+00,5.228459063881205626e-01,-2.831597494469198395e+00,8.418264285124161805e-01,-3.149723099116787939e+00,1.255995174440234008e+00,-1.102517605173852555e+00,-2.027219830346258078e+00,-1.586033336685820139e+00,1.193942049396197413e+00,2.047491761360947571e+00,-3.118321637218803399e+00
-9.050762403750051144e-02,-3.181172254411049227e+00,-1.082677211420705721e+00,-2.515314904933484641e+00,-8.497354094218947385e-01,-3.012512925460777424e-01,-8.754019773674284188e-01,-2.158306409148447180e+00,2.336234203498185891e-01,-7.861925819502131318e-01,3.991714417483186672e+00,5.718590873354338910e-01,-3.652629036357254999e-01,7.066841802562480179e-01,-4.077632598219452786e-01,-8.352503858320665664e-01,1.383569401832831058e+00,-9.969358464023851951e-01,2.409060106739510765e+00,-9.242192114572458372e-01,-1.236804610666429438e+00,2.353395951114877871e+00,-1.943990546185923041e+00,8.967937574898503517e-01,-1.276142672361939567e+00,-3.036116592648103740e-01,9.059450677303559907e-01,3.567083299096797333e+00,3.528015005862852327e+00,-2.161030395268917825e+00,-1.259007616183224654e+00,-6.711048734566638085e-01,-2.138562034232680986e+00,-2.101028889000082778e+00,1.725750766793661795e+00,-3.414291896456823849e+00,-2.980656170332351418e-01,-1.418389049589409812e+00,6.278239101577867132e-01,-1.609275167237018689e+00,-4.658968894787054893e+00,-1.695116081698541555e+00,2.701016544045428347e+00,-1.385680640380631434e+00,1.324335940635032793e+00,3.396443599218619269e-01,2.949134865002107198e+00,5.269339413713863829e-01,2.666032562091733116e+00,-8.353646153625010617e-02,3.667771149062208025e+00,4.585944794718912476e-01,-3.684533678815100188e+00,-1.039270664331398697e+00,2.840731246211771754e-01,-5.562760160428958933e-01,-4.020279713059030868e+00,-8.027396007288835067e-01,-1.052429086998301289e+00,-3.300683488629119755e-01,-1.676487939043404651e+00,3.118314886562889576e+00,1.756743173601574615e+00,-2.163968611479917481e+00
-8.440009631114675503e-02,6.420963073299748025e-01,-2.799935167836046901e+00,4.092871163316871286e-01,-3.625081998180132992e-01,-3.680614968505159457e+00,8.927154191124810900e-01,-5.644574278471936601e-01,-4.738895980413637687e-02,-1.557479177184701857e-01,2.511789497423605244e+00,1.984956303054257853e+00,6.244968876960139692e-01,-3.057222707573024945e+00,4.985332212519930639e-01,3.516743672257710784e+00,1.068343331765773785e+00,-1.497738818303618435e+00,9.752484518210318143e-01,-1.280714330600859041e+00,-2.863346026686231394e+00,6.986510724289867191e-01,8.983180050433010599e-01,3.961740781745303419e+00,-4.227186958910369996e-01,2.265716859879964407e+00,2.671402810084819723e+00,3.251723901907618064e+00,1.478115191071199375e+00,-8.663823265239094518e-01,-7.401901830851247421e-01,9.508599785142139993e-01,-3.951965696127729188e+00,1.020260306775955916e+00,1.951569101516045013e+00,-1.906191988304740015e+00,-2.925528575311159063e+00,-1.044904323079765440e+00,5.176792801815282008e-01,-3.889710842473228958e+00,-3.855805248019167131e+00,-1.502719414806188647e+00,2.863937791376477637e+00,-1.105759551639872829e+00,2.635961993706886108e+00,1.879101832152526352e+00,3.709530954834056260e+00,4.942335405188484354e-01,1.402129364330089834e+00,4.718252250365826406e-01,3.029173873298185882e+00,-1.094071192830472272e+00,-2.724239275987292430e+00,-6.553980074177002679e-01,-1.649264164135559430e+00,7.681816909000912519e-01,-3.800660823485417783e-01,-1.239740475915622753e+00,-1.338442446247358752e+00,-1.323363619919570411e+00,-1.767093538956083121e+00,1.927454673948663100e-01,1.560204324379750318e+00,1.151896039864093169e-01
2.557406807858777942e+00,-2.316612180364792106e-01,-1.505703872760739248e+00,-1.176983950840465809e+00,-7.327557767808380307e-01,-1.384964934833971650e+00,1.253437653771645177e+00,-2.035038170537982527e+00,-9.504585569205301621e-01,-1.037062681671905739e+00,3.827589721779995902e+00,9.102947362038795731e-01,-3.055926815916055750e-01,-1.038371545420059272e-01,-1.073836907785272965e+00,3.186702388514873086e+00,2.338782890952895599e+00,-1.908576604681242239e+00,2.441411715542729510e+00,-9.892723168236965403e-01,-1.851369528825131505e+00,2.565948259709695201e+00,-1.426416151118124587e+00,3.410091877248544900e+00,-1.102161866410813706e+00,1.976021892477397568e-01,2.731866702956484261e+00,2.365425169212222123e+00,1.890764512667786557e+00,-1.017237963725065031e+00,-2.822883728033885209e+00,-2.390737243002730938e+00,-2.869787389756950802e+00,-8.220250543267384469e-01,3.326354400800800026e-01,-1.803532986567909058e+00,-9.417968970350887314e-01,-9.112591831430165712e-01,6.688181356902613839e-01,-3.578990796810002095e+00,-3.398101675583522496e+00,5.269520702618515351e-01,1.569334791993498790e+00,-2.243743358200322557e+00,2.720524898676648817e+00,1.630955169132791038e+00,9.977236154668631674e-01,-8.911211040061040034e-04,1.535997040544191172e+00,-4.753935144928282952e-01,3.929276505643031658e+00,-9.715136744718166906e-02,-4.751463796066592415e+00,1.781292895344472882e-01,6.008889229239253726e-01,2.276254126473794770e+00,-2.425365095275076044e+00,-4.433611526525763624e-01,-2.217377675668923409e+00,-2.150758929793874508e+00,-1.492982973462894547e+00,1.225921337669430455e+00,1.231217888458262966e+00,-2.639311347011426001e+00
-1.048721569868694692e+00,-1.766075715112436662e+00,-1.645676334091081383e+00,2.224312173775424561e-01,-7.137969137253150631e-01,-1.640174776814803614e+00,-1.081686739602515157e+00,-3.332623743268349870e+00,3.089573717286838495e+00,-2.096863599527468036e+00,7.898665299985554444e-01,4.132365069346678466e-01,1.981979245536390710e+00,-2.974647301888752704e+00,-8.362076112012070128e-01,1.743786195471800804e+00,9.809711239482755696e-01,-2.097804955033309326e+00,2.935216230043922181e+00,-2.137348932233729126e+00,-1.795039085634949183e+00,-9.002863842794599503e-01,5.807541487072276354e-01,4.801450989428156291e+00,1.217723322060691338e+00,1.088653045736163172e+00,1.904576330213089808e+00,2.960221025348999557e+00,3.764232070029931876e+00,4.487807267780326015e-01,-4.775065251202823546e+00,4.042293354454324916e-01,-2.622965808372279994e+00,4.798601638802761915e-01,2.024153111342581468e+00,-2.805071880470382695e+00,5.560952804582911524e-01,-2.165867069211815821e+00,4.750488675123037408e-01,-2.065807994114768231e+00,-3.438944600400640539e+00,-1.497041686656904069e+00,3.340046334458577348e+00,-1.762920782654544105e+00,2.385188020023066624e+00,-4.938390964701835362e-01,4.097617672082018103e+00,-1.157580181980141454e+00,4.196634432667536885e+00,-3.843932655486207994e-01,3.849637060104165176e+00,-1.414407516055820047e-01,-4.306454383554159548e+00,9.175180162360085934e-02,-2.140625880549964943e+00,3.355745905606494439e+00,-1.324995545788857809e+00,4.458422857225445846e-01,-2.939454665050498683e+00,-6.555714025576959703e-01,-8.897578129979797357e-01,1.796423192007378322e+00,1.632308225030938420e+00,-1.434996629764053955e+00
-6.531986242784124652e-01,-7.925326217424126796e-01,-2.495571299331342807e-01,-4.818419352092286889e-01,-7.200964142045890304e-01,-1.530231572539711093e+00,3.679074747910901166e+00,-2.322760153968831176e+00,-2.837659196111060877e-01,-5.307585169862192309e-01,3.054423850354629266e+00,2.186358030508023464e+00,-2.173900081099002790e+00,-1.389274608563824787e+00,1.036924902285710104e+00,2.879897114376338330e+00,2.230852148681354841e-01,-2.105304401721892926e+00,3.468242586569263430e+00,-2.259333449754824752e+00,-1.875310339400641180e+00,1.101980447275738628e+00,-1.385816343631455672e+00,9.373388801362905198e-01,1.344294436569781759e-01,2.006443226866715612e+00,1.416339358648958768e+00,1.194899536345169100e+00,3.010658843051808198e+00,5.482875859026206111e-01,-1.662978828937315523e+00,6.128581837514524011e-04,-3.203169608574861549e+00,-2.793104865490587674e-01,-7.821279690446487631e-01,-2.238714293485338125e+00,-2.099761619105831034e-01,-1.855858560649129796e+00,5.997441751228536067e-01,-3.934306229799708898e-01,-1.699757215548120870e+00,-2.137085538707512722e+00,2.935745882695418807e+00,-2.848119752296978113e+00,1.216054139774093157e+00,-1.890076525705917110e-01,3.705935361818545104e+00,6.648777358566198004e-01,1.682344764545829818e+00,-9.148430008511291289e-01,-1.003490371660573643e-01,-2.358011706227586934e+00,-2.117352732071115184e+00,-1.007134410192096929e+00,-1.805557919637448272e+00,3.119459219403045713e-01,-3.134075587811162134e+00,-3.799858220364191741e-01,-1.798041283779510779e+00,6.210565358626660704e-01,-6.800332745751487273e-01,1.573359678968288877e+00,2.998147509325026938e+00,-1.967859355296517121e+00
-1.490309654554042185e+00,-1.617424648118558572e+00,-8.846963917417386414e-01,1.308646957822232615e+00,-2.083139933859800674e+00,-1.750957085526112067e+00,8.377834258404706080e-01,-1.913147205152705421e+00,1.004476187829581812e+00,-3.331513368710514289e+00,3.484025667233687340e+00,1.366678516789188613e+00,-1.639035770076318288e+00,-9.787416022929822379e-01,-2.119072380988591853e+00,9.299316024956958415e-01,1.159650042181445295e+00,-4.553242328653167803e+00,2.007786657058236557e+00,-3.639865356881331060e+00,-2.861691169582115002e+00,2.321726756344295595e+00,-1.890245803070132347e+00,1.022272923218562335e+00,-2.185820009384147333e+00,9.057657415359223751e-01,3.065177395665735993e+00,1.736283988468342310e+00,4.928032001547892893e-01,1.486079345815979613e-01,-2.228608523639671546e+00,-4.335458929185367349e-01,-4.348403046791723625e+00,-6.970443661231406907e-01,-8.666375868954041550e-01,-2.854284746627972158e+00,-1.124494205349367171e+00,-2.454669926477048847e+00,2.645581347751839729e+00,-2.133455357830163823e+00,-2.308238852634429961e-01,-2.997541010277577911e+00,1.672722541489053638e+00,-1.542852872237004513e+00,2.642225935064423936e+00,-2.005201162980941865e-01,4.272544332904182340e-02,-1.069030851149986583e-01,3.317120289608674888e+00,4.721137934978918427e-01,4.836881632254451446e+00,4.526676425136659798e-01,-3.895366971469987671e+00,-1.182458232933775832e+00,-2.731791275097604110e+00,5.686575538795310969e-01,-1.725905050869705137e+00,-1.274028752972685918e+00,-3.472489889747529368e+00,-9.119052972534970047e-01,-1.337966619102986865e+00,2.557831496254623804e+00,2.263712321169513153e+00,-1.513781657942081971e+00
-8.954724867702397173e-01,5.378009925088333976e-01,-2.674372747072250256e+00,-7.027176704540649688e-02,-2.686014478780288428e+00,-7.737688688523139957e-01,-1.112632484221667273e-01,-1.455705903822771541e+00,-9.139690897684269455e-01,1.124191099210648304e+00,9.855906286637514668e-01,1.159628400860118536e+00,2.705193695942332832e-01,-1.367102153372428130e+00,3.076218589803259018e-01,2.383635933318726252e+00,1.745445436638974446e+00,-2.561483526444167325e+00,3.489495982840088661e+00,9.751822670622798395e-01,-1.764126522630666827e+00,1.004516783448244688e+00,-1.645004094050173116e+00,2.135998484311319778e+00,-1.997485032786403325e+00,1.088132223188813974e+00,1.766553407085196925e+00,3.519680139994833201e+00,3.971012698751100523e+00,7.282981020024288377e-01,-1.611423124966962384e+00,3.381104336118425646e-01,-2.938428282929193891e+00,2.345014474354434331e-02,7.496656859807804274e-01,-1.035184300165060467e+00,9.544693819600180706e-01,-9.441011190016208587e-01,2.893286596695455515e+00,-1.495051967136010518e+00,-2.339087120352301596e+00,-2.428806592624781491e+00,1.479003168688177050e+00,9.433108130423539794e-01,2.465175628479456815e+00,3.243064080763352064e-01,7.840310683454743135e-01,-1.733511853376868528e+00,1.067374976421022303e+00,1.434337285367112691e-01,2.795807541997918477e+00,7.217932579299708440e-01,-3.500484999981528400e+00,1.697487860955619876e+00,-2.431449850500437826e+00,6.401618047666901568e-01,-2.703150857553045405e+00,-1.063052887460307350e+00,-4.305996004118215481e+00,-4.562134099465781079e-01,-2.398588119071277891e+00,-7.240284653507287338e-01,2.357985178569354190e+00,-2.822001129134479758e+00
-3.992076877392607415e-01,-2.211059674373454520e+00,-3.369282964010364090e+00,-2.876527851434370397e+00,-6.108137694317337107e-01,-1.009025050901500187e+00,2.840645511458555372e+00,-3.197220816507244656e-01,-1.313397804823267956e+00,-8.041525342983687485e-01,1.652115838958873928e+00,1.118813729187511097e+00,-1.060022536156131512e+00,6.444284443286369957e-01,-6.588440989698880479e-01,3.311889797802743729e+00,8.513343579995638066e-01,-3.210067361436279576e+00,3.368439042846849141e+00,-1.249617059642621708e+00,-1.346783604649428590e+00,7.911072670017021968e-01,-3.592415494542107623e+00,2.463492496193718573e+00,-5.878817866749321830e-01,1.974351662760916781e+00,1.938310507093673696e+00,2.531361218242442312e+00,2.626741628542808016e+00,2.884127210520188722e-01,-1.467563273665762003e+00,-1.067167971696458828e-02,-3.749752346989370988e+00,-1.456966669813254622e+00,6.366362588512732845e-01,-2.394276701445910316e+00,-9.210034572755373405e-01,-2.162426955222250591e+00,1.321543051310859918e+00,-9.299880648542449002e-01,-3.188290411288869475e+00,-4.355734181033299457e-01,4.407059410367926588e+00,-2.363282505725989413e+00,4.412532258049969514e+00,1.624303107477157893e+00,1.220912747480505933e+00,4.694136578820868322e-01,6.364493249088052362e-01,-1.437818382399816519e+00,2.498781851805491172e+00,-1.717010461000850974e+00,-3.951427921706350599e+00,-1.046953416555691296e+00,-9.632988908195524447e-01,1.341368184270762764e+00,-2.896555153060839327e+00,7.334616129282007790e-01,-3.125455792053287496e+00,-2.543132268202218382e-01,-1.969426986901263721e+00,3.839399774127898013e+00,2.097353690978752461e+00,-2.015867940681465242e+00
-4.108413997030552212e-01,-1.622134282947476969e+00,-1.234774679432166566e+00,-6.448517310386931989e-01,-2.097870154699261747e+00,-1.974929298970442559e-01,1.512296772499839737e+00,-1.383218523305362879e-02,-7.761483933132198310e-01,-4.457907898476708430e-01,1.084037897906085846e+00,1.333918545088512042e+00,-3.896026039072390118e-02,3.533614789410635115e-01,-2.580553242287670912e+00,7.990227155914843005e-01,2.526358091156432728e+00,-3.035118959841041519e+00,1.900988577574963312e+00,-1.650227498510727253e+00,-2.203401396791782929e+00,2.217561983875245168e+00,-1.755897217103027819e+00,9.939582203028267671e-01,2.462564380582659140e+00,1.799931065089694471e+00,1.676722879976509262e+00,3.290045276832379351e+00,1.051791734875173967e+00,-6.858747697160855195e-01,-2.522996704422357794e+00,-2.454672855398731812e+00,-3.102917141787498334e+00,1.178473457351944864e+00,-2.070454515823579866e-01,-1.452643771402841733e-01,-1.375160761593341718e-01,-1.207155380451881754e+00,-6.440007837325243401e-01,-1.995574603074538267e+00,-3.625457498606488471e+00,-2.062664501644031478e+00,1.618605323460088119e+00,-2.745252942072679669e+00,1.391282917979204559e+00,5.495858723591906525e-01,3.806573797005842419e+00,3.453464152294190570e-01,2.546270011648794629e+00,8.168154270591507782e-01,3.218364929473987335e+00,-5.976749292077552234e-01,-3.634362696604633403e+00,1.044968894600801113e+00,-2.236936910650177524e+00,1.332226480153764880e+00,-1.046156190384393003e+00,1.848416067142835573e+00,-1.854356827372216410e+00,-9.090738353592654475e-01,-1.131065213403718017e+00,1.771434650958292334e-01,2.884883179400951292e+00,-4.245724328597320962e+00
-8.728782105579662165e-01,-2.684093985993832199e+00,-1.828156910861020723e+00,-1.294069916188737013e+00,-1.356906920162384678e+00,-1.030567006092447002e+00,2.799132393756402326e+00,-1.955757794156393059e+00,-4.461594456087111249e-01,4.116186847444072150e-01,7.215423559408611354e-01,8.707557813466374474e-01,1.602065791291528152e+00,6.192096544996634755e-01,2.023889181667213322e-01,1.639480762534712976e+00,-1.602759074028734965e+00,-1.201122322675962861e+00,3.528695249486309748e+00,-3.431675765998823291e+00,-3.924552849743265348e+00,3.185718932523660119e+00,-1.815889931158197523e+00,2.114797497454207864e+00,-7.520815570170629183e-01,-1.695678941057937372e+00,2.853831655172763604e+00,4.299719561850148253e+00,3.918545881332140990e+00,-1.957093099648679946e+00,-1.757396657554597397e+00,-6.865299478961566226e-01,-3.326495526159030991e+00,-7.098284799247106536e-02,-9.129536065407093393e-01,1.854503881574964375e+00,1.669036841351947409e-01,-1.414427884538946856e+00,-2.051431130835508210e-01,-2.741348017689924532e+00,-2.578010699124863248e+00,-2.399145213590223147e+00,3.491118462358654639e+00,-3.088516238043305329e+00,2.324220278034744958e+00,5.055627511308826705e-01,1.650261659297441730e+00,9.413318130000918327e-01,8.659292123629547255e-01,-1.238036316123314329e-01,2.168103591844793065e+00,1.776014624091855953e+00,-3.599773543094592299e+00,-1.215270091247098394e+00,4.044962607056297177e-01,5.710412504393842514e-01,-2.445023996141234779e+00,-2.329038003288181446e+00,-2.304276180135111041e+00,-7.211396291093372657e-01,-1.421069293025335245e+00,3.053640151677330383e-01,2.898627712382412902e+00,-2.543984539016939550e+00
1.788852160407925052e+00,-3.615782318978344012e+00,-1.366683528113281643e+00,-1.158858666607770260e+00,-1.853557689700064515e+00,-1.205193154716486470e+00,8.990788432905147953e-01,-3.290750966658424481e+00,7.147045960899893746e-01,-5.478980366548729108e-01,1.168478971340869421e+00,1.951444970678148483e+00,1.341728029738050720e-01,1.285753646411126327e-01,-8.946798717950745772e-01,-7.614181622999955934e-01,7.114075876109487995e-01,-2.087965326515483611e+00,4.488418420572926948e+00,-4.072440821162065738e+00,-1.884818052997955018e+00,8.450463481082620687e-01,-4.604190316224017199e-01,3.568467138673430128e+00,-2.176778852434172684e+00,1.292317529795755870e+00,3.163281474620065925e+00,3.819648160990988472e+00,1.131152066223834574e+00,1.087594395898422883e+00,-2.767373819847088745e-01,-2.220444777289247273e+00,-3.316716996552531160e+00,-2.035645573071763081e+00,-7.332424712438208037e-01,-1.656204859851306166e+00,1.275599588603481660e+00,-1.007638510963789535e+00,1.279026625324583666e+00,-2.365655880056068305e+00,-2.473413117894008195e+00,-2.631112675387668354e+00,-1.825516026241656764e+00,-1.477894309371306392e+00,1.801130559587764690e+00,-6.291221221989502510e-01,1.525503581103103246e+00,3.429702701933569076e-01,1.501680356712016717e+00,-5.668434245217862655e-02,4.479812478021479194e+00,-2.313106906249742245e+00,-1.811270075418364822e+00,6.018923313726853852e-01,-1.148379445364788864e+00,-3.027844398837087336e-01,-3.456208969005400977e-01,-6.103288316917295786e-01,-3.410918968609048640e+00,3.141783970698714956e-01,-9.320371189998871708e-01,7.748663072647146155e-01,1.856552122422968409e+00,-4.983478357418886340e+00
4.601843947788403222e-01,1.161281736505860307e+00,-1.070716733144560839e+00,-7.970800942511302445e-02,-3.795121407762626076e-01,-1.278750074637406087e+00,2.768127666367535822e-01,-3.483525615075745652e+00,-3.119769564184172728e-01,-1.582212570758130044e+00,1.743140145913715244e+00,-2.437653295064083903e-01,-5.107830374430746834e-02,1.399977941367208434e+00,-1.162802051355458666e+00,9.107631312150455960e-01,2.430363304384985046e+00,-1.681833716353878572e+00,3.280264015114974452e+00,-1.579368370583629666e+00,-3.250526265813920013e+00,9.678936753573642582e-01,6.566888777750998774e-01,2.612775764748320295e+00,-1.852766071761692501e+00,2.158106175041692332e+00,3.749970633082465810e+00,2.489563311942764035e+00,2.127095739121028117e+00,-6.203066528478324848e-01,-2.419600791795480710e+00,-4.057310648440186185e+00,-3.724557512547006066e+00,-1.334521129618733815e+00,1.311526462186962672e+00,-9.260324948679256041e-01,-1.947524778000182311e+00,-1.832289666138556372e+00,-9.744474388323665082e-02,-2.335156693133434214e+00,-3.017288343701043818e+00,-2.423882492621341811e+00,3.718349587219901053e+00,-3.628084673010076422e+00,2.524987416105112459e+00,2.404592668026601376e-01,5.077828630416000522e+00,2.157258664201464615e+00,4.843561020141054385e+00,-1.432841868336498514e-01,5.442260318724250645e+00,-8.138180955164928676e-01,-3.182201187823648247e+00,-2.219376849192404855e+00,-3.546009586828822169e+00,2.074541027918594072e+00,-1.421608669981259121e+00,-9.580813879951418643e-01,-3.118150509051598185e+00,-5.924433224775605966e-01,-2.583391683691189655e+00,1.166687105074408315e+00,1.454545328544683880e+00,-2.128071601376521294e+00
-1.185688804697472287e+00,-1.399288719417463245e+00,-2.291253691709647988e+00,5.656920238446880855e-01,-1.025923163796465643e+00,-1.758075305711140679e+00,1.903741695231662368e+00,-3.280103691499110852e+00,-6.147396874710282511e-01,3.941284437972376598e-01,2.433966349091086556e+00,1.185244573731216722e-01,-1.295005360267236005e+00,-6.496233018980381857e-01,-1.181599029935204825e+00,7.796451598385395476e-01,2.959063107841102713e+00,-3.157041553588639360e+00,1.383803531173119161e+00,-1.675242828517298221e+00,-2.540056125457434533e+00,2.352911088455055477e+00,-1.861643339817125486e+00,3.407972402043031757e+00,-8.423725000680862829e-01,7.485367292442466347e-01,5.011097143353047123e+00,1.709854015186355491e+00,2.247550969459224390e+00,-3.575958989857104253e-01,-1.512038211110237285e+00,-1.099285961264138578e+00,-3.207118982863011780e+00,-3.625488869172120432e-01,1.547906418377994253e+00,-2.220762193044101274e+00,1.391332230992147201e-01,-1.530491583756330209e+00,-3.150365844388074432e-01,-1.392356698504368717e+00,-4.407805947530876622e+00,-2.189093864571834303e+00,2.740579752983336004e+00,-1.952605612721932227e+00,1.524739952950384669e+00,2.364505758618220543e-01,2.214483643166296201e+00,-3.670104508542917920e-01,1.793707408203805365e+00,4.654641330646427377e-01,2.525275067488487402e+00,-1.029921741101516908e+00,-2.089758928228406809e+00,1.559391443414309464e+00,-1.192167811082973206e+00,-2.732028940078805590e-01,-2.669746129664838818e+00,3.104873664499840924e-01,-3.348705258935651408e+00,1.101481805860049512e-02,3.875726181665384296e-02,1.477366535423807470e+00,2.165012193230389848e+00,6.221364626493506300e-01
-1.196683165153732187e+00,-1.659389894583567227e-01,-3.716902711467237275e+00,-1.358857319758297821e+00,-2.403845782474174797e+00,-7.594733184886082178e-02,6.089958832767431440e-01,-3.321608880578658773e+00,1.011606327149622953e+00,-1.823143752136236584e+00,3.911834028849289435e+00,-3.770865217507748390e-01,-1.634831300935515319e-01,-6.158911137016048754e-01,-2.080832962457781488e+00,3.378006422527429553e+00,5.236719365305742002e-01,-3.576712601940803538e+00,3.816302691267744240e+00,-3.290975182780603081e+00,-2.841869682029429800e+00,1.008544956998735920e+00,9.374398295434307471e-01,3.708014141625294080e+00,-5.137598361905924005e-01,1.028485154302644755e+00,2.647972013666195501e+00,1.242765737030406825e+00,3.749369731144027718e-01,1.118228572371066099e-01,2.199307218730994773e-01,-1.268759334428599450e+00,-5.271159222043618975e+00,-1.606524446805150053e+00,4.171501568445223906e-01,-2.874780965042248226e+00,-3.627147721003067371e+00,-1.222682660987928216e-02,5.309860724976604995e-01,-3.929163785480010329e+00,-3.895751871179750303e+00,-2.640198514807583052e+00,2.611403289341166722e+00,-3.443766850768054333e+00,2.589317352528966332e+00,-9.429601438044754591e-01,2.818149224656380625e+00,9.481342440748696809e-01,2.909595946653300569e+00,1.866906006866165257e-01,1.895327090406501824e+00,-3.781038157192127547e-01,-3.151865969741504792e+00,-1.255451730891862239e+00,-1.076392518416405375e+00,2.231354051232278035e+00,-1.916408136066095835e+00,-1.053876297889452252e-01,-4.355272660035247156e+00,-5.864595310819167295e-01,-3.744439169385037625e-01,2.009547419171780369e+00,4.746198964120291741e-01,-1.408120118758737771e-01
1.659477319695202846e-01,-1.264095453935559110e+00,-1.868093313465016392e+00,-9.253576381924186744e-01,-2.238726617891082071e+00,-2.370557903134850264e+00,1.899585792826023800e+00,-3.587012695501831772e+00,-1.096192058002384728e+00,-6.991227024009608604e-01,1.575151540230679270e+00,1.859871484741098202e+00,-8.518253690578290183e-01,1.876580407658263283e+00,2.957023517574524085e-01,3.840587094242694732e+00,7.211764901870886257e-01,-2.382519837238520566e+00,3.227863704435845360e+00,-1.029272518694095417e-01,-1.076888070152149712e+00,1.124205753211225289e+00,-1.281768074988133499e+00,3.330427021249870112e+00,-3.198111859065723817e+00,4.110780391195787420e-01,4.243785079870897370e+00,1.129715038441216901e+00,2.341685833657735749e+00,-2.332717213462657480e+00,-3.694867777941239773e-01,5.638779853460000879e-01,-2.555399334954040924e+00,-5.358301970580897633e-02,5.775494989953675606e-01,-1.057685239420242063e+00,2.321700065331280260e+00,-2.947202191369346913e+00,7.116666821687764877e-01,-1.739587209569052995e+00,-3.304399235465786511e+00,-2.939159784816180565e+00,3.061138677557971643e+00,-9.398919764969160262e-01,1.837499512897353249e+00,8.748955760114225377e-01,4.051980313772622466e+00,1.551408681898498454e-01,3.923627239931449129e+00,-2.141537661508427171e+00,3.829930236402666388e+00,-2.309196519378743151e+00,-2.479068494310743720e+00,-3.113441880740956957e-01,-1.147741004647594654e+00,2.834205609001521076e-01,-3.570376093901724612e+00,2.187138717603950067e+00,-3.353386800059289463e+00,6.218392650442110536e-01,-1.487431246571948584e+00,2.103379243740753690e+00,2.128455672798251541e+00,-2.718647908734610930e+00
1.334934810361237290e+00,7.868634657487385553e-01,8.036537773843910326e-01,-1.562354410628267631e+00,-9.019769093440944685e-01,-6.139291928596333214e-01,-7.711650274441486097e-01,-8.209658020410364188e-01,1.138094959491377178e+00,-1.169085858426688551e+00,3.461939921571499212e+00,-5.629536599103424077e-01,4.809845245610382403e-01,-1.190934944282020513e+00,-6.002909526339631485e-01,-9.707440434781227090e-01,1.522380343209964293e+00,-2.168557155267698100e+00,2.612810880672655323e+00,-1.469059398176829179e+00,-3.282842408254880162e+00,-7.680978148856865140e-01,-2.206261276750298705e+00,2.163086345848882264e+00,-9.789357430866110210e-01,6.385877380503529599e-01,4.973443101618259199e+00,3.400111502793189189e+00,1.748529684801638506e+00,1.761076758400061948e-01,-1.034417913151238544e+00,-1.150308490762637303e+00,-2.184147283449914934e+00,4.327998592653677923e-01,-4.026099800353470926e-01,-8.282030815872021279e-02,-3.347742141952016470e-01,-2.368729728339014518e+00,2.973747015139228012e+00,-4.016091978726791467e+00,-4.239530738090642181e+00,-8.823942200395173963e-01,2.634274173812292563e+00,-2.943665500564000226e+00,2.903297605063145603e+00,1.103847171786981995e+00,2.334436369742293849e+00,-1.727338310553714784e+00,1.315962267170706745e+00,2.818826075471604353e-01,3.386307524189489104e+00,-1.364458304802376620e+00,-2.446767465330018876e+00,8.929317623200894172e-02,-2.367106461087566061e+00,-3.719693487326509729e-01,-2.357189126319680028e+00,-1.344439165109100776e+00,-1.989351443290842569e+00,-8.903705852556945688e-01,-3.178816167524211700e+00,2.818293090354631936e+00,3.210021419609991433e+00,-1.878124517872059362e+00
-1.755954483594652116e+00,-9.321502267275060261e-01,-1.113120191813854687e+00,1.242325339514470439e+00,-1.854957339322727217e+00,-2.711812221467403639e+00,1.434700212832270561e+00,-2.218631804986167300e+00,-4.640755709879691437e-01,-1.149704570614166865e+00,4.979836858908747388e+00,-9.702473513984744002e-01,8.324675116837987332e-01,-2.518599535364277830e+00,-4.997237699579112902e-01,-4.134483858163482406e-01,2.851831407318608846e+00,-5.920824187050492959e-01,4.013309669222413945e+00,-2.838035110251975190e+00,-3.908906479595374073e+00,1.062424478405119999e+00,-1.985029909755351207e+00,1.461281217869749405e+00,-1.630059993107064287e+00,3.168231699761891562e+00,2.431798345657631089e+00,2.585191338856620558e+00,1.495880675559864814e+00,-3.257142472384519927e-01,-1.933250920735678058e+00,-1.514331809390780936e+00,-4.262145141010339700e+00,-1.535381972223816227e+00,6.872141591172981068e-01,-2.937926207914387078e+00,-9.516871151894394920e-01,-1.693558577794792352e+00,-5.236425418247949715e-01,-1.846317914592683351e+00,-2.746517065611676411e+00,-2.599877408492752284e+00,2.511477235580961143e-01,-1.314862539158305310e+00,4.398375221826129611e+00,2.102747363170471395e+00,3.229339330010216003e+00,-2.192184835722937208e+00,1.862942694713746183e+00,-3.424837499134676944e-01,3.243390172626151813e+00,-1.674597921680452961e+00,-2.508880342256881502e+00,-5.349579611910675325e-01,-1.844660278124079067e+00,4.896670676377554154e-01,-1.409508935452622236e+00,1.658036051369793373e+00,-3.549765038897336744e+00,-1.130066010348259153e+00,-2.421210117213829172e+00,1.047553051429304993e+00,2.599213728653873900e+00,-2.181891465382663320e+00
1.138684231683434467e+00,-5.215413265660826525e-01,-1.890017735315659975e+00,1.431874419487239702e+00,-1.549570762959452619e+00,-2.452442966814786240e-01,2.698208392283642176e+00,-1.102083001378252991e+00,3.121336677365308621e+00,2.934220662455658823e-01,1.295066663048303424e+00,4.136781418754084783e+00,5.429610992933433522e-01,-7.636123380140170669e-01,-2.828473449605711565e+00,2.479174874132116457e+00,1.876839082185120855e+00,-2.385688037601521039e+00,3.147601645251326463e+00,-1.624976592304973932e+00,-2.672624388720041821e+00,1.968382759698325213e+00,9.934901682655787880e-01,2.677510156315643819e+00,-7.667393230965552364e-01,9.079175952074375333e-01,3.570932392348457274e+00,2.449905510098919326e+00,2.124364018062825377e+00,8.803599970059364788e-01,-2.927395285974038863e+00,-1.799147450133557591e+00,-3.153665952184827148e+00,-1.659777992727004658e+00,1.924687418892359059e+00,-1.300173163829303258e+00,-2.968796449454844111e-01,1.257086224681724484e+00,-1.339630017149104457e+00,-3.991497223672626049e+00,-2.886369303330601266e+00,-6.904977463811379224e-01,2.221522421528902669e+00,-1.603518694838970582e+00,2.594842039306730630e+00,7.900104958763953800e-01,2.312917217458799524e+00,6.891532748891252558e-01,3.727858559391672877e+00,-4.026456499534424305e-01,4.395494587826398458e+00,-1.572133020876302911e+00,-3.920096628273710415e+00,5.167263137477151602e-02,-1.487812702673801724e+00,-1.547621012910533889e+00,-1.421456051823153377e-01,-1.422407774413964265e+00,-2.672026030055336232e+00,9.964087231116096621e-01,-6.681043298755655613e-01,1.840893779578144152e+00,1.526740897148089582e+00,-8.645322033598796807e-01
-1.213449150824211342e+00,-2.472503259223458372e+00,-1.841894576746462731e+00,-1.613630168411344545e+00,-2.125546709372594822e+00,-7.152713170308373503e-01,1.577159099637634565e+00,-1.835468152118606033e+00,-2.058221475260905819e+00,4.921866831391821240e-01,2.983541720927732399e+00,1.523400663276580413e+00,4.192972810991397736e-01,6.530846033228110414e-02,2.325178889042944785e-02,2.127372334193307957e+00,2.859323899151341664e+00,-1.699380650757783329e+00,2.437457518599488004e+00,-1.626589252912966854e+00,-4.711441199880102459e+00,1.873374809150338383e+00,-5.000109271519790344e-01,3.247261604231059806e+00,2.340413584426681570e-02,3.457618568182431185e-01,3.445866248303636858e+00,3.329648727541076880e+00,2.585681908904014836e+00,-1.220438470845427670e+00,-1.856490764680439387e+00,-1.426041761958173781e+00,-2.985632377281203453e+00,-2.142069559302992587e-01,1.090829744233096754e+00,-8.163927451074904917e-01,-1.060562072136107981e+00,-3.621727010116112311e+00,1.042761736941787643e+00,-2.452424146946030170e+00,-4.877253069998184642e+00,-1.708150243884652530e+00,3.062889260056854912e+00,-3.178239661104607983e+00,2.291287941537819339e+00,-8.189505717920488870e-01,4.741156862837967445e+00,1.219563871115193487e+00,3.986472553304018174e+00,3.868415576336747819e-02,4.425368583244402743e+00,-1.719171349377853986e+00,-3.537055766919362743e+00,-8.609759602700556291e-01,-2.187384979329287660e+00,-2.589390729401805924e-01,-9.311851732869821374e-01,-3.308141111503386522e+00,-2.992996318448359894e-01,-7.862202766040848889e-01,-7.476678668329470590e-01,1.195761335464037289e+00,2.552204797063636565e+00,-1.195962226322772270e+00
-1.106304863608424394e-01,3.625431842729507359e-01,-2.834867656397238811e+00,-1.605729850074933518e+00,-2.902152966184285088e+00,-9.843048938346499188e-01,5.357039789193862589e-02,-5.387278086749805794e+00,5.247205296250304629e-01,-1.423243751122822420e+00,8.000859211976156793e-01,1.930539885939836831e+00,-1.095608842851285347e+00,-2.304918616910460294e+00,-2.517427982045122192e+00,-1.314406958143015114e-01,2.316215021099149673e+00,1.250587955772293869e+00,4.973848645314755679e+00,-1.436638575224167713e+00,-1.418439502949396136e+00,7.373424469699513262e-01,1.188928351152787055e-01,1.979409801332734586e+00,-1.834893149577887739e+00,1.354775257353687090e+00,2.939081213340807075e+00,2.462487068028624826e+00,3.950889818189294189e+00,7.902768621757249035e-01,2.177170342276897319e-01,-6.667192826053349730e-01,-2.517264995206639711e+00,-1.591336782435285313e+00,6.713803061246205184e-01,-1.232986342709444516e+00,-3.517998703970184771e+00,-7.542532340225258647e-01,-4.658353767075507079e-02,-4.394870251853764120e-01,-3.849242361818537184e+00,-2.548883175512750565e+00,5.864308059507068460e-01,-5.551696412777906708e-01,3.992316410135853033e+00,1.284147628609985770e+00,3.164270574994547669e+00,-1.024422406278052033e+00,2.423130021899613240e+00,-5.003834785152223574e-01,3.975100371478990535e+00,-8.251558285072444487e-01,-3.912998322118317773e+00,-2.703353392656179466e+00,-2.113350543838752316e+00,2.270218686089286564e+00,-2.898681401896217480e+00,-1.440117844210891729e+00,-1.561745400745690127e+00,-3.094051954304394281e-01,-3.577629713992818150e+00,2.242244613375536932e+00,1.406099401838992069e+00,-1.091409337829289061e+00
-9.159478219953236522e-01,-8.380654361508699246e-03,-3.490603727058922523e+00,-9.313765175534061136e-01,-1.096708341349555749e+00,-1.573018609984323524e+00,2.473953680627378304e+00,-3.160271772614274166e+00,-1.188474932164222952e-01,-4.807326821306351916e-01,2.079447478077124600e+00,5.935870084206893438e-01,4.760463629724510648e-01,-1.306317458499864692e+00,-6.004033050461690113e-01,2.894451184525144605e+00,1.983864434843952473e+00,-2.035556749037774171e+00,2.996551743437372295e+00,-3.382533537167409676e+00,-1.332043079089060278e+00,1.789406169849198980e+00,-1.369733907432737485e+00,2.615822660988750048e+00,-8.703391075789075337e-01,1.971856793964689825e+00,3.032426864622990159e+00,2.540228956716968245e+00,3.909643533467191290e+00,1.612807839292346390e+00,-1.304575886574140586e+00,-2.437527520620998089e+00,-3.111364572741426748e+00,-9.038329744310689140e-01,1.467130292476187536e+00,-2.194085827296317071e+00,-7.645289062747573361e-01,-1.868645178145666330e+00,-3.645717339225451603e-01,-1.762769610196003756e+00,-3.067681885027564448e+00,-2.393702382668196904e+00,2.629933500652194223e+00,-3.332232310446894274e+00,3.160510079465726818e+00,-6.292423626823050453e-01,4.857895858163292502e+00,-1.452281415990590352e+00,1.765952384572247347e+00,3.553360737465613983e-01,1.957222118503183061e+00,-3.036344605655723505e+00,-2.547128546454794140e+00,-2.478176712940931559e-01,-2.180647877721071382e+00,1.583792365252009393e+00,-3.733771871107746776e+00,-6.076932434802583272e-01,-2.755580407502198348e+00,-4.809457305074649192e-02,-3.275249841250468252e-01,2.149578597644896227e+00,1.862581147946099414e+00,-2.983225799993500793e+00
-1.406383339951950529e+00,8.038485589465040881e-01,-1.516304367789744534e+00,-1.469001760786747157e+00,-3.998013933629009031e+00,-1.780752998643791774e+00,2.468700623620193380e+00,-2.369775557960844381e+00,2.954855944136131729e+00,2.683542709933234294e-01,4.392817459276366243e+00,2.838993466371861896e+00,-1.630661042807474814e+00,4.876945649439001773e-01,1.297628550548316273e+00,-4.622601510414265924e-01,1.581328400701020875e-02,-2.235330059628918065e+00,2.275322081488403203e+00,-2.541896664678907847e+00,-2.549109502882308753e+00,2.485072909173350109e+00,-1.949605579506479280e+00,2.874404042592948461e+00,-1.989303500075971787e+00,1.159290644319531216e+00,4.597507989599213474e+00,3.479155348773717016e+00,1.222526660353470129e+00,5.120267853839446381e-01,1.615293007506069856e+00,-8.750134936081035431e-01,-4.475755257210642490e+00,-1.643974864354050602e+00,6.203729290453705580e-01,-1.711932846642444161e+00,5.522707862284029767e-01,-3.401248141883905340e+00,4.987889704101076127e-01,-3.132863215213481656e-01,-3.762363737643264372e+00,-2.116593388839776768e+00,2.219400236878928290e+00,-1.972555662957227840e+00,3.275100366835308030e+00,1.141337258504136198e-01,2.579828552942781794e+00,-8.657974772546782605e-01,2.522583522262844102e+00,1.116960333382798876e+00,5.661736675846649192e+00,-1.379670847109623733e+00,-3.038213049653407882e+00,1.581038637406765979e+00,-1.485292977957783478e+00,1.506767510408594468e+00,-1.542716180571708007e+00,2.276061582843842412e-01,-2.234613677698466638e+00,-1.301405684102735494e-01,-6.684275025349657451e-01,2.219034585901094481e+00,1.609239335334370580e+00,-2.004557779027952957e+00
-1.310778855215671834e-01,-1.455375490321380916e+00,-1.016226196614438138e+00,-1.725546378651908519e+00,-3.695113787105830383e+00,1.468722589252680066e-01,2.749436920489800151e+00,-4.145656798396997189e-01,1.546405683788102836e+00,-7.865182000237614934e-01,2.542007721230198580e+00,5.861298868739810430e-01,7.392456459512182221e-01,-9.738923032251215472e-01,-3.097455690053650734e+00,1.517739953320156987e+00,1.840816163746332945e+00,-2.682415430520763255e+00,5.001304755169861949e+00,-2.006530931747972257e+00,-3.980468650050447810e+00,-3.007203063823440381e-01,-1.842800953274205344e+00,4.983274596512384136e+00,-1.711122471390348121e+00,1.761662791487206503e+00,3.979521327568351641e+00,2.767044978370233999e+00,1.863949940925902826e+00,2.905713978494997018e-01,-1.405966511399026952e+00,-6.062035522941625620e-01,-4.091696876390203741e+00,-4.795055796865133613e-01,3.811712555315898698e-01,-2.663883941551522749e+00,1.377281595481257281e-01,-1.322125494385123945e+00,5.418481700675394919e-01,-2.189376314813606506e+00,-1.354854707862981567e+00,-4.010496359992328230e+00,4.340406605501525128e+00,-2.452839568763216072e+00,1.951367636106901449e+00,6.347474639014394349e-01,3.605899387254074995e+00,-1.190698047435193030e-02,4.747873829537283541e+00,-3.017144237160094722e+00,2.310354030553054994e+00,-6.450834682333488335e-01,-3.982081762401994851e+00,-1.805669305081441189e+00,-6.321878853817226585e-01,1.345779555569210695e+00,-3.284365742869427951e+00,1.943514449193097793e-01,-3.328952711775681195e+00,6.416293235527392724e-01,-2.410966673427715090e+00,-4.353493926313038997e-01,8.524304434229392768e-01,-8.078534623843662832e-01
1.740168177525268423e+00,1.402545952551281783e-02,-2.284164422195024802e+00,-3.087249861142365992e-01,-1.185018136804275590e+00,5.149987588480622325e-01,6.884435236901365052e-01,-1.888201046525356475e+00,2.409802951766926604e+00,-1.375767572571057418e+00,3.403035511323516893e+00,-2.923338404520614553e-01,-1.445154837969367723e+00,-8.230764214733229389e-01,-1.027194220803179459e+00,1.494774014824362673e+00,4.073538778457084231e-01,-2.601942088920401019e+00,1.510014844108899412e+00,-1.462219517938298186e+00,-5.239775901908982902e+00,2.289404994755535938e+00,-1.527570136790149746e+00,1.581627742097042155e+00,6.691546749678594086e-01,1.241538087909265453e+00,3.909674489254841845e+00,5.154937291599635429e+00,1.484814998347088189e+00,2.619952831717541120e+00,1.302047374973795968e-01,2.701092503688415913e-01,-4.673089668301925848e+00,-1.012352998927516623e+00,9.196982519420382474e-01,-2.140938452128088088e+00,6.017644526304152253e-01,-1.203361350140650821e+00,1.510068454545468120e+00,-9.936277048592834227e-01,-1.311388875540629106e+00,-2.477847088512785234e+00,3.620244416188155512e+00,-3.300937601083024919e+00,2.506440611752210668e+00,-8.395750768567705746e-02,3.544778895792055184e+00,-1.379751481618237685e+00,2.465470602489435503e+00,1.316510007747370148e-01,3.996930998085773457e+00,9.149499539099203993e-01,-3.067895549972878833e+00,-2.659376585653246750e+00,-1.039055084594584732e+00,6.373830645243742099e-01,-3.586380755843902257e+00,-7.700316269565758986e-01,-1.792624699381583087e+00,-1.477940147823034955e+00,9.765408480550163972e-01,2.355792426852426846e+00,3.524593560435795858e+00,-2.660329382123264530e+00
-4.879560300578096865e-01,-1.982535572827259784e-01,-2.850232611707349761e+00,-9.866407891630084581e-01,-1.593063458579834668e+00,-2.040934022159824890e-01,4.103295844276244608e-01,-9.865342123329250423e-01,1.367313647537206744e+00,-2.954071931215542790e-01,2.054146394057525526e+00,2.005376715223147421e+00,9.880075538374204491e-01,1.715339755416525058e-01,-1.298101927162404357e+00,2.072905793649121087e+00,1.624773057082639749e+00,-3.784226532242655594e+00,3.966096047569348748e+00,-3.305566625920469903e+00,-4.341197859841133599e+00,1.167937291277516554e+00,7.547156675790431812e-01,2.023421318888143361e+00,9.121522399025003836e-01,2.273358601615118602e-01,3.226170474401997446e+00,9.143879536687768983e-01,3.606108162322123611e+00,6.383135054469051273e-01,-2.002209022071745004e+00,-1.879685546169641785e+00,-2.032709875380285247e+00,-2.724573963152713940e+00,1.528428750912025347e+00,-1.833329887349839593e+00,-9.031612075987192068e-01,-1.530399305693349810e+00,4.147771141851732679e+00,-1.123410328383789292e-01,-4.634515105732814888e+00,-6.632160834962543827e-01,3.686299766647779474e+00,-3.262799066993957720e-01,1.329706995372684775e+00,-7.685555981881186938e-01,2.371349701666761067e+00,4.567444676474426979e-01,2.031442197499887747e+00,-7.696470686604505174e-01,3.096206378372162504e+00,7.848703400094299010e-01,-4.109679593684997911e+00,-4.554441718443200671e-01,-9.944535955750520850e-01,1.019089079914921925e+00,-1.659884554557063074e+00,-1.227297109345938608e+00,-2.612123328952358658e+00,-8.748973708683063233e-01,-1.740031629802189173e+00,-3.534967152596202311e-02,3.126892717548514611e+00,-5.206920616254044898e-01
1.443184135724513428e-01,-7.645786440921696903e-01,-2.039294454478806973e+00,-2.499006638411261250e+00,-7.406288011777020230e-01,-1.564600552600407868e+00,3.118534900395775189e+00,-1.898011529223189608e+00,1.466665855573039412e-01,3.560540357176502635e-01,4.398773093836327419e+00,2.219356583798758553e+00,-1.642729693340002184e+00,-3.124644934091606263e+00,-1.663111008037849725e-01,2.879798606231254166e+00,5.563538696153822460e-01,-1.960912611604597400e+00,2.224138228958020491e+00,-1.075417062127107748e+00,-8.701063751085647002e-01,2.130272545935202322e-01,-3.452772449561543056e+00,3.303073092032311031e+00,-6.829647148631690090e-01,2.402975769707112796e+00,4.027322963927746358e+00,3.459236240088655379e+00,3.513005020436906989e+00,-7.250811719525456223e-01,-1.598594856547957743e+00,-2.669976346525028355e+00,-3.540351486764080846e+00,4.667454085143655229e-01,1.682384774229516822e+00,-1.802474001796110059e+00,-3.702102924665742201e-01,-7.818935327061593554e-02,-1.465143491824125732e-01,-2.324173727112440968e+00,-1.086402007623410881e+00,7.706981486174337981e-01,2.713664275578053342e+00,-3.804164835594257887e+00,9.333491966343789858e-01,-5.510836321000228688e-02,3.630217230174676679e+00,-1.054128604523477009e+00,1.576843722534675640e+00,-2.115152506975928492e+00,3.482778400189025181e+00,-2.055072171369178413e+00,-2.917181325693594562e+00,-2.511192610182774398e+00,-1.595431270994078998e+00,1.410960131985449895e+00,-9.862127272014269419e-01,-1.375592114946921907e-01,1.953301436306529304e-01,7.578612428544073687e-03,-2.747669088199704568e-01,-1.015890915033093478e+00,3.040555317448156991e+00,-1.872833292765785362e+00
1.700825990582465197e-01,-2.117520388079940918e-01,-2.503753834529956812e+00,-7.636382452870590365e-01,-1.155691009007278502e+00,-9.234192496294592045e-01,1.191065397565749917e+00,-1.082065966287856451e+00,1.244822846483827572e+00,-3.346760026357280537e+00,1.277417382720683836e+00,2.011136344067496307e+00,-5.710122678052281103e-02,-9.233044502380797214e-01,-2.464734113648593627e+00,1.209358419273836471e+00,1.372101208923540927e+00,-5.338192384668882795e-01,4.369169477144363434e+00,-2.460148724619140914e+00,-2.597490775072391678e+00,2.234768314617481266e-01,-3.286015241662316289e+00,4.377967344946694261e+00,-2.022935698180608366e+00,9.844021803811598970e-01,3.173328985705773153e+00,2.025995401774788540e+00,3.485590522277866921e+00,-1.141139673301360125e-01,2.669862469907124947e-01,-1.320159164311423883e+00,-4.542670850744119804e+00,-3.942581222837083121e+00,-7.017031689159887176e-01,-1.886162902485662318e+00,-9.729940298576702506e-01,-7.261796853225759296e-01,2.923135075247546011e-01,-2.381932244313202052e+00,-3.731020935044602194e+00,-2.262768782670474099e+00,1.226742005235666344e+00,-3.447922678496353477e+00,3.469560969956511087e+00,-1.575660647934236103e-01,3.794208896139942055e+00,8.396946955449792194e-01,3.433851044428319899e-01,8.417378764062939389e-01,2.855602349846688259e+00,-1.660263973762165612e+00,-4.211464795317150234e+00,-1.270261440161244426e-01,-5.845797270787085331e-01,-8.664853463277688572e-01,-2.019084186722698515e+00,-7.213060288325194858e-01,-3.549502816212986911e+00,-6.750097878468301893e-01,1.668288058942828389e-01,2.278172938050301521e+00,1.634246600466122690e+00,-4.237269867292040360e+00
-5.192094025912160626e-01,3.124599595714072642e-02,-3.082452724951575185e+00,-2.119186850728243421e+00,-1.730742813343969733e+00,-7.888733162025987067e-01,-6.874847620242929835e-03,-2.507794390677528629e+00,9.514450721048950399e-01,-7.829853676493879755e-01,2.300784405536946409e+00,1.275939159739549522e+00,-4.041770435520720683e-01,-1.629786858364436153e+00,3.526926440264075424e-01,5.734832550375054128e-01,1.578277307775083571e+00,-2.552317039475756388e+00,2.008186076044752078e+00,-1.872828141864033347e+00,-3.764693568392068812e+00,1.305893925683482282e+00,9.092100861667580247e-01,1.757255751802734522e+00,-1.712810492085470759e+00,-4.566544636108968991e-01,2.512871604804733039e+00,4.164156260734690918e+00,2.388877568414013108e+00,1.052537028794005847e-01,-2.663150381267299416e+00,-1.038967018717843027e+00,-3.803584385802750489e+00,1.032629568868928427e+00,1.484626237023245476e+00,-5.099483083488853818e-01,2.498134652169068382e-01,-2.685859504059910918e+00,1.689355789953099762e+00,-5.513311033781820303e-01,-3.704935468043008662e+00,-1.420002301221434227e+00,1.873376899181655508e+00,-1.926494553565234469e+00,3.106885627053300514e+00,2.572945888658069724e-01,4.345071311018633864e+00,2.070584641897025513e+00,1.860568940105090441e+00,-4.148513387235059358e-01,3.848695396739773678e+00,9.521461941162625564e-01,-2.983373746381098535e+00,-1.025341418714050379e+00,-1.561977694985613230e+00,9.545844830627348010e-02,2.028942833391571554e-01,-1.202381794407592963e+00,-1.941387828295902285e+00,8.872040878018585541e-01,-1.311318598637718491e+00,1.316608764424899602e+00,1.257253873874185857e+00,-2.033499436743886335e+00
-6.626221714187108258e-02,-6.580273047760784033e-01,6.092468113165840915e-01,-2.988153858533152185e+00,-2.306957463373910944e+00,-6.267387395689701934e-01,5.470264155219852764e-01,-2.042088128830082727e+00,8.533516143689250377e-01,-1.838738480867689429e+00,3.057637508594869047e+00,2.582367983093366348e+00,2.104168081194455753e-01,-8.703251981328523623e-01,2.218200278992394914e-01,7.961602435869533645e-01,1.623049381584689588e+00,-1.597185011102483898e+00,8.141225815815262834e-01,-9.294905161917977887e-01,-2.061218056027495749e+00,2.699523924270255115e+00,-6.612947263960674560e-01,1.727495104276481452e+00,-8.510631824398603440e-01,2.586329546713385774e+00,5.443946812652923128e+00,2.996165451714229100e+00,3.510895704927211369e+00,1.973717145287056107e-01,6.647962145229997510e-01,-2.125262871122447716e+00,-3.934797020073776963e+00,-6.335965308623763281e-01,5.984565172766262986e-01,4.134354952972190134e-01,-9.343001386501640360e-01,-1.396209388726465717e+00,2.008804085425888619e+00,-3.046169869138872777e+00,-4.083864345237963711e+00,-2.414281401156983975e+00,1.582445305398609614e+00,-2.865973158503282381e+00,1.077814928418655338e+00,5.632167433649908350e-01,2.589577579096303594e+00,9.970091903423113910e-01,1.326185051380675439e+00,-1.083059413279945371e+00,1.123809576067285931e+00,-1.670968857411380126e+00,-3.172629621302820890e+00,-1.332669137282965766e-01,-2.366582695964421390e+00,8.042868595105535645e-01,-1.982395155282355326e+00,-2.874957733221823908e+00,-1.842038076981651562e+00,2.401667042969759525e-01,-1.775729793785215893e+00,1.243847481976557257e+00,1.050385756060514320e+00,-1.666240905377994075e+00
-9.610887032250585715e-01,1.168381523779830067e-01,-3.263877735244798295e+00,-1.929685651032729155e+00,-3.329264669382654418e+00,-2.641500134763268282e+00,-8.652986871986350081e-01,-2.116908620283720399e+00,1.453296995447266982e+00,-1.474617878755753342e+00,2.065974772455074326e+00,2.020304782502580387e+00,-9.453972951880995623e-02,-1.117167878731650799e+00,-2.243507197122823094e+00,7.495520530067426579e-01,8.386959015219823677e-01,-2.765456201852551477e+00,3.441764804409018552e+00,-2.426153160466691272e+00,-2.844383595603342751e+00,2.612321308163245703e+00,-9.747319628446912132e-01,1.173514497977026894e+00,-6.606913066734937390e-01,2.206928311258623765e+00,3.848007647631102035e+00,3.590449264741786717e+00,6.477906664273951343e-01,1.446885375011378150e+00,-1.059540067334853175e+00,-2.703389511243081245e+00,-1.781070602181044071e+00,-2.025842267723228507e-01,3.049726771982588236e-01,-1.405382303173871916e+00,5.109940728514682506e-01,-1.754810901420385871e+00,1.232939120214231910e+00,6.078206402300363465e-01,-3.236642453950048015e+00,-2.126159331875202785e+00,7.076446137850966878e-01,-1.523286990130658269e+00,5.418025861640123342e-01,7.073001604602482395e-01,3.521693714430341959e+00,-1.007975027251939881e+00,4.549601995219867412e-01,-1.223575656725825134e+00,3.540240019335107569e+00,-7.939568726567622914e-01,-3.721120477372419799e+00,4.562826333133862544e-01,-2.255957603013364121e+00,-1.783096560589009894e+00,-3.620268683788547381e+00,-1.702566840614663013e+00,-1.296389931646470206e+00,1.858907727055474357e-01,-3.672030074087831997e-01,1.457177465395725680e+00,4.347263049160713599e+00,-2.167934015467075870e+00
1.472850854802809639e-02,5.587353306086044746e-01,-8.485070267619941875e-01,5.078833945881942036e-01,-2.106741405726985761e+00,-9.094921314526356326e-01,5.918621690319476603e-01,-2.152862146156120815e+00,-1.112546496901332116e-01,-2.587913696545746101e-01,1.824439122569241789e+00,2.929923880824594207e+00,7.265173788001036970e-01,-9.652470688158028000e-01,-2.013227923368454242e+00,2.984309741822089634e+00,1.018754338046172325e+00,-2.131016210000836963e+00,3.184188658633872571e+00,5.971352341480560266e-01,-3.662466053884103623e+00,1.199032665172794943e+00,-7.103810575598702437e-01,4.363763608912300640e+00,-6.068720209642260999e-01,1.581393223416289295e+00,4.693597123110198943e+00,2.319546134387571179e+00,2.222441530499681406e-01,-6.125940200100297162e-01,-1.138686474291859874e+00,-1.509384263336459142e+00,-4.111259581390610762e+00,2.697281645294477670e+00,2.736225524110675433e+00,-2.062341228176631791e+00,-1.395076863398222455e+00,-1.362954434641895363e+00,1.693870273895778489e+00,-4.410945279853651257e+00,-1.006328710062565523e+00,-3.620114929961986583e+00,1.359743714328962128e+00,-1.592763402850836396e+00,2.076280686049662538e+00,2.175218677988958405e+00,3.645313618106406306e+00,4.064304434899345120e-01,1.657378350001965650e-01,-1.864096742513607685e+00,3.567582693445135344e+00,2.379668706595254868e-01,-3.912252906249687801e+00,-2.543622333817995074e+00,-2.151057256935481554e+00,-6.061452056899576668e-01,-4.184676485662703449e+00,-8.311211864356353729e-01,-3.280780356240619255e+00,-2.468317552190419040e+00,-7.554481903513489138e-01,3.579728103539806305e+00,2.147176119988298382e+00,-2.049887147758409078e+00
7.965287017403952508e-01,-3.044999080762354482e-01,-1.385028800146710815e+00,5.730624337593199780e-01,-2.082314825071580611e+00,-1.599732603103229511e+00,9.656702666581257199e-01,3.498800832364379332e-01,1.036918701762829631e+00,-1.695456784573047493e+00,9.479518457251387975e-01,3.150869939408084797e+00,-2.454076324838916801e+00,4.908359899777732238e-01,-1.249571003360801180e+00,3.243650008521357098e-01,1.320584078833278552e+00,-3.069076921050686302e+00,3.198944722335274715e+00,-1.254320755874091420e+00,-3.370266893780527795e+00,3.683338127291761133e+00,-8.374501811373862292e-01,2.500624435878551211e-01,-6.522437985972564523e-01,2.048022987112251059e+00,2.710870071273216109e+00,1.605527167910077768e+00,1.691676668159539210e+00,1.137080166735191078e+00,-1.848474095622404167e+00,-4.853773120568878330e-01,-4.194425196814252743e+00,-1.434364799260276602e+00,2.321825424971979412e-01,-2.191915991645578821e+00,1.816263771785208148e-01,-1.445111968820635084e+00,2.140168495961322082e-01,-3.110061309376302763e+00,-2.678888876770510574e+00,-2.250732000045607695e-01,2.204247348877632628e+00,-4.001619614170834005e+00,1.026246510460104844e+00,-4.306747579808817283e-02,2.118285263210225811e+00,-1.790918113766998054e+00,1.500148557606821198e+00,-1.672786933592900205e-01,5.800149665867669668e+00,-1.968785932859660415e+00,-3.314073150967266734e+00,-1.949493689993951451e+00,4.362401056527973608e-01,7.693551319208766781e-01,-8.919686934785642229e-02,-1.887597999598902287e+00,-3.616126919367999015e+00,-1.384406228480924650e+00,-1.968975386073176237e-01,-6.496350917899480493e-01,1.938556628926549452e+00,-1.699881101351563784e+00
-5.365000632609924214e-01,9.342152400524399436e-01,-1.090047135977090242e-01,-4.824704043417380461e-01,-1.541378832330838389e+00,-1.915147918487500434e+00,1.914396983089980075e+00,-1.661757367078927405e+00,2.360588270556376322e+00,4.658910041360695420e-01,1.012706415830724405e+00,1.653408930579161051e+00,-1.415687595602269422e+00,-1.466350082325764026e+00,8.277946027455618250e-01,3.586043197146798533e+00,9.881273216787396230e-01,-1.726159278025829025e+00,1.967939132330347674e+00,-1.816490617541877128e+00,-2.607572656528879929e+00,2.776042102688869306e+00,-1.217377981619316429e+00,2.507031858536758584e+00,-1.790671243275305358e+00,-3.229233511839662008e-01,2.538909062536533590e+00,2.678298590392422796e+00,3.809805622952692428e+00,-6.323639820085147356e-01,6.739666124328491659e-01,1.119891785831252040e+00,-2.719037140734259062e+00,-8.577964644216862222e-01,8.004928133180342353e-01,-1.290405644596750445e+00,4.265385309262924585e-01,-1.644109287280184795e+00,1.341224273090962260e+00,-2.838854851515643318e+00,-3.620382987794383389e+00,-3.265495163725560701e+00,1.959295179076571802e+00,-2.069057097179126892e+00,2.553583474549129484e+00,7.125905284206578427e-01,2.132155907526095184e+00,-1.292345038705437599e+00,3.778285175687070563e+00,5.471847283767267145e-01,2.795923297496011095e+00,-1.309943817894782869e+00,-3.010091627869991182e+00,-4.034673892875180745e-01,-2.908080502544132528e+00,8.752423032662829394e-01,-1.435221576920616693e+00,4.839751764497439712e-01,-3.190413853557580559e+00,-1.173535347463233514e+00,6.676913568004609889e-01,1.304291482315499628e+00,1.580641759216316444e+00,-8.936692045016640940e-01
-1.297531846940944256e+00,-9.815461178166091649e-01,-8.334377093014038174e-01,-4.630660691588273092e-01,-1.429005826532389056e+00,-1.615351498607648706e+00,1.290284535990148695e+00,-1.490944728485478876e+00,3.977064760420856437e-01,-2.723726882708055741e-01,2.799728013754357647e+00,3.069283635999346060e+00,-1.700136399978987856e-01,-7.407990474796666280e-01,-1.334609226151870942e+00,7.529096412173910124e-01,2.119697201205311021e+00,-2.158538645076755635e+00,3.776844941129341215e+00,-2.618628724862082979e+00,-3.325098589682069949e+00,2.127062922231514719e+00,-3.246346608705339865e+00,1.933505379859324913e+00,-1.483543214216064499e+00,6.803826642041587158e-01,4.225211155494137394e+00,3.893500348746909090e+00,3.197549959836548439e+00,1.367324376254109630e+00,-2.697081993974827174e+00,-9.729020454089303271e-01,-2.587169587021592942e+00,-2.094326875603982785e+00,1.790356671607917560e+00,-2.042525648558540574e+00,4.033654047383443686e-01,-4.450049365464168183e-01,7.722031175077832543e-01,-1.994088552303309614e+00,-3.434487387093711153e+00,-1.036348956073788408e+00,3.042340299082274324e+00,-6.785242769842991795e-01,2.947496890573292561e+00,-9.446209527811424422e-01,3.224760568870275179e+00,-1.026906069450041370e+00,-8.255961344613109709e-01,-8.766554817321652315e-01,3.346757344042807780e+00,-1.973568324617157144e+00,-3.994487390582916575e+00,-1.665521778659040386e+00,-1.190452065508942781e+00,1.817095831763133162e+00,-5.003427505689576726e+00,-1.944980136142474558e+00,-5.236546267959869549e-01,-1.601033912425291028e+00,7.136875210895949895e-01,4.352311541742473366e+00,1.981152835026197989e+00,-2.879428722985249323e+00
1.181389741372220303e+00,-2.109655045659613481e+00,-1.727644126886605846e+00,-7.721385592393945618e-01,-4.588793989891878367e-01,-3.633412045069159824e-01,6.468110006967856540e-01,-2.878439813423247173e+00,1.104980970215008851e+00,-1.495466293835729932e-01,3.826158422940527437e+00,1.151838872214112408e+00,-3.300654459669556395e+00,-1.266444527195720315e+00,-4.977708245113762753e-01,5.540711653091614508e-01,2.607405311005113191e+00,-2.136055478570263233e+00,2.551158184209471713e+00,-2.253437122888207966e+00,-2.551964354817926939e+00,1.390452880136302749e+00,4.789365540541599131e-01,3.516073591200031601e+00,-6.147856492463494860e-01,2.354628899944396281e+00,3.567353239986753355e+00,1.862093821312189812e+00,5.380627439758915997e-01,-6.453652688306176222e-01,-1.956646082854519575e+00,-9.789809281384511674e-01,-4.493931925139936112e+00,1.044528855367635289e+00,5.843242157822319260e-01,4.986159945686075012e-02,-1.004285559147543250e+00,-2.337095982036818675e+00,1.591849032433763078e-01,-2.128863530784375513e+00,-3.484015581713350684e+00,-3.833708642990026672e+00,2.198075111864953524e+00,-9.392936225696740804e-01,1.494769252141996851e+00,-1.154235044734797100e-02,1.016826806915394066e+00,-1.218512926816481157e+00,1.609330357372680265e+00,-6.111145956939509349e-02,4.828285591830896450e+00,-1.149270879991529437e+00,-5.681282296109550600e+00,-5.828099903157786255e-01,-9.388984603327683587e-01,-7.005374209218675485e-01,-1.160918573509700069e+00,-1.326861619356618061e+00,-4.186378628293867976e+00,4.408093451633421367e-02,-9.711867853193878464e-02,3.566669871671729108e+00,3.160815076431420678e+00,-3.142504869995224936e+00
4.261986097726964129e-01,-6.416836383652124720e-02,-1.288382084355065516e+00,-1.948126689766419339e+00,-1.614690164052864807e+00,-2.881901357420627363e+00,2.484952776736458979e+00,-7.849887953171856836e-01,1.714704171590553106e-01,-2.986409035301678672e-01,1.680291176396308650e+00,1.400741731116564859e+00,-2.038831426875792552e+00,-1.091343643471983871e+00,-1.082995978288490591e+00,-1.230812987418881566e+00,9.135443558263637298e-01,-2.847791331430321371e+00,8.651951199633467482e-01,-1.480821020103569197e+00,-2.546513980341670980e+00,8.426643081028200033e-01,-1.034160739666035500e+00,1.570350673247954632e+00,-1.350163477469847439e+00,1.095835809786380288e+00,4.697498710011648981e+00,2.965616839583858688e+00,5.524292866188869944e+00,6.045853241447152193e-01,-6.050192831388377934e-01,-2.120750617049864672e+00,-2.915403768610131507e+00,-9.032729178353711141e-01,7.012563336812585035e-01,-6.807674039666997690e-01,-1.687975269983952753e+00,-1.225568688236566395e+00,3.564358511737501622e+00,-1.234264003676827759e+00,-3.898156727179728609e+00,-2.828980883669611757e+00,2.158743384391567766e+00,-8.800189965357136934e-01,3.398049195963200653e+00,7.074911496290439139e-01,2.748709076309018062e+00,2.061044778534762756e+00,3.325768887730202295e+00,-5.175240509374225972e-01,3.246528399295881329e+00,-1.070111335677851105e+00,-2.827312002118243406e+00,-1.960711410354283313e+00,-1.120020853950704609e+00,-1.266158510348197375e+00,-3.950854533110629507e+00,-2.618443232937106013e-01,-4.501613949187889041e+00,-2.131683045360682982e+00,-2.759722974168675513e+00,1.623709280205442029e+00,2.769096904993871178e+00,-1.562205547844552012e+00
-3.988416213693973811e-02,-1.429040106778489694e+00,-2.250951262331072567e+00,5.189889891975221214e-01,-1.840537983890245588e+00,7.010811071203704170e-01,5.892333577516235543e-01,-2.473018865735783223e+00,-8.012083846737796389e-01,1.510734524423985592e-01,8.556285708675084312e-01,1.863625135812315481e+00,-1.003966237667638373e+00,1.779577978533884774e+00,-4.019374077856516791e+00,2.189006487366198073e+00,-1.318445290278657200e+00,-1.245798359384274079e+00,2.480863594573365027e+00,-1.541224175423047571e+00,4.329687662193766329e-01,3.035263875984366866e+00,-1.057525981686231464e+00,8.585778464404854038e-01,-5.317532748079607519e-01,-1.631428528521267296e+00,2.860052742137810355e+00,3.193449500686210474e+00,2.957700549957705149e+00,-2.289286351703709421e+00,-1.432905723917608398e+00,-1.244376965018292536e+00,-3.435440852727465355e+00,2.451412473478497001e-01,9.802482884927357087e-01,-2.537667292680355846e+00,6.835072094819477639e-02,-1.752850057447944643e+00,-1.566106711674897234e-01,-2.203132848132963950e+00,-2.705196465712465859e+00,-2.071255496021204401e+00,2.488182254429520235e+00,-1.258970203365673779e+00,2.325472616343100540e+00,-1.285676616543682815e-01,3.798253288087868995e+00,8.808843695138821595e-01,1.616710774133597539e+00,-2.863268238690582224e-01,3.185356396291380676e+00,-2.300302359575398192e+00,-2.641943278444029541e+00,-6.040160953707165437e-01,-3.649670292118596393e-01,6.158304607990605639e-03,-2.076518403867415596e+00,1.738431224628024907e+00,-2.457489406590137815e+00,-3.178671913042326880e-01,1.583728245488912556e+00,1.862294023330442805e+00,2.734724750883732014e+00,-9.172131219246861811e-01
-1.830725584892674451e+00,-1.117650797431944731e+00,-2.743846351578264731e+00,-8.918613884171051609e-01,-3.922929629413065555e-01,-1.899122367638184095e-01,1.528402584120278407e+00,-2.524046906934299450e+00,3.006899609391395778e+00,5.754778869485637216e-01,4.012341751961308489e+00,4.007962825963032216e+00,-1.449082387874601308e+00,-7.093285550343657597e-01,-1.421879828276194857e+00,1.087188636393155772e+00,2.610205467100475296e+00,-2.324402860824084538e+00,3.375367328216728247e+00,1.069944010059471484e-01,-1.114641949849475955e+00,3.876610930318225012e-01,-3.268592548719583935e+00,3.605363661305226675e+00,-2.241734638881931030e+00,4.623972653944986577e-01,1.037708882867165006e+00,3.803132292950292204e+00,4.565869368152505992e+00,-1.126409918063072002e+00,-2.682492499151681642e+00,1.439580483125815213e-01,-3.004214549847690652e+00,-1.117165172195449641e+00,2.081177976324287693e-01,-1.874967115861333911e+00,-2.768188919535354287e-01,-6.121977570947567671e-01,4.786986042898141447e-01,-6.622049989820206761e-01,-2.868292125666231929e+00,-3.863275087142274522e+00,2.684135545722928562e+00,-1.777471419172371503e+00,2.474200507319272990e+00,-6.596506498900944759e-02,3.888432648471353836e+00,-9.529028447259846324e-02,2.259965467896872582e+00,-1.428591259069387220e-01,3.884028278827933445e+00,-1.187668117764494546e+00,-1.911893728520779989e+00,-6.913311257286415268e-01,-1.970542020943755190e-01,1.347930058761997785e+00,-8.657852116696160838e-01,-2.002948204176061786e+00,-2.332646942848515703e+00,-1.519978890792180071e+00,5.561939393722907798e-01,7.493410906180035802e-01,3.291796906617779239e+00,-3.314261747916505740e+00
-1.200740213419243307e+00,4.221266661564646583e-01,-4.069915752432617939e-01,-2.447184276853131113e+00,-2.822197166526390966e+00,-2.076848796249818996e+00,3.356329409349942505e+00,-1.241551269027838522e+00,1.184547039402162882e+00,9.994856314344269244e-03,3.206921201520612108e+00,1.509819483291210851e+00,6.316464255348278600e-01,-8.913336439814960599e-01,-1.333060232960353142e+00,2.522864627097287205e+00,2.710597707545510104e+00,-1.438194750237395958e+00,1.442369659006490057e+00,-1.318626910241499584e+00,-3.076988494219881964e+00,2.467695395626814836e+00,-2.012537224840508898e+00,3.152740700400656237e+00,-5.797873495775629493e-02,8.321991078346713255e-01,3.358319086293755973e+00,2.135811312393976813e+00,3.645824718566973210e+00,8.427894398646892382e-01,-5.668933112781907591e-01,-1.724421968374563630e+00,-3.528589913967310032e+00,-1.123222643030639678e-01,1.023595657369815060e+00,-2.645236579215948680e+00,-1.701847522951537295e-01,-6.116035411255227316e-01,1.713324127670134978e+00,-3.465251356578971986e+00,-2.779910706506035112e+00,-2.643758521504139480e+00,1.607526298523827002e+00,-1.850586454380050982e+00,6.757969921937210245e-01,4.461180400982108774e-01,3.575751589391662932e+00,1.655956810037046090e+00,2.425490040541280923e+00,1.042090151375818730e+00,4.066631329516413373e+00,-2.406490196546201554e-01,-3.364330762061434665e+00,-1.885294123280068623e+00,-1.270687210942929024e+00,-9.304178082253435900e-01,-2.291806679206091601e+00,1.243346172970176911e+00,-1.936282996002262502e+00,4.710576127985650619e-01,8.279707689276438742e-02,8.946793015109901770e-01,4.093676096508064965e+00,-1.722444556386394154e+00
-6.992034597227165804e-01,-1.235304875580908401e+00,-1.699558612796522317e+00,-1.690292069141704490e+00,-1.057430916960064415e+00,-3.327632954451401615e-01,2.667244791808128568e+00,-3.774173007185145146e+00,8.065425164652284540e-01,1.189308294867381210e+00,1.801628031932026808e+00,1.154822390322270076e+00,5.111826143227928831e-01,-3.102464069601928998e+00,1.328851723420001019e+00,2.794047817786336374e+00,1.440158902458080759e+00,-2.165495098021155140e+00,2.234230444653912073e+00,-2.915269500529605651e+00,-8.007199735886241232e-01,-1.200924726053065328e-01,6.369483284907235809e-01,2.983019041556810969e+00,-4.946277041709692401e-01,2.677290116933427111e+00,3.666118595896743493e+00,4.881310285381911029e+00,3.502561358646609779e+00,6.311780828993838188e-01,-1.875324804776781873e+00,-3.002163050698049007e-01,-3.332098003159182920e+00,-1.142936371206167978e+00,-3.844061299848249291e-01,-2.946815170997030275e+00,5.817044061175175029e-01,-2.472762362945329695e+00,1.957090832249954948e+00,-2.456147271497898465e+00,-5.571431680974942680e+00,-2.641266272871804155e+00,2.399100878023368022e+00,-3.362966948709900095e+00,1.701511177051548085e+00,-1.983487800544788682e-01,2.047009295856110356e+00,7.348962044933112780e-01,2.604427718693465899e+00,1.102195546933136816e+00,3.948478710928730262e+00,-1.445196091455402287e+00,-3.416481871430145478e+00,2.450074542514901754e-01,-5.240490012800025355e-01,3.750045174568186757e-01,-1.902423040310354363e+00,-1.399429713322868807e+00,-1.389040571688718195e+00,-1.530685216092859680e+00,-1.938567949444124583e+00,4.235936563053424031e-01,2.680876842764609691e+00,-3.783016226125462289e+00
-5.894210136894765251e-01,-2.553183073007958548e+00,-1.869849035453099662e+00,1.284594699498857739e+00,-1.801694504660106944e+00,-7.042520161550145374e-01,2.627935920298036798e-01,-4.163024916909622064e+00,-4.069484840419703708e-01,-9.870087576523747241e-01,2.742590545714125749e+00,2.456779093623708388e+00,-5.501825744457927714e-02,2.805346073267139806e-01,-1.448352818051221513e+00,1.152886438361706789e+00,2.826739020763141319e+00,-2.102319145950899415e+00,2.445345173939188932e+00,-1.824950674978229603e-01,-1.496187354403283098e+00,6.410832457465335255e-01,-1.716639751918302315e+00,2.222859411066348212e+00,-1.371346525904854285e+00,-2.291840703104432997e-01,2.885828601147461647e+00,2.664270082706206466e+00,2.644087500380024824e+00,3.983797860456937956e-01,2.016130043687778262e-01,-1.665124431743790989e+00,-2.356436823534524549e+00,-4.908712989177077546e-01,2.988137910501944994e+00,-1.312937125521194348e+00,-2.841087760050758915e-01,-1.332692605212921766e+00,1.641186290551707616e+00,-2.081354308585611879e+00,-3.893722907585022153e+00,-3.559831849679229165e+00,7.970132942450909308e-01,-2.918352284765929117e+00,1.482531263692951295e+00,2.239550074919230305e+00,2.600328698237215352e+00,6.399336867621253644e-01,3.144825019631637186e+00,5.097531332149407568e-01,1.333396949935895748e+00,-8.996619711825933896e-01,-1.546862537637922586e+00,-4.863036609752489636e-01,-3.095068485361253785e+00,1.691746822771985181e+00,-2.532643284096561143e+00,-4.790142859441595125e-01,-1.722375124919586664e+00,-4.482998846486173639e-01,-1.579709231746589726e+00,1.883247008583107895e+00,3.487388934908754123e+00,-2.621614629590758305e+00
-4.704608927536328422e-01,2.379908356754054655e-01,-3.225347001896990307e+00,-1.278221755101146995e+00,-6.405670782750335635e-01,-1.116409082415359855e+00,2.725452073632968819e+00,-1.227572782914501781e+00,6.687702346696420275e-01,5.143099210635380114e-01,2.753298610021458259e+00,1.108143996119640207e+00,-2.655524432728851636e+00,-1.391843904899582984e+00,-1.891719045330941373e+00,4.835573986638125321e-01,2.792689725279491775e+00,-1.471900401308217754e+00,4.016544154977927938e+00,9.390284364583290078e-02,-5.570899357539373931e-01,1.927533822435441024e+00,-3.198914837150901302e+00,1.098851732490186972e+00,1.684088654852173406e+00,3.491737532625404761e+00,1.316316892288533102e+00,4.379974479566664414e+00,2.381853079164265807e+00,1.443699071409959123e+00,-5.843200085859945325e-02,4.433969097285836991e-01,-4.732216124495898235e+00,-1.296387666769146296e+00,1.418003206819375084e+00,-1.190305301811579453e+00,9.852402631277941136e-01,6.177561492206871119e-01,2.316393655509773719e+00,-2.052611838701091873e+00,-2.655513421766488413e+00,-1.774623595303870038e+00,2.349604027550260987e+00,-3.187403738246737284e+00,1.850725152489715697e+00,1.101510601816181989e+00,4.893287329942626052e-01,-5.822413272058413192e-01,2.137508623634161165e+00,-5.146718181796055447e+00,2.305030466348502394e+00,1.231711840313353346e+00,-3.233372345151680705e+00,-4.771391999323186250e-01,-1.661335763962647594e+00,-2.143070376212920625e+00,-1.708235517609549614e+00,-4.517378839529853085e-01,-3.279652635223039514e+00,9.805136157435405675e-01,-4.362072971587640513e-01,1.590006771420818810e+00,2.458333066962651969e+00,-2.870006260395993269e+00
-1.905884113970972571e+00,-1.552213937042223879e-01,-3.335231150958149815e+00,-5.191040191167407558e-01,-2.562432647150751475e+00,-1.738362548912164574e+00,2.649173792296715568e+00,-5.054968150941714367e-01,6.681119364047988229e-01,1.754572718370916995e-02,2.199334651235683502e+00,3.136746101710466306e+00,2.015744517569150407e+00,-2.714229533452167109e-01,-2.257174720864009831e+00,1.161114235455358523e+00,1.147228333860232485e+00,-1.979391292565433336e+00,2.925840195715474490e+00,-1.601638350736283689e+00,-8.367603227087794249e-01,1.022885605964298339e+00,-6.301965256329598031e-01,2.444693692184223721e+00,-3.055088383074452629e+00,2.097291462354167635e+00,3.122201156795935351e+00,2.096022098576510118e+00,1.420745190253463131e+00,2.343490367698673360e+00,-6.665083129029217845e-01,9.599713261645774764e-01,-3.432518018179363306e+00,-1.066394817630923253e+00,3.614365036554843535e-01,-3.196184878754189995e+00,-9.676599562212351291e-02,-1.358801878249311423e+00,1.614547455086921879e+00,-2.120335065664698426e+00,-3.667205906999182474e+00,-2.644056608699041799e+00,1.838800338661550793e+00,-2.259372513377670533e+00,3.364372656576550824e+00,2.301703631156299501e+00,4.410502283816200908e+00,4.119091922530789818e-01,1.167848607297806041e+00,1.649355675050367953e-03,3.004358543060183351e+00,-1.595533757247014961e+00,-2.982834499218609103e+00,-2.824503025835284342e-01,-8.209280303490746888e-01,1.068715461485549190e+00,-1.514278485423820486e+00,-5.469987161562219757e-01,-2.608300957545739429e+00,-5.387458781491275550e-01,-9.828058329929030279e-01,2.038502383076943314e-01,2.476081738451461955e+00,-2.498775561561408232e+00
3.614559955920667589e-01,-6.677019325854709475e-01,-3.235302087636669377e+00,-8.175554208933455413e-01,-1.073475721039671038e+00,-2.392791809636186429e+00,1.121042769795053129e+00,-3.055066978447774417e+00,-1.346876775313027297e-01,-9.792553681862700143e-01,1.188714904496963154e+00,2.503008354616242492e+00,-9.295497644017947092e-02,6.229887025125424582e-01,-1.466519910925532466e+00,1.074793431633793039e+00,1.075027215548295834e+00,2.836502326851635392e-01,1.274533474391279286e+00,-9.436727537258789988e-01,-1.337088931632377964e+00,4.718637361711957579e-01,-1.730111641087772822e+00,7.592017633702166091e-01,-1.658010934288757232e+00,3.851169532227147752e-01,2.992978872886407071e+00,3.618530657420310881e+00,2.990996040373242515e+00,2.430989764939204711e+00,2.126879765089617624e-01,-5.109547706328316785e-01,-4.153081497039183390e+00,-1.332074523036172131e+00,6.468905008469061357e-02,-1.750937332901759902e+00,6.591326179003565988e-01,-2.942766635150614096e+00,1.732139887137976064e+00,-1.499690329241444520e+00,-7.293390543495141820e-01,1.112939220959794362e-01,1.009780385971567496e+00,-1.300922811480132335e+00,2.712406220449222971e+00,5.874573731821680633e-02,2.177156016301931452e+00,-2.236875346037315304e-01,1.885419768935822971e+00,3.362065138410120779e-01,2.314034864683234272e+00,-1.870744153034058943e+00,-3.355310942422013110e+00,-1.077231669758505817e+00,-2.069774263438862727e-01,-1.404954599087161471e-01,-2.443704205048200517e+00,-1.569428402062655881e+00,-1.282577627256855424e+00,-1.170858999212638363e+00,-8.534333986105835379e-01,5.572955732718010147e-01,2.156109040359111884e+00,-1.237263864615143483e+00
-1.253498821330696900e-01,5.308492813549361422e-01,-9.519890085582726202e-01,-2.136732403870048369e+00,3.925652146375828710e-01,-2.058701778659406401e+00,8.235241160074335820e-01,-2.167714327144708797e+00,7.877489341615023788e-01,-1.855550655873653421e+00,2.176864410288505525e+00,-1.747595149325582575e-01,-1.318572163312858203e+00,-1.847985874252999761e-02,-2.552497809346423452e+00,-1.917150868258483687e-01,1.155670248523092969e+00,-2.254319154440393103e+00,4.055660159632699546e+00,-1.524600222254204107e+00,-2.891224925990404149e+00,6.495419704842972930e-01,-2.799092002374266031e+00,3.080119170287328956e+00,-1.728345464675230314e+00,1.019894160759726498e+00,4.624945354689701915e+00,3.589574269068056545e+00,3.814170157949525741e+00,8.215116166729308222e-01,-3.433602158020543360e+00,-1.547733993062602842e+00,-2.314274808679775752e+00,-1.407764815208274012e+00,1.107386836884630910e+00,-1.332843448436333844e-01,1.120480260074262047e+00,2.278635670441311323e-01,1.216849761419682263e+00,-3.857273729153414266e-01,-4.580572617323529272e+00,-1.871721528572383164e-01,1.739418334022227564e+00,-9.752802187129823164e-01,-9.001470858393472163e-01,1.012978428611571946e+00,2.771392373224782713e+00,1.505421583665038643e+00,2.071292500132908554e+00,-1.025443869569353961e+00,5.055521922193594087e+00,-1.198356253609567768e+00,-2.675769025140267043e+00,-2.294087782141016163e+00,-1.846470399862673917e+00,2.225474959793153129e+00,-2.190747960770111025e+00,-5.305508283219638743e-01,-5.507535299560057940e-01,-1.595475115087802820e+00,7.549891370343686514e-01,-6.747486431716063215e-01,3.615531430774041155e+00,-2.940742268543402371e+00
2.010179092416297664e-02,-1.373794212546094462e+00,-2.113920087188127184e+00,-1.819704780243181386e+00,-1.309558451604018181e+00,-4.069288316179534570e-01,6.702804217586760815e-01,-1.528759972490954633e+00,-1.185958478519286707e-01,1.515735147447653919e+00,4.253470548102545656e+00,-3.712838234389681524e-02,-1.295522321533097321e+00,-1.329547866257997368e+00,-1.144404837138949693e+00,8.430783853465176891e-01,1.047294889870945767e+00,-1.126926321373695528e+00,3.504381893419071581e+00,-3.374138954117200662e+00,-8.123806719980419810e-01,9.460509105843449840e-01,-3.411448891013440399e+00,6.569961069402694420e-01,8.706037413447311746e-01,2.343796859855959980e+00,3.415970823348486007e+00,5.001448272301064257e+00,4.480080972223090541e+00,1.171859650591912771e+00,-9.861219243790575462e-02,-4.370840643924053248e-01,-3.310308155627970983e+00,-1.067943614633446225e+00,-1.774211418347756419e-01,-1.379643080129534072e+00,-3.739494052633318133e-01,-2.553516706426789185e+00,-5.393560489678310699e-01,-2.666216278470816547e+00,-4.070767657166117992e+00,-2.938020877495469030e+00,5.408398589814376045e-01,-3.631167616554879629e+00,4.497666381446763229e-01,2.895946513128652144e-01,2.965750067778063048e+00,-1.128381829171631656e+00,1.613965426658716895e+00,-1.806878938617841601e-01,2.477246654044726437e+00,-7.765605596680200673e-01,-3.250697164135712747e+00,8.973571053665929664e-02,-1.078461198054353032e+00,-5.399842692404883682e-01,-1.922088460639463925e+00,6.916296740793663744e-01,-1.426312286561635112e+00,-7.881775731079763148e-01,5.588572327994631994e-01,3.177744845998868417e+00,3.127307010710997037e+00,-7.311197253878782831e-01
-2.356102877382938166e-01,-1.343844008458054518e+00,-4.699526721297344611e-01,-2.114675628079612402e+00,-2.065734942828977516e+00,-7.772999683133372528e-01,2.230946225775937819e+00,-2.988038046275083293e+00,1.493365351585813405e+00,5.257358858753049535e-01,2.660530272965536902e+00,3.810641397284658449e+00,2.375671764919373152e-01,-1.623746776423209415e+00,1.713485233496416793e-01,2.433825392658300224e+00,1.779450821186676857e+00,-3.615028852423868511e+00,4.269838900580545271e+00,-3.856322163657908142e-01,-3.330786012134955953e+00,1.258012978860923781e+00,-2.669600877834634733e-01,1.830653160335601548e+00,-1.764668197772355507e+00,2.260157061367046971e+00,3.943376659166452747e+00,2.248689611919806097e+00,2.524466727510264352e+00,9.540038355970275052e-01,-1.923103808094171807e+00,-1.606381040261615656e+00,-3.659669923785526358e+00,5.140566202613685576e-01,1.789759392151668127e+00,-1.069385057943394335e+00,-1.456339290374978890e-01,3.343042899683552616e-01,1.048959849217923068e-01,-2.195603256693853922e+00,-2.609360139237679732e+00,-9.521623087957933329e-01,1.646179302746707762e+00,-3.246023340792260736e+00,3.937364268256505540e+00,4.602746367146460793e-01,2.521814337122187055e+00,8.607109761420768113e-01,8.263238732527760089e-01,-6.569702099092784575e-01,4.278468368391070697e+00,2.653331493877209013e-01,-2.878389293181258690e+00,-5.536408932668164251e-01,1.376225693507100445e-01,1.831395839591976715e+00,-2.344138727496925867e+00,-6.667578623853209763e-01,-6.085396995582785795e-01,-5.312356910885911443e-01,-7.348003151001947231e-02,3.208099484360044329e+00,3.442487779591024477e+00,-3.398654925242350799e+00
-2.180972372127338299e-01,-1.360694916767291929e+00,-2.432550894281375164e+00,-2.367781366700207002e+00,-2.884356334665699961e+00,1.347723175120945083e-01,1.269266240368487342e+00,-2.312502648725316412e+00,1.035944495329773840e+00,-1.619800968557603582e+00,1.621835674996759735e+00,9.547821512274352607e-01,1.017551721468007708e-01,2.309243956704698508e-01,-2.566430361581019781e+00,1.322580522052738017e+00,4.129652188341782493e-01,-8.748102334887890574e-01,7.879884749189023374e-01,-7.215642981888530372e-01,-2.584845920543763054e+00,1.475913779663357017e-01,-8.978500057507238230e-01,1.521318845067252123e+00,-2.693677814304762386e-02,1.922849885001050696e+00,3.005643245855963208e+00,1.745841375053263533e+00,2.472359268202957594e+00,-2.748046160488584189e-01,-3.303575030292698500e+00,-1.753114064674797801e+00,-3.356073803567035441e+00,-1.402342925493164749e+00,1.548572642722301662e+00,-1.603578019956130696e+00,-5.973738412265522379e-02,-9.909276823588999417e-01,1.315832729822552061e+00,-1.745665353558779831e+00,-2.658038578413729258e+00,-3.385949349469681735e+00,2.904664429170671802e+00,-1.233829318379279449e+00,2.140022088647597798e+00,1.791192538675053791e+00,1.970216508532460331e+00,3.522663420207565732e-01,1.941166303577141150e+00,-2.624474377937719982e+00,3.366246876284671785e+00,-8.874306108940051008e-01,-1.341378285358123978e+00,-1.327946920888903426e+00,-1.713724224979902733e+00,4.598660685696206452e-01,-9.708699111070245857e-01,4.174267634273114425e-01,-2.959436010749412205e+00,-1.151704666125086263e+00,-2.543423096789687143e+00,1.440856464569313156e+00,1.204892696548221398e+00,-3.141330121838032952e+00
-9.226764612459312787e-01,5.004309579563757104e-01,-1.167616411425838718e+00,-1.764876329627155904e+00,2.285697094880563274e-01,-1.134775938075962554e-01,2.570580956818355745e+00,-1.091118944830024917e+00,1.294747067846502731e+00,2.623757806403155257e-01,3.505151509944084864e+00,5.162748897101693268e-01,-1.198349969768554457e+00,1.399718669996066200e+00,2.971270061854096589e-01,1.659456843542841176e+00,4.554805903542926693e-01,-1.641391405781500223e+00,2.096477571692920705e+00,-5.477478590030693262e-01,-2.609811624989690326e+00,6.298437048583882536e-02,-3.028991037728223645e-01,2.647720051310164635e+00,5.777672538006248804e-01,1.703275670057646796e+00,2.948398163359485125e+00,4.438942092316754184e+00,2.701794410515807598e+00,-4.213318400527313878e-01,-7.177131392664833909e-01,-1.840219734637821070e+00,-5.656023818640683487e+00,-1.877323574237317105e+00,1.806801512015341782e+00,-1.895484723926648352e+00,-9.025115339098399581e-01,-2.862520322981818133e+00,6.076316465298243763e-01,-1.438472832618327590e+00,-3.627156646705840259e+00,-4.725044736232392850e+00,4.601569315531881088e+00,-1.475273900851597597e+00,3.407944555570088685e+00,5.316761045522844231e-01,1.645716103987410195e+00,1.645132631675276791e-01,2.178803941764455576e+00,7.819621314399542999e-01,2.614745193328100736e+00,-3.880905075101898083e-01,-4.158996034682705734e+00,3.231519968797891273e-03,-2.158611556197622239e+00,-3.482406265607433937e-01,-2.223872318972895279e+00,-9.872890468943205100e-01,-3.825507282436251266e+00,1.207752550031622185e-01,-1.575901582501501696e+00,1.677662934646254156e+00,2.448143756863069953e+00,-2.693918530939553690e+00
-4.327121103413168468e-01,1.310848706184906121e+00,-1.669414513122752908e+00,-1.678105325229895861e+00,4.461975161945830326e-01,-1.137348414606030644e+00,2.158008982522678920e+00,-1.562556679393953152e+00,8.760835178131638479e-01,-1.787177147862363924e+00,4.919986865378813690e+00,1.116375667887543610e+00,-1.209958257066868770e+00,-5.871977359932020191e-01,-2.312024080253809455e+00,3.815725485501276104e+00,3.569980562757067988e-01,-3.330660346683683937e+00,1.777679655665846514e+00,-3.807653533294166337e+00,-3.838165417655117650e+00,-4.332454245217560729e-01,-7.585490278454273261e-01,1.212109519430377702e+00,-4.526806629668881365e-01,3.205174768651580131e+00,3.535294218555237844e+00,3.648755348283447830e+00,1.509168062542262323e+00,8.301147475868867476e-01,-5.945094647664224130e-01,-9.646937125679524438e-01,-4.526851274394348756e+00,-1.195177989771646798e+00,2.070003817227121345e+00,-1.774495252469267870e+00,-4.691461259313045584e-01,-1.607326740048353519e+00,1.547158999305121796e+00,-2.684691449216703774e+00,-4.494741999715898828e+00,1.035827985548229968e-01,1.712192746723674164e+00,-5.415732703784199575e-01,2.378384309069481173e+00,1.083275995736984632e+00,2.921678792885436859e+00,-2.482550246354850110e+00,2.330713638862746517e+00,8.740017345366910551e-01,1.681224931878274376e+00,-1.555574003818499751e+00,-3.769741115662043285e+00,-7.316305857922391631e-01,-7.269875146364987994e-01,1.790552562153276073e+00,-7.642834613514775111e-01,-1.482575444621712091e-01,-2.045459918593419690e+00,-2.601298916280222473e-01,-2.551051931235993830e+00,-2.713218290793848464e-01,2.144850229769009964e+00,-2.145337408878380980e+00
-4.797259577811869846e-01,-2.851658964922850537e+00,-4.917128262608687628e-01,-2.219100906161195041e+00,-2.365199443637542309e+00,-2.479279495716645076e+00,9.602842783909679714e-01,-4.825912024273496748e+00,-4.754048304363902577e-01,4.433273474522989588e-01,2.821259557667243900e+00,2.212840565894001799e+00,-8.102222221629170607e-01,2.900078777941564878e-01,-2.423138304002501187e+00,7.830818207955589916e-01,1.311484824956087980e+00,-1.360880884921588541e+00,4.963216149939295718e+00,-3.109266134463199993e-01,-2.868980149179453321e+00,1.634983524687931400e+00,1.748490726671827922e+00,4.295044793319712895e+00,-1.459040743833690090e+00,8.143826708295620609e-01,3.306614003559802395e+00,3.384993706541497005e+00,9.672070384982203173e-01,-2.434219596673916630e-01,9.989960698411448625e-01,-8.759709080691873151e-01,-3.572988821490158173e+00,-8.789532289192744097e-01,1.754737077802872580e-01,-1.149445833795104344e+00,2.445776309051248543e-01,5.185686838567786783e-01,1.399177765060246603e+00,-1.554285663363267123e+00,-2.942527055714826645e+00,-2.892677862721986237e+00,2.571006108228607534e+00,-2.576867740644801508e+00,2.662462753522233605e+00,-7.833255093408919567e-01,8.251861884894293730e-01,-1.703977526512160834e+00,3.304014591677566948e+00,-1.082019992403045361e+00,2.524723277691237833e+00,-2.047994953386242045e+00,-2.920941055771624661e+00,-2.637513277808126944e+00,9.225299199396541638e-02,1.198333437754845132e+00,-1.300539795740540017e+00,-4.415725440604587604e-01,-5.990471290894481271e-01,-1.307429613434970328e+00,-1.676621081039993078e+00,3.158663314208482120e+00,1.510492105513050021e+00,-1.103954410158305421e+00
6.894595346159948512e-01,-9.291644869317214894e-01,-1.314938258544301242e+00,-1.205943362504395822e+00,1.186459534589141551e-01,1.418646340747720114e-01,1.939336835705418594e-01,-3.408905008814274495e+00,7.244396496915578298e-02,-1.636253666342728508e+00,2.331938079155194909e+00,1.562627274065129024e+00,4.854359616892037765e-01,-1.182138029308752891e+00,-2.698125960150540958e+00,1.294058815444938393e+00,8.737629716720087814e-01,-3.618964763226629522e+00,4.211958626658899973e+00,6.482460872243274164e-01,-7.017955288497328414e-01,-1.937054816631309517e-01,-1.170675284619599799e+00,2.606229920879442385e+00,-1.037068947071801750e+00,3.672571525429795258e-01,3.711098384701527753e+00,5.347861714999510241e+00,3.919818414156400088e+00,1.283918377577968783e+00,-2.577979528912496265e-01,4.685249976834564567e-01,-1.803275107680199607e+00,2.253282937104046368e-01,2.245713604406793351e+00,-6.945851292726108461e-01,-5.956656048203556875e-03,-1.286638609757474239e+00,7.211782326044341440e-01,-1.267047056041230135e+00,-2.611884323425599064e+00,-2.685461139303765066e+00,2.605737124874445421e+00,-1.372627156746404120e+00,3.206887486058807024e+00,2.366171225059876981e+00,2.432289430060009305e+00,-6.482489021645537752e-01,1.344634643933908968e+00,-1.413019035334845297e+00,2.481654834800155918e+00,-3.335656339136683357e-03,-2.623733945057973749e+00,-2.819611360355594343e+00,-2.383466340873514611e+00,2.066035442638306741e+00,-1.078867332780072630e+00,-3.417655171950297333e-01,-3.388530823113422130e+00,-1.439403917746876260e+00,-2.472754680757310197e+00,3.489110143506009010e+00,4.503690280754813813e+00,-1.610627773985853883e+00
2.906559900596232815e-01,1.817275726188172236e-01,-7.237603550914878392e-01,-2.501454113019125902e-01,2.211472183292719773e-01,-1.151094904482236059e+00,1.860174910709942786e+00,-4.158078437985370801e-01,7.430052671324124391e-01,1.451019598354634343e+00,2.554486422992877426e+00,2.817325977413998039e+00,-1.158315702737916952e+00,-2.111451034152382888e+00,-8.443669529811039798e-01,1.668609054770501032e+00,2.171779798508186587e+00,-1.325228082409763308e+00,3.401698499613404092e+00,-4.682498818269931196e-01,-1.300098380836657075e+00,-3.111612822702429781e-01,-3.721373668983918304e+00,1.842509023826144565e+00,-3.366427953151835961e-01,1.505948599130289445e+00,3.794910156587576466e+00,2.734276976606263343e+00,1.821056585356048085e+00,8.170214361573086004e-02,4.025221689636615530e-01,-1.889130872760266255e-01,-2.986517759586039489e+00,-6.738597171992153356e-01,7.992991931950370610e-01,-1.958477943540002153e+00,1.239304095839314224e+00,-1.835386572838846320e+00,4.584916590534818814e-01,-3.904843913814885603e+00,-2.493348075112516327e+00,-1.309693630463241831e+00,3.525906507479441565e+00,-1.863572674470065360e+00,2.096711480270549099e+00,-1.830979133110966828e+00,3.662066554456361978e+00,2.831760807912659939e-01,2.262075018087327027e+00,-2.526085289386369226e+00,2.349109211307196077e+00,-1.124425875839515587e+00,-2.292351981988748122e+00,-2.640605607337130678e+00,-6.748563976904060624e-01,1.387355739817443201e+00,-1.880761059186824236e+00,1.377960802725357814e+00,-6.262535762421261865e-01,2.161304567481566741e-01,-1.016629439188037942e+00,1.021568857996849378e+00,1.323768927200106749e+00,-4.372306579714530628e+00
1.969836209857845022e+00,1.925869480006191736e+00,1.261236261430318084e+00,-3.112267127288045110e+00,-4.047252538372291264e-01,-3.122165273179740907e+00,-1.009803496556887170e+00,2.548020500733032101e+00,4.683956511145484392e+00,3.735922943350179715e+00,-1.234660339716910360e-01,-8.957637995950415988e-01,2.348633193382151596e+00,1.297549134517073988e+00,8.829349668039363636e-03,7.562876641247990861e-01,-2.246582603796328570e+00,-1.101649140876647781e+00,-8.326164211686388761e-01,3.100585430639351436e+00,-2.912713495662430763e+00,3.846053769258532373e+00,-1.547715998222121137e-03,3.497212976857534683e-02,-9.565106397064537802e-01,1.519323878501132263e+00,3.837612162043845476e+00,-2.150115818667364120e-01,8.697334355308381504e-01,-3.029797880842399760e-01,4.463383154032656286e+00,1.389443129386898956e+00,5.756408574684989121e-01,2.493614744684836459e+00,-1.351673077247910415e+00,-8.139538583174288355e-01,2.218726022086775496e-01,3.412117905431934606e+00,2.012787830254067600e+00,1.533964750294273038e+00,-1.382610369723220600e+00,-2.723149897410466203e+00,3.438382565182509509e-01,-8.000338560828512691e-01,2.532878977246662444e+00,-3.440604215676004163e-01,-2.669899397300880661e+00,-3.912333204556539989e+00,3.568294866467453197e+00,1.385632181552435283e+00,7.903692832285253989e-01,-2.234470025919588210e+00,-5.696228890684840174e-01,-3.435937229535983128e+00,-6.115193467917510173e-01,-1.047932071587850844e+00,-3.254769942551006157e+00,2.863040812722358552e+00,1.254323850913718896e-02,3.857504351106933793e+00,-1.056421786741148061e+00,3.347498450671938519e-01,2.495657055006283542e+00,6.197080119403077791e-01
1.646480462699595249e+00,2.701168358628919464e+00,1.380226635084047304e+00,-2.066409479982020514e+00,-1.488381795280691255e+00,-2.747715429181454283e+00,1.337458683807640769e+00,1.292755011798782494e+00,2.307415086042293950e+00,4.076533251527623136e+00,5.877931038940586994e-02,-1.600996045357341746e+00,4.169467140772880498e+00,-7.457531473973677549e-01,-2.411822148382513353e-01,1.878094583789754690e+00,-2.361457978437706551e+00,1.023432386056935650e+00,-3.980254492485781448e+00,2.939977542224190721e+00,-2.842865168908695228e+00,4.408158368939641747e+00,-1.232134024754636847e+00,-3.797390747838182978e-01,-1.541678093335681066e-01,4.721256226854501081e-01,2.679900359949189959e+00,-7.432299389317604810e-01,1.665901893724231808e+00,-1.734062362682027514e+00,2.091449153739824318e+00,8.311414227437285973e-02,4.733472745578419794e-01,2.565036733619692200e+00,-2.167795467452288349e+00,-1.673153452508209682e+00,-8.362589990521731576e-01,7.360575351532046007e-01,1.733236454884590216e-02,1.923012782196817483e+00,-1.508724160472438625e+00,-1.114509188511028537e+00,-3.234215729797925043e+00,-1.776817295552533871e+00,-2.689401883260269521e-01,7.502944626596076416e-01,-2.501772871730594705e+00,-3.751893608994549822e+00,2.504450646380854462e+00,8.372431320518224362e-01,-8.417508781196861301e-02,-3.167858606695765022e+00,-1.639096705196715797e+00,-1.898482387714507613e+00,-1.236134366545106555e+00,-8.551263849711920884e-01,-1.943560732892862353e+00,3.157220215415416753e+00,7.281516782402550625e-01,4.254742483841582157e+00,-1.174756898716546649e+00,-1.608656289022722063e+00,2.366570604198486860e-01,1.880065758574889889e+00
1.258761671591501763e+00,7.166072810491941336e-01,1.986818793783195813e+00,-3.297948027146674566e+00,-2.357410357925676436e+00,-3.620176363465734681e+00,1.138562861540028948e+00,2.919910256623448053e-01,2.056950492721561830e+00,3.216701119078726023e+00,-2.018907983980339882e+00,8.148798362453727462e-01,2.226701500693302194e+00,2.517661782627145683e+00,-9.412368294628473686e-01,2.082805996110318247e+00,-2.632043668211335952e+00,-1.466311225803264451e+00,-7.294953716455392367e-01,2.172908333344474308e+00,-1.918064066076409224e+00,3.184191926860587607e+00,1.912235521125293936e-01,4.238977159202763634e-01,3.437591123128316273e-01,-2.141259953720291431e-01,2.176564047340189934e+00,-4.664195730353752900e-01,1.979996214873312343e+00,3.804079118909564627e-02,3.057048506509622232e+00,2.312113041392719115e+00,2.357332731520356273e-01,5.656096870630363815e-01,-1.368327493139032569e+00,-3.238858975103128035e+00,-2.612083088731573799e+00,1.141970020944467201e+00,-1.857608816365577398e-01,2.355050506766849683e+00,-2.370401814845831012e+00,-4.216358515658700234e-01,-3.726984064404452290e+00,-3.723921835220290966e+00,2.363997245109698220e+00,9.189762818326489002e-01,-2.536734616918042473e+00,-2.132928519937904444e+00,2.541276109041457065e+00,2.531793062159691132e+00,4.927319573413008191e-01,-2.061354296499934957e+00,-3.836104627994323835e+00,-2.428304138847821925e+00,-1.474908250181363512e+00,-7.776408058849511029e-01,-5.961564638691019269e+00,4.279557859433579026e+00,2.131576855012928373e+00,3.601532381085029044e+00,3.614352535499520958e-01,9.794593373032809414e-01,1.705660324667893857e+00,-5.454679170825877943e-01
1.800650510941565141e+00,6.867407007723258516e-01,1.801055247061478015e+00,-1.572641362004332466e+00,3.902307037216767860e-02,-5.282998375244229550e+00,-3.741067408252928272e-01,7.792595022866353194e-01,1.066724559592685750e+00,3.775337368518852266e+00,6.772543266983364063e-01,6.654270041682904813e-01,1.545184304852425194e+00,9.384386215504043616e-01,-4.464811956604317067e-01,5.076130928655930852e-01,-1.945921312563775318e+00,-2.334625710781056185e+00,1.345466257712493174e-01,2.356073258141564875e+00,-4.702091983064720537e+00,2.491993245580081950e+00,1.181554231344047468e-01,-6.519809658463562307e-01,6.441664197011189863e-01,-2.920379903811489708e-01,2.063124706943748166e+00,-6.304664534536272846e-01,4.634539788380235947e+00,-4.252308494974990083e-01,2.302731609676460955e+00,2.287085955609304833e+00,1.244889933120582715e+00,1.775259515748284667e+00,4.290974554815396580e-02,-2.412793945367198045e+00,-1.043746599837523270e+00,1.220546147662095571e+00,-1.076404849311999534e+00,7.590841922421234234e-01,-3.236105246962826421e+00,-1.452489203895146241e+00,-1.036046746227623938e+00,-3.185315861562751483e+00,1.976806194044820275e+00,-3.785245516830377799e-01,-2.666241164015945131e+00,-1.822221447756196655e+00,2.390869007678128710e+00,1.445351379667760838e+00,4.198390991192247484e-02,-3.446179842782303382e+00,-2.959490146467151916e+00,-3.335481129921044285e+00,-3.526677901523300740e-02,-1.431085182897040564e-02,-2.162284749079573132e+00,2.853127910156429081e+00,1.068536126177865864e-02,3.888092706546222743e+00,-1.804477781652952806e-01,-2.659420345239992822e-01,-3.301633240097401334e-02,1.231592273709929852e+00
1.832947596312990646e+00,1.341305088915612842e+00,7.864710558442954413e-01,-3.645485251264378501e+00,-2.213338421644345466e+00,-4.621192109133055226e+00,7.500374291035578622e-01,2.226745409118213725e+00,2.022737213268646528e+00,2.658768068795723138e+00,-1.038970475857606157e+00,-3.581565045192427466e-01,7.632149889258685871e-01,1.352528409634504936e+00,-7.638134162212633083e-01,2.628660838759867335e+00,4.420124365250233112e-02,3.930927905902776298e-01,-1.445906877971516735e-01,1.741637829772159307e+00,-3.511055679327542478e+00,1.564541325099734426e+00,1.074116150851049722e+00,-1.363481056382989998e+00,-1.343225128954759207e+00,2.235879782831866613e+00,3.104172897861083413e+00,2.210321590032848782e-01,2.106605853816084561e+00,-2.392549189783235164e+00,3.207559442311807896e+00,1.646887298490434581e+00,2.811088379796078396e-01,-3.901267855324830336e-02,-8.499246337825421271e-01,-1.031800724291958016e+00,-1.054209049991416958e-01,8.882965338696662272e-01,-4.365851943465021145e-01,1.721780895395051747e+00,-1.227879838472232477e+00,-1.713232371639269669e+00,-2.458891252432143570e+00,-3.713376768059261313e+00,2.669951732416457890e-01,3.934347406003255720e-01,-4.222469698847058694e+00,-2.391327491588485898e+00,4.138624725755791545e+00,2.807920264431869484e+00,4.968363586987138980e-01,-1.157590990033048550e+00,-1.210086196955624915e+00,-2.409762168249891978e+00,-1.343740777185892687e+00,-3.822659723350303462e+00,-3.413464264221999223e+00,2.426417252570534977e+00,1.075346803547677865e+00,3.012211754039108236e+00,-9.193181193338861856e-01,4.330422651906556952e-02,1.004178878707689071e+00,5.303109175718412338e-03
-4.061868113785278567e-01,2.017609779407983250e+00,9.586291883528373914e-01,-3.917880000223281201e+00,-1.595015325185947130e+00,-4.672391070512205147e+00,-9.858125554313371119e-02,1.274138844611746091e+00,3.318406569112446025e+00,3.320795390223131527e+00,4.980540773465365056e-01,-1.589374671135193040e-01,1.085596119027545381e-01,6.637252097903134640e-01,-6.849845663622731173e-01,1.720394198012150655e+00,-1.633267521841835990e+00,7.766048273763339616e-01,-6.093578506192722788e-01,1.731644218748838338e+00,-2.792274013145406464e+00,2.230065420980609225e+00,6.509021122743503529e-01,-1.454949525773142627e-01,-5.444182627689786447e-01,8.219033478954089755e-01,3.111466534812889595e+00,2.338180787775041569e-01,3.989745898914756950e+00,-1.361255326476324523e+00,3.397129662942804718e+00,2.591939328770914930e+00,1.268702152392580551e+00,1.382264636569169092e+00,-2.651412065139595153e+00,-4.470008371798030566e+00,9.975234234813794565e-01,1.632374207018610912e+00,4.412743716586455811e-01,1.029452320526372366e+00,-1.343175706589824880e+00,-1.425124411165602289e+00,-1.608086387271382200e+00,-3.254627856103392780e+00,1.348582272998891662e-01,2.839866161584648774e-01,-3.135590930434730694e+00,-3.926292755834451143e+00,2.216169287140913990e+00,3.076864624080934085e+00,6.354127199017776118e-01,-4.736865908435664352e+00,-2.915283416055499455e+00,-4.638883538853239230e+00,-2.893820775161342063e+00,-2.044630127304000844e+00,-3.597297895323530170e+00,2.798955430113834186e+00,-8.798040337936252619e-02,3.256113290375803437e+00,-2.312528769826226460e-01,-1.407366676379715464e+00,-4.604749600493429629e-01,8.492779314929994605e-01
9.757464493902855418e-01,8.854891302038103706e-02,2.205166411310901964e+00,-2.522549517671221597e+00,-2.254088435528878165e-03,-4.932529642698499472e+00,-6.034986811803365603e-01,2.190691515424040947e+00,2.685056308893019050e+00,4.969520592595788600e+00,1.318680765058873661e+00,3.037556956431867738e-01,9.285551513969292348e-01,1.814846769430990214e+00,-2.271904402230035536e-01,4.968600050536855495e-01,-6.821566257552171830e-01,1.298387085153310361e+00,-1.342615914568117352e+00,2.951225226411029912e+00,-3.251196446212562208e+00,1.819592439825864494e+00,2.918605358488881585e+00,-6.065346025294076071e-01,-1.992911192030264900e+00,3.137878856163963670e-01,3.053225143282567444e+00,-3.099501248413317978e+00,2.425137950660992026e+00,-1.871299816319273113e+00,2.259932266898729836e+00,1.168971559710929586e+00,1.284170246353282696e+00,2.145987805885666289e-01,-2.395460545311097533e+00,-2.277567678084385427e+00,8.889055291415182136e-01,2.403226403586189441e+00,9.381311327247592313e-01,3.490463561783956337e+00,7.523306353786236578e-01,6.562749475967954993e-02,-1.598807922644862822e+00,-2.204365577045475977e+00,4.041095691176460614e-01,3.155918398918577950e-01,-3.159700555058488902e+00,-3.631941319655161315e+00,2.600383567583957500e+00,2.805863906148450049e+00,1.199075416782670711e+00,-1.185895811769385411e+00,-2.918714051073654225e+00,-1.969438103011500019e+00,-3.102650503297918139e+00,-1.200766794639042567e+00,-2.393683735959932335e+00,2.576231891534062513e+00,1.879928927503442537e+00,2.946528804874326557e+00,-1.289237672124621481e+00,8.992034439965537196e-01,1.203710796400127458e+00,3.542441010834197490e-01
2.656915168232591995e+00,8.946893908952686658e-01,1.483761236935259964e+00,-2.407916176595677804e+00,-1.159267277498094106e+00,-2.547652829402840879e+00,-5.058031256554061661e-02,1.483872063097371408e+00,3.069472481421808396e+00,2.193981654673716086e+00,1.099862432919920252e+00,1.198747859865046284e+00,3.358043351984705271e+00,-1.375721514674626444e+00,5.225072310413743093e-01,-1.294378896172778681e-01,-3.595856028425292727e+00,4.009234955702913328e-01,-2.511849225478683501e+00,2.462425482407435418e+00,-3.574686590778265227e+00,3.417429931842149049e+00,1.975957059599241949e+00,-1.517992003915760613e+00,-2.114883953182823184e+00,3.078559238857941693e+00,3.931003446164328174e+00,-1.523512188631533482e+00,4.063034242106905225e+00,-1.661754218110773174e+00,2.572098979019233678e+00,-2.631199081235116033e-01,2.090469378449737903e+00,8.598920343029996527e-01,-2.017892842052040780e+00,-2.346449627394739057e+00,-3.583091815413336767e-01,2.401305495521846467e+00,-7.092332429711269981e-01,2.456828953299540430e+00,-2.408713122970891796e+00,-2.907262006739585125e+00,-4.369054551895114713e+00,-2.705759683618663924e+00,6.771473282754321144e-01,4.428497873367604476e-01,-1.285140331573376926e+00,-8.105251723375443973e-01,3.456158305079296333e+00,2.701932794581239250e+00,9.951335281679556388e-01,1.003511114938238080e-02,-3.620551988464396409e+00,-2.905751660255296631e+00,-1.706790959090743298e+00,-6.870554825513304209e-01,-2.881410914859275252e+00,5.716976864492377075e+00,8.859198396857757007e-01,3.117122971230365192e+00,5.927809200766520625e-01,1.664217896268492813e-01,-4.505070478485677654e-01,1.572719125251927474e+00
-6.614128048663334702e-01,1.835542988438427559e+00,-4.082143538982303532e-01,-4.411855980794308962e+00,-1.051609910469593512e+00,-5.592292303750484805e+00,-7.743705679302069766e-01,1.058205767545302267e+00,1.898140636128448300e+00,2.346270163983923851e+00,1.639407483694009793e-01,2.221209276537897126e-01,1.729338826660195672e+00,4.349912519609901995e-01,1.842679191367490033e+00,2.000531650152634455e+00,-2.188014356505774582e+00,6.658365227140760068e-01,-1.451301258915350223e+00,2.803230078814984871e+00,-5.491490686874628935e+00,2.260988975596769812e+00,-1.580742412577473832e-02,3.980785690305671531e-01,1.709189580714165491e-01,1.965269978762985481e+00,2.624340997646830154e+00,-2.342096138086368740e+00,1.233705179036749922e+00,-1.384321812304436961e+00,3.687120212470734515e+00,1.057204007249144873e+00,3.406575544818454260e-01,1.123493309204982582e+00,-1.071082754364941048e+00,-1.440750038689705637e+00,8.428308760301783664e-02,3.877652688137163128e-01,-6.528850443006578574e-01,2.255970906556831856e+00,-7.925973194795659094e-01,-8.154577156724996945e-01,-1.792466599633348201e+00,-3.394854524295731757e+00,1.294092081297540719e+00,-6.918678639471635972e-01,-3.921855154627237550e+00,-2.222708754122938668e+00,1.876513788849467845e+00,7.218673401794958311e-01,-5.962126874794798637e-01,-3.229620354728880649e+00,-1.625006240890157994e+00,-3.967525694196180730e+00,-1.008170214061963499e+00,-2.581714078794057343e-01,-2.392283789688431472e+00,3.905807773742235867e+00,1.951038630999900381e+00,3.357580446647119743e+00,-8.567466906078091693e-01,-5.275605824113726028e-01,3.152618056817689585e+00,2.531968868098572467e-01
3.071760090679437116e+00,1.725449552377138485e+00,4.541453687426633135e-01,-3.916397970873839895e+00,2.725693317596011855e-01,-3.281020041648936569e+00,1.129643792736965358e+00,1.686235069905938300e+00,2.134807284500866320e+00,3.398482693431691626e+00,-6.612881547184297215e-01,-2.064353765820412079e+00,3.646610442636710747e+00,1.017665998116393355e+00,-1.777902560217818895e+00,8.884259050660059387e-01,-3.542196216023913991e+00,5.148708433669073603e-01,1.785792048159589029e-01,2.276600886865289830e+00,-2.921065080657309743e+00,2.936762534684995707e+00,1.155596806087932693e+00,-2.037878968765529653e-01,-2.450202160458037071e-01,8.351461355172660195e-01,4.362571714809026169e+00,-2.178389767761218287e+00,1.538314058133334328e+00,-3.019677492333582514e+00,3.513533575964638445e+00,3.602051915413751804e+00,-4.004244447862523870e-01,1.972410897661060147e+00,9.365448150701585206e-01,-3.870593244303669245e+00,-3.072608489142436561e-01,-8.867880384410611327e-01,-9.960186213409016887e-01,1.940124502684190677e+00,-4.630892491680050682e+00,-2.720647265007106075e+00,-1.547487007633824740e+00,-2.882389596669610921e+00,1.405307311866543118e+00,1.586715949539284853e+00,-2.507193212309932751e+00,-1.166353685321137590e+00,2.387118650835075240e+00,1.443096060334590813e+00,1.929917555891758618e-01,-3.619139899182538755e+00,-1.768330136595053226e+00,-2.201199094678299772e+00,-1.201775489113294793e+00,-8.354928794768017308e-01,-3.402863134816461965e+00,3.843995448807605797e+00,-1.221027892653104630e+00,3.747173732796594603e+00,-1.675488368130158001e-01,-3.915116280870526433e-01,6.749793617241095500e-02,9.411766035928261775e-01
4.999788307503929552e-01,2.459089123296879897e+00,1.157342430585579507e-01,-3.980185526590247047e+00,-7.593849300396793289e-01,-5.009110272607873782e+00,-1.312461632237675591e-01,6.671497135499850906e-01,2.744087784223391502e+00,3.947422703821562351e+00,-1.034347767816197750e-01,2.376019535683999151e-01,2.631972439361986105e+00,-1.262438078208731884e-01,-1.068347166148991834e+00,2.383991642882619555e+00,-3.580087780589825019e+00,6.983451977618309048e-01,-4.910541880902842271e-01,-1.007317179982676336e-01,-2.631141360064971568e+00,2.380224805757545248e+00,1.706361070614000219e+00,-8.730944500071233794e-01,-9.142637416831912445e-01,2.123311180486589400e+00,3.822944454978411066e+00,-1.700863423978947742e+00,9.421505828445413400e-01,-3.326610750730497390e+00,4.372169767786738603e+00,2.095574109366133975e+00,1.707915062676488516e+00,1.080624501835978357e+00,-2.690819698335555454e+00,-9.984204551536206562e-01,-9.500042729199149605e-01,1.376944445021269559e+00,-9.021981704834481919e-01,3.770444195908391194e+00,-1.633082809130286472e+00,-1.257631172276572951e+00,-2.212041684630656757e+00,-1.957759001801015364e+00,1.142918622725783706e+00,2.178423245605139169e-01,-3.392451003582142910e+00,-1.382086709656136447e+00,1.579844839782351906e+00,1.436300528090786566e+00,2.184470509794834703e-01,-2.678099719767522924e+00,-2.981409782979989043e+00,-4.039555423482901197e+00,-1.185816749288016503e+00,-9.220520804383618430e-01,-4.642998662952977362e+00,5.276946297032344191e+00,2.041369213071087541e-01,1.534497079307198364e+00,4.895944997334191751e-01,-1.380427136210280736e-01,-6.086528144911995675e-02,9.430136077169060105e-02
9.216139652986573561e-01,5.060347863121730239e-01,7.756678509499738139e-01,-4.063257396485389528e+00,-1.509142798089518900e-01,-2.667331171469948359e+00,-6.072164958485781749e-01,1.822306538041917223e+00,3.184606374279548735e+00,1.456396773446371418e+00,-6.451680996257811440e-01,1.874565192156146809e-01,4.351616874343737784e+00,6.822140150198522379e-01,-2.202726074824641889e-01,1.059681064801691663e+00,-1.714390539174969197e+00,-6.043183606055576584e-01,8.004801270843644456e-01,1.839897608898203085e+00,-4.420019249605801726e+00,3.032601474450054901e+00,1.189016458620110850e+00,-1.197077360478683739e+00,-2.615204173651488162e+00,1.115047125973203768e+00,5.191052463702557240e+00,-9.021423424539649627e-01,1.484966726179344665e+00,1.189169976729047118e+00,3.076559898272518634e+00,1.858870568554972458e+00,5.672099960213934366e-01,-2.729193779972924894e-01,-2.262602558958068943e+00,-1.530432162142586705e+00,5.499666906979888692e-01,9.184464136054406591e-01,-8.030015022406911118e-01,2.379212397116749589e+00,-2.427780261621482971e+00,-1.567528195835843796e+00,-9.296104551527371029e-01,-5.101088327291908087e+00,1.998080459143934506e+00,1.311991005129891974e+00,-2.855216074578318164e+00,-2.685753993714644849e+00,2.796107792804868097e+00,2.411223651045106831e+00,2.303224106691088846e-01,-2.819239051673388285e+00,-3.840688566322117303e+00,-4.254196252692214131e+00,-1.541316735146494921e+00,-2.048805607875922030e-01,-2.398942155147836708e+00,3.585162209361904218e+00,-1.390568555410421903e+00,3.897993351225700565e+00,-1.643473142883622451e-01,-8.824082445332961933e-02,1.369450115211390040e+00,-3.504299259327632310e-01
1.379430212893137941e+00,1.316313890194852565e+00,2.734315591140887847e+00,-1.816570822432623133e+00,-1.018159761423706566e+00,-2.881986593081786729e+00,3.715916660017044570e-01,1.131952012803664420e+00,2.066327719287141207e+00,4.391894654614048044e+00,-5.704253225986298803e-01,2.643749821351605300e-01,1.836409983769904386e-01,6.776084016034376045e-01,-1.428035944574981952e+00,2.476885384847226090e-01,-4.342036653322075779e+00,7.087582517954029715e-01,-4.065477156816693638e-01,6.745708670274586094e-01,-2.429365314143407950e+00,1.725379778995012492e+00,2.655864563993388217e+00,2.583692423142837369e-02,3.036903924432452495e-01,1.715391637895797627e+00,2.655520727270658909e+00,-6.050870940990302760e-01,1.894832417317630080e+00,-6.605832917827659800e-01,3.515382451154279053e+00,2.722336250044397943e+00,2.143334370422440571e-01,6.019199242648559656e-01,-8.553114748962287184e-01,-2.318720404949262015e+00,-2.157800242412743208e-01,4.493208794802492911e-01,-1.487750526581062882e+00,1.002636493412443430e+00,-2.057651384032187281e+00,5.578996122913162381e-01,-3.431104902995971706e-01,1.923601390769422714e-01,1.603457436243141077e+00,3.304820406014105649e-01,-2.981452574338936401e+00,-1.988587193176715839e+00,3.411601415581740682e+00,6.825004559612830590e-01,2.413994457501232316e-01,-2.509313564872591940e+00,-3.562907184503627533e+00,-4.060878674926241771e+00,-8.839865319617122852e-01,-1.120863825454618823e+00,-2.269137818088072134e+00,2.962441785078655077e+00,-9.271028670197150046e-01,4.656190381082653929e+00,-1.694322597441321188e-01,-1.029018228134542134e+00,2.359335661598259470e+00,1.140389582820150238e+00
1.029310025989922384e-01,2.207275773224531612e+00,1.245638350852256382e+00,-4.117836589622704935e+00,-8.197677255046420530e-01,-3.035055089043736221e+00,-4.683107533188224925e-01,2.325790229022596023e+00,9.816598978792214769e-01,3.654187144643531671e+00,-7.715637203278857825e-01,6.565986760565075686e-01,-2.248208981463384326e-01,2.719585503589040609e+00,7.919176788522668264e-01,-2.855652610713723671e-01,-1.825092718480317622e+00,-2.654054344149723854e-01,-4.456024373698501684e-01,2.527296379138323612e+00,-3.696771822287180154e+00,3.029872721079772013e+00,-2.709866197763670659e-01,1.185990038053275075e+00,-1.341320493710200124e+00,1.405889213580882702e+00,2.470081197855916066e+00,-2.057928872468348658e+00,6.283130006915100818e-01,-2.817140882738415009e+00,1.719773662453098151e+00,2.169547303773162295e+00,1.624302650450924368e+00,1.394703118981657886e+00,-2.647002186623697906e+00,-1.253284633070744114e+00,-6.727848115616906766e-01,1.214176835094035845e+00,1.083046628142295464e+00,3.639124219361404400e+00,-2.550859170397529851e+00,-1.071755265965008697e+00,-1.672946988049362149e+00,-3.284574448407582281e+00,3.172882549034683475e-02,-1.165869414797113812e+00,-3.418637264362307970e+00,-4.340214840342184743e-01,1.723448560253735273e+00,1.231757612310959038e+00,4.345431150023746358e-01,-2.909310550550352481e+00,-4.278927883153904155e+00,-2.617598563789557797e+00,3.409997888022835433e-01,-2.402146565259744904e+00,-3.222635001062412297e+00,4.936353481355306272e+00,-2.371898409868654634e-01,3.256317004066867860e+00,-9.251857741396941615e-01,1.058225120838016675e+00,1.506806391221820585e+00,-3.591689165740541423e-01
6.826971512227042460e-01,6.044269020344562593e-01,7.379029473510808623e-01,-2.638151258305295954e+00,-1.040684117958153410e+00,-3.229998896934452191e+00,7.070374746517484044e-02,9.726174687928579310e-01,2.420439760847863830e+00,2.993026696168717748e+00,-3.379468667396376413e-01,7.952936741349528882e-01,6.664786902004584679e-01,7.238177622680154188e-01,1.238894699943175803e+00,8.118009075027652344e-01,-3.494993473702319164e+00,-6.165099592116513039e-01,-1.146576090749184207e+00,1.856440016638859714e+00,-4.298343420817904992e+00,3.223502676669582900e+00,1.135424124335673302e+00,-1.473798653237395229e+00,-9.045435029340374022e-01,-3.287495623485623408e-01,3.580742445113646255e+00,-4.203732219409950233e-04,3.142842122928603210e+00,-7.915640920655123702e-01,2.134388537530118590e+00,1.035095398265504008e+00,5.804733531413625025e-01,2.330273407069471503e+00,-1.719570097370964668e+00,-3.099068112807354947e+00,2.035989368463650528e+00,2.789891659118048928e-02,-1.595440149185606726e+00,9.390678642436967039e-01,-1.545734451739154691e+00,-1.834273694880313110e+00,1.811513346991020512e-01,-8.433578453521981544e-01,1.896308449001321783e+00,1.896815395974211116e+00,-4.834134355249050330e+00,-1.970699728346165358e+00,2.289087180320404702e+00,2.199762615311620984e+00,3.138689348995673534e-01,-3.523980895904247568e+00,-4.972055826213762408e+00,-2.099220027970305491e+00,-2.046378380882640791e+00,5.078425617842849960e-01,-2.485528700104810973e+00,4.400017988342524333e+00,3.643761900526731878e-03,2.558644961732038592e+00,-1.122171593359860164e+00,-3.440834441698196189e-01,1.182033483551077291e+00,6.336602434846509979e-01
6.277200180854662914e-01,2.882847337546070143e+00,2.173024440810365832e+00,-3.374639649090330984e+00,-1.670804748957938290e+00,-3.279963667426342155e+00,-8.764310485489601454e-01,1.787391789630264682e+00,1.433340600369498175e+00,2.744176241536291361e+00,-3.897942791724796630e-01,1.677139234554176017e+00,3.192577089400564727e+00,5.403018726293726814e-01,1.861779758881273006e+00,1.846435648531418394e+00,-3.283691149531662745e+00,-2.483532324508237021e+00,1.029014434350596918e+00,3.492218108703964763e+00,-3.203717269565443448e+00,2.324296903316305674e+00,-4.160488749764366112e-01,-1.044136935758242846e+00,-1.006289004812963128e+00,-3.249546257386608517e-01,3.200419598187909553e+00,8.010550603073740561e-02,3.035945982034683688e+00,-1.463684444508886129e+00,3.284684506654421909e+00,3.052996643255676990e+00,2.018351969071920049e+00,1.651831433570615237e+00,-7.395859502109733974e-01,-3.835558566691710691e+00,-6.280822421427054714e-01,8.918654690011917907e-01,-2.271065499974458390e+00,2.944273654981578225e+00,-1.089035113633911367e+00,-2.055921773336264469e+00,-1.571153832671425388e+00,-2.567783822334912980e+00,3.803755119488806402e-01,-2.151771615215982258e+00,-4.590926152071775235e+00,-1.338521598206417584e+00,3.513217131922231395e+00,2.107412472516181356e+00,-9.137739627509421370e-01,-5.911249846437269806e-01,-1.828636544821236054e+00,-1.907549963970308404e+00,-2.759509582925298243e+00,-9.400339820622631848e-01,-3.058351235434054960e+00,2.095731824548522582e+00,6.998109420357978561e-01,2.479633757614855938e+00,9.772842421745862040e-01,1.706720932946528269e-01,3.795085322316916532e+00,-6.462605365438836014e-01
1.340416232038795119e+00,7.215368622530775600e-01,1.789033760070342760e+00,-3.719193128162824546e+00,-7.026074282792373893e-01,-2.223842437775179093e+00,4.078331152926764624e-01,1.691830346038180055e+00,2.973045697969593615e+00,2.431347608100205893e+00,-1.154659455745035368e+00,7.524832179925706743e-01,3.408544821010057735e-01,2.042445455353132822e+00,6.172695922383502065e-01,3.289679728828754923e-01,-3.555498085700839361e+00,-7.304766781702549672e-01,-7.825013316858899781e-01,1.572598382781921433e+00,-4.779509045787617261e+00,3.537821080662112649e+00,-9.775671451764633701e-02,-1.606224187440830509e+00,6.380040273237421733e-01,1.049795796619830579e+00,3.374166120269878277e+00,-1.144676377811246981e+00,2.349096146524742856e+00,-2.959507146429947610e+00,2.098904618376233877e+00,2.910266460701376623e+00,1.619818780445676953e+00,-1.150980113663480964e+00,-2.909361805675098722e+00,-3.950892806620550424e+00,6.219852489816227736e-01,7.113976663836554248e-01,-2.178361362941129808e+00,1.761456575233833810e+00,-1.759730625091158185e+00,-2.273975358168089933e+00,-2.795993254341047063e+00,-2.973314114396933050e+00,2.671137285719323629e+00,-4.549954663977863190e-01,-3.028921619795176490e+00,-2.186328553673041242e+00,3.012908904910555741e+00,1.314332534994845370e+00,1.514457323121890797e-01,-2.039051872514688224e+00,-1.464782503878870656e+00,-2.487911628495740768e+00,-2.005976280174595061e+00,-3.070281572488742228e-01,-4.056060300379018102e+00,1.421701817140755608e+00,1.164909454280721679e+00,1.928829780912752589e+00,-1.883092976686770559e+00,9.582010800105815740e-01,1.566889908786188279e+00,-8.974438043104886464e-01
3.018470179653798269e+00,1.501227121651696361e+00,1.448651675878591893e+00,-3.150828415935238436e+00,-1.014148447296234767e+00,-4.519624075370577643e+00,9.080526433277364973e-01,3.102180137480461397e+00,2.569804283733209349e+00,3.586364348409942782e+00,-5.565822121795238608e-03,9.402213929010057036e-01,2.764458350020472022e+00,2.364760270631773853e+00,4.067518822538702672e-01,-8.772814341942827276e-01,-3.561304116996764968e+00,-1.844374227934046651e-02,-1.686934826392547215e+00,2.298413403050182602e+00,-1.703667144986077409e+00,1.488000440358882681e+00,1.132032483478600859e+00,-1.686715451321626480e-01,-1.446590749489037542e+00,1.481036813812896202e+00,3.884787979584753526e+00,-9.062642184407032619e-02,2.460166828815463891e+00,-3.364861476321375999e+00,2.094491392769973093e+00,1.705858700101655190e+00,-1.437902179596586283e-01,1.050447489437437598e+00,-2.088726817531270541e+00,-2.717900644801920507e-01,6.793651591349737506e-01,1.032889707148166192e+00,-8.674038133368571213e-01,2.017432586800961491e+00,-8.210077451882205057e-01,-3.145779237041131715e+00,-1.285392761688991747e+00,-3.220788600210957586e+00,1.161853540383609218e+00,-6.926290987189132053e-01,-4.007146417146395301e+00,-1.306525327908208967e+00,2.036340190335615308e+00,1.539230187184346788e+00,-1.987337048662632943e-01,-1.634610403338192741e+00,-3.073863153473562093e+00,-2.134227928207220515e+00,-1.301788367606120600e+00,-9.310209766965122924e-01,-3.065997545027997262e+00,1.577238788475514131e+00,1.556685062483383231e+00,3.087722477108793662e+00,-1.211120960707901206e+00,-2.220240712929513194e+00,-3.452421672860064294e-01,-4.830540598744037517e-02
3.960289934084115782e-01,2.588181597813186130e+00,3.648893071111529718e-01,-4.488173020550375369e+00,-2.188676760624672646e+00,-3.566674783426448947e+00,-3.066648090385435399e-01,1.351047341868179874e+00,2.280423069405960401e+00,1.419344687441441710e+00,4.416254021479784075e-01,1.295108232142625049e+00,2.432014745018372892e+00,5.525366789957701918e-01,-1.127803224595808063e-01,4.174150351373274725e-01,-1.819770273974670838e+00,-2.400003432271523018e-01,-2.229669551819978501e+00,1.190900128320990792e+00,-4.764778967224729378e+00,4.381759403252084795e+00,1.436899135054472421e+00,-1.158160861974525613e+00,-2.385323180934871612e+00,-2.384577446455800054e-01,5.113158970460911945e+00,3.240931907184922967e-01,3.147052323756420744e+00,-1.086583424810585452e+00,3.829059748044861156e+00,1.501477861580202244e+00,1.877540318209094838e+00,1.363350528155082841e+00,-1.468400867476905125e+00,-1.855634267979441088e+00,3.900865952618688404e-01,1.663276545572660137e+00,-1.747141404248510499e+00,2.473739662815943596e+00,-1.666945851507622534e+00,-1.069997074721091401e+00,-2.118682348274137706e+00,-2.837004522992374600e+00,-1.167465614054303380e+00,-4.636201247189435382e-01,-2.611986640259835291e+00,-3.041136136100851317e+00,1.944950124232829758e+00,8.459049650060176395e-01,2.010617794010170378e+00,-2.061539485106535174e+00,-1.945378620901171640e+00,-2.350885217813812655e+00,-1.083454819375236911e+00,-1.619450192515943909e+00,-3.695838081075935477e+00,4.053883636462699336e+00,-3.771955112982805502e-01,2.404348432125260171e+00,-1.391057228952991442e+00,-4.913995596440368097e-01,2.242858870305063368e-01,5.324581288787758604e-01
2.871548121912408380e+00,1.519150153260177216e+00,1.374857857885895429e+00,-4.624029441034538834e+00,-5.941023147957134043e-01,-4.134977777589430303e+00,1.111181934017595324e-01,3.578674232311590320e+00,2.806609301517732469e+00,1.705084278678642429e+00,-3.305201125179592636e-01,3.405397689077462431e+00,1.761783480268616531e+00,-4.626697614110755197e-01,-8.114308371500648931e-02,4.830269268528607496e-01,-1.891410213341107038e+00,-8.320353625652840979e-01,-7.984407974352327741e-01,2.254717025942203801e+00,-2.699259050922414360e+00,3.474990703738740194e+00,2.345379629900840701e+00,-1.648739727154197698e+00,-7.624934798275857517e-01,2.701517110589275905e+00,4.306281839567747127e+00,-1.535499651415880740e+00,4.038357522308663405e+00,-2.079439169740204818e-02,4.195270626260908742e+00,-7.023987237267421690e-01,9.947927904376882013e-01,7.607977699979059372e-01,-7.277182668522141906e-01,-2.356722124324782452e+00,-1.391847768566082166e+00,2.848348919980475458e+00,2.245047041284576661e+00,3.524921403880492132e+00,-1.710902800736956664e+00,-2.858888068968108431e-01,-1.723754394162803738e+00,-1.923256725109222076e+00,1.077804385039565549e+00,1.502017499923217203e-01,-4.252281802677442712e+00,-2.524612276702718816e+00,4.338856308584692734e+00,1.264103934861220635e+00,-7.512778577728879137e-01,-2.383974889224267368e+00,-3.697519926606259943e+00,-1.898386318773489290e+00,-8.275479908392813222e-01,-3.847727195630378239e-01,-3.958713221968300999e+00,2.824600742061004865e+00,-5.813199894413945135e-01,1.486096121108198220e+00,1.023695435841656343e+00,-1.061274709591855325e+00,2.337644573420566196e+00,2.134133261520214653e+00
4.002739598515943076e-01,1.721720896644811427e+00,3.479707080756557325e+00,-1.995362549864669210e+00,-4.650480456950933927e-02,-3.483654459472875775e+00,-1.939484241844617429e+00,2.776237447205066378e+00,3.149916744017291936e+00,2.415784497729235536e+00,-1.486413311961266803e+00,9.826327810006145747e-01,2.040765927013527214e+00,2.540330192412316723e+00,-2.416536926165863797e+00,5.258521795303956470e-01,-1.361371286747146359e+00,9.571935426346047660e-01,-1.669147959846824403e+00,1.598777860910077120e+00,-2.071890851881171614e+00,3.805105359045633406e+00,-9.066968155412893360e-01,1.104555609122026771e+00,-8.453141040336729084e-01,-1.517297130408838512e+00,3.728747325614838903e+00,1.600452807796493016e-01,2.521244100974302071e+00,-1.046943662700311251e+00,3.090953384001854154e+00,1.302625700056784908e+00,2.027950960335472175e+00,1.976020375459567990e+00,-3.374497496733016799e+00,-3.269397673588407827e+00,-1.413594211998669081e+00,2.526253284354783801e+00,-2.380988250040186216e+00,3.253677279340067230e+00,-1.355815308495435190e+00,-8.837525280404925354e-01,-6.617261477441036543e-01,-3.021919679455426166e+00,2.019585579754329174e+00,6.100981927581700104e-02,-2.608358269075277569e+00,-6.639946211287639510e-01,1.608373481725529519e+00,1.512936972552220816e+00,-2.389688648320426878e-01,-1.445403343823217224e+00,-1.964816995513235076e+00,-3.889078859125907339e+00,-2.764198115863745198e+00,-1.314361197261392444e+00,-3.074814767123071224e+00,4.723975496556886533e+00,-3.604731179646597505e-01,3.314993840520754631e+00,2.147897636454453307e-01,-3.061515500346252971e-01,2.274836273336938497e+00,2.892610958391078069e-01
1.543902653941687131e+00,3.837961218210977909e-01,2.904467809885915131e+00,-2.412827894259151229e+00,4.658760270980670803e-01,-3.026168157316446727e+00,-7.044053288928957546e-01,1.568182851432108560e+00,2.020848434790671888e+00,2.708588431388397666e+00,-2.110970728056515533e+00,2.469042573468688495e+00,1.117148578536927284e+00,8.714995524865210008e-02,5.960474930222595669e-01,7.753224869389430118e-01,-2.099004083120598274e+00,3.542668091354523319e-01,-1.001373882122556402e+00,2.380419944304094315e+00,-3.803570774289273704e+00,5.659423632413900229e-01,8.180150988810369617e-01,-1.019010606976334943e-01,-2.064920267637813556e+00,3.493624045171123127e-01,3.319093670707314203e+00,-1.499354295209936128e+00,1.498151359458932408e+00,-6.059482548687585846e-01,1.298452271618693921e+00,2.962125373114156357e+00,1.734316482415938498e+00,1.497929453580351566e+00,-2.899984679802008358e+00,-1.521731785861700770e+00,-8.466462559153914436e-01,1.744035053668439028e+00,-1.523941643630397857e+00,3.015885823500489060e+00,-1.391983525541726552e+00,-7.011143408657669607e-01,-9.515545839948162943e-01,-3.842993756848969156e-01,2.281506154131120123e+00,1.664434185704200875e+00,-3.657603183740367747e+00,-1.227173647706584658e+00,2.915596317981259844e+00,9.664685989008925393e-01,-1.211588663869058169e-01,-3.767802784636809399e+00,-2.846817663550712307e+00,-3.629700914518259047e+00,-1.541962489146037951e+00,2.114049348516948701e-01,-3.154585029784521932e+00,2.618630083245727214e+00,2.782624406128170191e-01,5.686542590798890906e+00,8.319133596220196214e-02,8.827377144029751044e-01,1.398264972811326334e+00,-1.412974327823311782e+00
1.262041434746456803e+00,4.378880878586649539e-01,2.887277321549825970e+00,-3.437742738358512629e+00,-1.116697025161669909e+00,-8.561687338901466937e-01,1.232474357543571042e+00,1.507298323912719562e+00,2.716498293600551062e+00,2.236667427425272248e+00,-6.421018324733125393e-01,1.609837958056232088e+00,1.605273227372387979e+00,7.801687773481312815e-01,-1.896926473623188059e-01,-3.410041076281000727e-02,-3.400647808671942940e+00,-1.023357322747056042e+00,-1.523606351490107258e+00,2.854026312658740849e+00,-4.427937101497867900e+00,3.419077168453079185e+00,4.297393073602094327e-01,4.705063966805640430e-01,-2.051845922457078419e+00,3.034379340763019961e+00,3.642158087235679798e+00,1.162765229073108753e+00,2.055576011724576713e+00,3.420522936654146751e-01,3.583601663131930515e+00,2.475783946316443718e+00,2.753568861691351621e+00,-9.525387591021323708e-01,-1.975716727213258972e+00,-1.173480546394442436e+00,-6.432811368757115345e-01,2.328690950601730147e+00,4.551062112069792498e-03,1.965341141155799054e+00,-2.130897335731301023e+00,-1.872375047256882086e+00,-3.064201913172895253e+00,-1.003905477202380325e-01,8.141384689197717073e-01,1.125233271812924762e+00,-2.873637926470362647e+00,-3.913887501808036795e+00,4.002391507951254646e+00,1.734417910688847098e+00,3.084703104984883870e-01,-1.850731747822768503e+00,-1.623065089473738842e+00,-2.154817985739271080e+00,8.217786829764817114e-03,-1.361558477082667418e+00,-3.378730259448282425e+00,4.723822937387423870e+00,-1.055302172974598829e+00,3.159589267821933500e+00,1.715838632162783650e+00,-9.216068132615368169e-01,6.721111336764273858e-01,-2.498524549990183141e-01
7.123317118781280488e-01,1.053333838329669314e+00,2.245065811820699864e+00,-3.579985317616734886e+00,-2.691246557339706413e+00,-3.546145074994232704e+00,-5.755116541974124589e-01,3.042845244039444896e+00,2.554495945256598510e+00,7.917629917710173881e-01,-5.193395307151921214e-02,1.109918143863646733e+00,6.970783181653772420e-01,9.272599561978600580e-02,1.779418756577499927e-01,7.188384966475738214e-01,-1.513526589782072440e+00,-1.430726063166881667e+00,-2.389512736011137894e-01,2.593340682815835407e+00,-5.046743425925611426e+00,3.562667100167089096e+00,-6.582483946259047869e-01,9.014369076678452330e-01,6.767841113151265020e-01,3.819272581342957551e+00,2.611412586272155778e+00,1.424512816467924381e-01,3.326578876894752845e+00,-9.524891524710420443e-01,2.839797287095527700e+00,2.189399666437688907e+00,1.867722592463967990e+00,7.278724283844962839e-01,-1.494579781093462456e+00,-2.962776230877512074e+00,1.078396498468561671e+00,4.994677972700137802e-01,-2.349590666106253778e+00,3.336821849020207509e+00,-2.055506396150057480e-01,-4.499670500532864104e-01,-2.000177131708369416e+00,-1.464799841937436620e+00,1.655927469034789823e+00,-8.211128589970835279e-01,-5.111729112424074017e+00,-3.047741737588659738e+00,4.069870920248408019e+00,1.571791983739792453e+00,-4.085510126484650506e-01,-2.097318373982298922e+00,-3.607111575667518721e+00,-2.576055730497365026e+00,-4.965218848709063160e-01,-2.528386900494399292e+00,-4.228600912207332030e+00,3.839001196706832708e+00,2.082419527979294749e+00,3.561496565962586125e+00,-1.027433850548090444e+00,-1.498580979433438154e+00,1.545755893837717165e+00,3.750046288903784997e-01
3.077679022408881693e+00,1.213452364689433516e+00,2.241086329624107254e+00,-3.669508822657065128e+00,1.447194248633520974e-01,-3.917784266943981297e+00,-4.083837747269871699e-01,1.214676434101495950e-01,3.598457237079201843e+00,2.624023764535017289e+00,-2.058356508111929273e+00,-2.763450427478244542e-01,1.966177151894267450e+00,2.188776493500266263e+00,9.225218148955105502e-01,1.446646684074373690e+00,-1.913887437890447574e+00,3.524078070890119818e-01,-1.589368706398595510e+00,2.845085847876283047e+00,-4.378315240081223081e+00,3.959671586050039327e+00,1.741280761858253978e+00,7.219358476995488827e-01,-1.912309590885558075e+00,1.781185589895438959e+00,2.207930558049317593e+00,-2.662417069015902138e-01,2.107196581521668222e+00,-3.042637292225518486e+00,2.296112997050469673e+00,2.493212531434337187e+00,-6.354514142292155832e-02,5.166344823488739912e-01,-2.401513303155872414e+00,-2.145823293984433722e+00,1.399884414795674603e-01,-1.088532558780874737e-02,-1.936744412458322184e+00,6.354884530701199186e-01,-2.308086135178318621e+00,-2.180227563413230651e-01,-1.115322971845753353e+00,-1.524347943888612722e+00,7.724162788256572210e-01,1.635233245472610952e-01,-5.519757394381435311e+00,-2.632990572100154303e+00,2.935502475548116053e+00,-1.029744344093311170e+00,2.135305865595753805e-01,-1.256752052364650263e+00,-3.174526650100084613e+00,-3.859827158196850405e+00,-4.273223926458473709e-01,-2.202418183708690691e+00,-3.527554855605365081e+00,1.750042767375187269e+00,1.719488162752683014e+00,-8.074323536239269572e-03,3.353279244522467950e-01,-1.519889896529154072e+00,1.070682679281978356e+00,7.352738068543971384e-01
3.022606793087129873e+00,3.305574856114499305e-01,2.405417822770553826e+00,-2.065363992654265957e+00,-2.162458792303032062e+00,-4.221717460555137968e+00,-3.687449257260129731e-01,1.654413705725398920e+00,7.261765489854574707e-01,2.018062078667699488e+00,-1.158824958040971076e+00,6.502662989177537822e-01,3.918310124617248036e-01,1.668013749743248564e+00,-3.518279184602376430e-01,-1.534207828286955788e+00,-4.016673816761683113e+00,-7.055782611054312037e-01,-1.653302169841609714e+00,7.976466379423781117e-01,-3.580856973426874923e+00,2.566633803841850803e+00,5.278458348920036514e-01,8.561741115800284296e-01,-2.856153017998621202e+00,1.455760774199028829e+00,2.836859311486238155e+00,-7.142276286424980025e-01,1.259935264568087687e+00,-1.230531484548397225e+00,4.304290488387611191e+00,3.887869842458655079e+00,1.187371070364559467e+00,4.593986684776014684e-01,-3.828960876434794880e-01,-2.319346208362808692e+00,-7.217818000431305281e-01,-1.515443801241690203e+00,-3.239704074651946208e-01,1.289323654393852880e+00,-2.925459587018364616e+00,-2.391424204174850132e+00,-1.676285206515861770e+00,-1.091578185510661658e+00,-3.787202538545804131e-01,8.737634941160254964e-01,-2.992701659414027660e+00,-3.920936216938528673e+00,2.585366786167658137e+00,1.715091687532919185e+00,4.489764103706944121e-01,-9.055750680865655156e-01,-3.402739368472153636e+00,-7.788281275015753735e-01,-3.361976557639015262e+00,-2.777938934429745821e+00,-3.781002839611481203e+00,3.495981810693919556e+00,-1.776941373265708002e-01,3.177227013255984112e+00,-1.519535639649839620e+00,5.254548985643271442e-01,1.710404795421885948e+00,1.019971390826533986e+00
-5.489697408367111287e-02,-6.007884417650086739e-01,1.558318861627150387e+00,-2.970745218571558599e+00,-1.963249305793818289e+00,-1.793354085153154420e+00,3.825071068219018655e-01,3.657504533996634333e+00,1.034857150783765389e+00,1.845660334941440439e+00,-3.763113783873165974e-01,1.992831512521290871e-01,3.265357871009959556e+00,1.807038050046447797e+00,-1.586082263670782533e+00,2.357602575992718386e+00,-3.145857740258313662e+00,1.342005057050164485e+00,-5.329417137778105218e-01,1.691927002877765318e+00,-4.577164632306979897e+00,2.678450777836652641e+00,1.741910893477133238e-01,1.137523667374075398e+00,-9.150685230263057024e-01,1.259980682470060565e+00,2.505904840176780279e+00,-6.012392608611563105e-01,9.829188025294111064e-01,-1.569451293857959451e+00,4.539620364673400132e+00,1.663586874710560881e+00,2.061260834879284687e+00,5.524570977734586386e-01,-3.515285783405862396e+00,-6.884958949333510603e-01,-1.141911853633392759e+00,1.988608085892555888e-01,-2.061128568849078135e+00,8.357138351727180225e-01,-1.617002124119810924e+00,-2.538324253677994857e+00,-1.419337101613401764e+00,-2.918279494467479029e+00,2.583090100641737497e+00,1.677656287344569064e+00,-4.100348732193996426e+00,-2.777735776576025994e+00,2.822731199634032961e+00,1.042731991892584364e+00,-1.253512277298102884e+00,-1.971984475990740560e+00,-2.135272697886269722e+00,-2.587976689004092723e+00,-1.352979265609792314e+00,-7.687832143357427039e-01,-3.882417371183683574e+00,2.799369560533226942e+00,1.929253305039595690e+00,2.943207698683956597e+00,-6.302186661948455670e-01,-2.035617203911102568e-01,3.932019110200087875e-01,-1.318976206885492664e+00
1.276992856370606777e+00,-6.314358260882557694e-02,3.630584543122982843e+00,-3.060163677299980289e+00,-1.768338559797228982e-01,-4.824675214735808737e+00,9.628196278201305025e-02,2.178206178108081481e+00,4.175189514254723733e+00,1.844364605650244737e+00,-1.520102305191368686e+00,2.266373682320831584e+00,1.187752929653895118e+00,2.939825300173061207e-01,-1.084557006007908608e+00,9.165257710202119323e-01,-2.232627268647659147e+00,1.373336714457814356e+00,-1.937185949290443521e+00,2.378153685182673005e+00,-2.681247967396000575e+00,1.440487482335952807e+00,6.963931864271407646e-01,-4.638777732625861128e-01,-2.921749162162783353e-01,1.396487269894645333e+00,1.299054596927619043e+00,-9.589966193575770737e-01,3.408933675640624994e+00,-2.065667084090983430e+00,3.088436731401152713e+00,2.577959653816451979e+00,4.189540954641064463e-01,1.297418451925186345e+00,-2.084805990897736105e+00,-1.178240601265180931e+00,-6.305080077201240252e-02,2.895479282877770011e+00,-1.173670488402108969e+00,1.790116508845550403e+00,-2.571222836917326227e+00,-2.558951094667076376e+00,-8.285725041521638801e-01,-2.320638176467308966e+00,7.809404633721196420e-01,-9.027434211895062344e-01,-2.703481130760506446e+00,-2.123526415319155980e+00,3.258949475742980439e+00,6.674711222861273718e-02,4.289078216345550976e-01,-3.045176261579105592e+00,-2.148302636728419479e+00,-2.272981775461934362e+00,-1.074439641521123479e+00,7.648442387487730532e-02,-2.534628990399406590e+00,1.254883672610863865e+00,-1.039058211816828781e+00,3.949207084881322327e+00,-1.898633176356684826e+00,-7.052250404952777885e-01,2.221058129422812222e+00,1.502190992948268411e+00
2.122374227056013751e+00,2.290662331260740814e+00,2.815300121197795047e+00,-1.517541721572032598e+00,-2.287961532773596041e+00,-2.308281971966335888e+00,1.968444065109751229e+00,2.432549003627244577e+00,1.959604875229274068e+00,2.382981770356014994e+00,-1.725353116281405974e+00,2.333218706018229227e+00,1.837274455716122468e+00,2.670243653006699525e+00,9.721889376254729820e-01,1.809271810545548531e-01,-2.642884757319270417e+00,1.320309668329985087e+00,-1.230173211055922922e+00,1.979101949168690533e+00,-2.854657363210837850e+00,3.117946012488459928e+00,2.296476148607173418e+00,1.576679581536473140e+00,-1.120296669345598461e+00,2.300557512562247275e+00,3.452158021018632450e+00,-1.496957749138525084e+00,2.289261454148789454e+00,-2.653670169729731576e+00,3.663586575515421995e+00,5.960466985718200217e-01,4.370697635038244266e-01,-1.301634836883329704e-01,1.130062227759560667e-01,-9.075545929924471178e-01,-1.489476357281300567e+00,7.314786703445413929e-01,-1.529306510504298000e+00,1.304674535099613175e+00,-7.650067790673588108e-01,-1.909315088672124627e+00,-1.821142495738334421e+00,-7.900345636233647717e-01,1.260886666421770830e+00,3.750062549116160437e-01,-2.913101204403632849e+00,-4.821341314620319896e-01,3.101597502815338192e+00,2.198974594742266753e+00,-1.180232677680407738e+00,-3.334600626078737751e+00,-3.075454867672712922e+00,-4.909125422629932345e+00,-3.717945907553075191e-01,-5.404612491216425063e-01,-5.691051553929444395e+00,2.468389327019840707e+00,-4.589880126206558053e-02,3.742023328991265441e+00,-9.018348360087462545e-01,-4.769371316292547736e-01,1.433855081146523158e+00,1.808438759240805327e+00
1.673778796357026089e+00,3.297513565085145704e+00,2.207326430198358391e+00,-1.751128954688857764e+00,-6.229023007558978087e-01,-4.371197648578424300e+00,-7.100160994125628289e-01,2.087110913486014407e+00,2.463101037148134775e+00,2.860364702301760875e+00,-1.198120694330655933e+00,2.092498787588338072e+00,2.568383467814276511e+00,1.870233220759306203e+00,-5.774049232936049325e-01,1.561862537481486735e+00,-4.742870397418958994e+00,6.286003116471067242e-01,-3.202599328337398799e+00,1.168554133626728220e+00,-2.554572269721230526e+00,1.657367773624300655e+00,-1.306722123375048117e-01,6.609563200638334246e-01,-4.112071209278329587e-01,1.295973133808022038e+00,3.804934617817151921e+00,-1.114888139486799101e+00,3.114942292385587841e+00,-2.807916503621825655e+00,2.857137599505686687e+00,1.744530333557804180e+00,1.257295184671656241e-01,1.036859425531731826e+00,-1.044709580735482923e+00,-1.473203512358914669e+00,4.701932316602424056e-01,-3.497909131185976683e-01,-1.707729827901699693e+00,3.039530679855977358e+00,-1.342217496370745167e+00,-3.234239091434165658e+00,-2.153048011856397714e-01,-1.198022108724464463e+00,1.329790510429008643e+00,3.673970571239124627e-01,-3.406804922977126004e+00,-3.547563075948759970e+00,2.681109456911168643e+00,8.336395979867473605e-01,-1.030846917692716108e-01,-1.642148248254989840e+00,-1.493810426727811391e+00,-1.369613646621030467e+00,-2.219169603248264178e+00,8.096620708069570682e-01,-1.102270874032385439e+00,1.351509234184775421e+00,1.765683142034616182e+00,1.758058382761101157e+00,-1.555133454552221073e-01,-4.296323215465481793e-01,8.042261219272122119e-01,1.650430227498373981e-01
1.342972389914049325e+00,1.010146255944788019e+00,1.102303437171605616e+00,-1.847297503994814294e+00,5.884393750194116812e-02,-1.248149710332600026e+00,-9.985885421223672509e-01,2.595932339161965530e+00,2.298985226975703178e+00,9.236919617078598321e-01,-2.391368001447158775e+00,1.604507710501025919e+00,1.074448258958772051e+00,1.273272192697026073e+00,-3.301623609959550842e-01,2.460582867306212229e+00,-4.151805639029453765e+00,-3.582021608445509209e-01,-1.072899127554667098e+00,-1.045258160333673025e-01,-1.475171216132155738e+00,2.305323197638711186e+00,-6.090980843233910758e-01,1.944681779429860535e+00,-1.217856860889459769e+00,1.504753065721655902e+00,3.072292300464051884e+00,-1.873611964651313855e+00,2.645088114211547659e+00,-8.451001764657333215e-01,6.839131261449740151e+00,2.834750404487412556e+00,1.654388804477825881e+00,-7.333338987963047284e-01,-3.071706776655095172e+00,-2.739506531216925556e+00,-1.431550673763610226e-01,7.306473900359113927e-01,-1.849862772542083533e-01,2.425638110509626522e+00,-2.583689161243672316e+00,-1.313184250101370631e+00,8.153483452690490907e-02,-3.312386846899088688e+00,2.096923748969812706e+00,8.569554480780829930e-01,-4.549234385068325892e+00,-2.811032902305603542e+00,3.491206207565566988e+00,1.567256636921430246e-01,1.398520643683034970e-01,-2.600371077145750665e+00,-2.638656292684616211e+00,-3.530300352025718347e+00,-2.530167283228260899e+00,-3.202241866116843916e+00,-3.699006330713133561e+00,1.820643810380582872e+00,3.580394428665489404e+00,2.948482839407845280e+00,1.436003828271883886e+00,-2.228515096821971131e+00,2.683154508637833224e+00,7.446374357112730547e-01
1.624676983673789543e-01,2.245167672423638905e+00,1.391099823088438159e+00,-3.915025530018481081e+00,-8.091605630571607755e-01,-3.669114275579469453e+00,-1.731184450679327802e-01,1.962292015694072855e+00,1.848930745328832836e+00,1.772017654360411809e+00,4.999711564025222099e-02,4.636609783757295045e-01,2.644731852154829532e+00,1.482917201752711467e+00,-1.846729569837869844e+00,-2.226164526999916404e-01,-2.100531017512838883e+00,1.325832973153462102e-01,-3.030208602075668889e+00,1.560964918609263119e+00,-2.895670208804167700e+00,1.074325750176283067e+00,2.708560954018688793e+00,1.685035075668983029e-01,-1.293169821669502007e+00,2.086789177341878077e+00,3.727190957795557757e+00,-9.102813173186674600e-01,2.108517472387116953e+00,-1.737129122255987701e+00,3.190088778610902231e+00,2.134167304527403441e+00,1.122312776879005325e+00,5.083832103717216278e-01,-6.786367983876757659e-01,-1.385326962351503877e+00,1.716987656721048472e+00,1.783300673374254464e+00,-1.357456207244744029e+00,1.833025686366378304e+00,-2.800715216964416943e+00,-2.880715525321540849e+00,-6.392521417733814104e-01,-3.869550964568691409e+00,3.622124708768145185e-01,2.754952794922405968e+00,-2.820693315361183728e+00,-1.851928269205707522e+00,2.976920736161344117e+00,3.884247650040020261e+00,-1.975018925412010962e+00,-1.528400125507511476e+00,-4.459355612504271704e+00,-2.362435282700178441e+00,-1.427930570622462758e+00,-2.246175327217612150e+00,-1.534479744766052756e+00,3.890198200295373887e+00,-5.014248616666805436e-01,4.287520611112590530e+00,9.207689905657667762e-01,-8.574196746478340847e-01,-7.390919675609575190e-01,-1.347345880257948547e+00
1.777498248234373301e+00,9.565404198344976683e-01,2.837410006145928865e+00,-3.562842111254901134e+00,1.099172522263070606e+00,-2.648934894886575186e+00,-5.177893165066982384e-01,3.900083874503570414e-01,2.634319520000167891e+00,1.637477187105847110e+00,-1.444006725345793551e+00,-1.582312501676134797e+00,2.409964838509347729e+00,2.226073409591739605e+00,-5.205997257818554269e-01,1.315227610716642959e+00,-2.604784752139047921e+00,-8.334420494777442512e-01,-2.249000341409900017e+00,8.747528968860640575e-02,-3.871422388762378652e+00,1.797983759820305671e+00,8.159488311605684885e-01,-5.519325139643785905e-01,1.471423302043238790e-01,3.785785502573872030e+00,3.198586056848907067e+00,-1.666917386239345822e+00,3.428337030396609642e+00,-1.548084054208602733e+00,2.075972689441816676e+00,1.066735347459994987e+00,3.441268805447832868e+00,1.841441569289440361e+00,-3.556722288125093723e+00,-2.387176935927104005e+00,-9.860465709336772022e-01,1.227168688886282055e+00,-9.672462662169105663e-01,9.796458227693176646e-01,-5.327707622154238543e-01,-1.893223178416528985e+00,-2.960244587753718015e+00,-1.034416223692152359e+00,2.018191291172417134e+00,2.487907053721695405e+00,-3.176795922653296245e+00,-2.462699759351345108e+00,4.128998845159024711e+00,2.319277408727476342e+00,-6.310520035472380052e-01,-4.292501080723698514e+00,-1.845405427511174645e+00,-2.919213582993525513e+00,-1.316558677334861649e+00,-2.676536761696057809e-01,-3.560192307286515589e+00,2.175148074657617947e+00,-3.765671233911660476e-02,3.828048174045041829e+00,-5.581481910528574009e-02,1.087711239092761017e+00,2.919366831684360619e+00,1.532182207881683356e+00
3.783735942707046718e+00,2.036216548469862886e+00,1.623493987283136875e+00,-2.447354967776389501e+00,-2.202769182271046233e+00,-4.242522556867236005e+00,-5.082627957213003977e-01,3.222998377767523959e+00,1.756199956926769890e+00,3.773035512257747470e+00,-8.177547221516621168e-01,2.004046583984285146e+00,1.925661451087321341e+00,1.411958998717967040e-01,-1.506420747812242666e+00,-9.334606490659052014e-01,-3.068808323376651881e+00,4.211921479080625308e-01,1.409760058937852278e-01,8.944993635188773773e-01,-4.745183763922330655e+00,2.390580166918875982e+00,8.309370681080575638e-01,1.130610708564629752e+00,-9.385613305560234210e-01,1.877659952808151456e+00,3.579989626841650008e+00,6.433675226015165283e-01,1.668758444154656573e+00,-5.507136430388269721e-01,2.387162932285042949e+00,3.180972382581010560e+00,6.306904153897014975e-01,-1.998992276916708111e+00,-2.932881613965174772e+00,-2.051280571997052604e+00,-1.075994023888898532e+00,-3.876812956922237596e-02,-5.361693089012634639e-01,2.866353260893172106e+00,-8.843837493806018246e-01,-2.697104311105489316e-01,-8.494238601326296045e-01,-3.652234327675778935e+00,9.207333722325736769e-01,-1.138383850978062828e+00,-4.068707957552258669e+00,-6.993164047745437095e-01,3.581092527047663676e+00,2.786986722551830553e+00,3.241488321770942260e-01,-2.717122552914589040e+00,-1.071699386889615635e+00,-3.653730730706929108e+00,-4.938391202291873006e-01,-1.203540683164227909e+00,-3.022355471014821937e+00,3.615018284990515252e+00,1.656712699645026987e+00,9.990314768794577027e-01,1.422503236399301763e-01,-1.586597336380427103e+00,6.661007009623602926e-01,-1.358229766626741108e+00
3.411489609885868468e+00,4.911473571330515764e-02,1.939668143577755188e+00,-3.541022721150418384e+00,5.638517120918695724e-01,-3.599505067023767602e+00,5.118004335218263590e-01,2.408756929061098173e+00,1.358176714114355921e+00,3.972106654990344765e+00,-9.245935936884783768e-01,-4.916220951232124214e-01,3.331208090811076605e+00,-3.942026737677160053e-01,1.423325805523488530e+00,8.085936351841007674e-01,-3.494600151909326158e+00,3.703351860793326900e-01,-1.766100187289229240e+00,2.184250110277548007e+00,-7.520545662072337656e-01,2.581640726577612011e+00,-3.610248137957692283e-01,-6.562887471935905381e-01,7.358065630200727458e-02,2.373118328270618083e-01,2.125105133930145662e+00,-6.414050689517031278e-01,2.181711463570962017e+00,-8.810706391365282775e-01,3.202505050699921529e+00,1.346688290602509275e+00,-4.548743017458924953e-01,1.407506623693387082e+00,-1.819646397707852303e+00,-2.130697444953104203e+00,-1.443988197188776246e+00,4.210634648940396740e-01,6.576224803303674094e-01,3.215605158510578043e+00,-1.279750691483590774e+00,-2.441493702827705725e+00,-2.585072910533731783e+00,-3.327730302762287540e+00,1.991173043933462283e+00,-1.149888696633531104e+00,-2.861814293146121013e+00,-7.425669536489054590e-01,3.191084410775683278e+00,1.934019971184975928e+00,-8.186271228698863700e-01,-3.642604566761852514e+00,-2.284676682588044461e+00,-4.653920635881338086e+00,-2.047763940235172608e+00,-1.059514961737374472e-01,-1.119927909844234071e+00,1.976864540083878685e+00,1.622954114704939332e+00,4.200901425873300177e-01,-2.269951029883994664e+00,-8.377983747444492924e-01,1.433707158910550117e+00,1.271675912746754733e+00
2.092381090958797429e+00,-3.051945588437046109e-01,2.335004873213046839e+00,-5.819685252832376143e+00,-1.547924555519117451e+00,-5.627920675913312465e+00,-3.991265274507362348e-01,2.586519775673111088e+00,2.274741540714079857e+00,4.685547619333311431e+00,-2.537562622588973582e-02,2.971264457252212887e-01,4.194785065261195101e+00,-2.405313601905323395e-05,1.056250605079851690e+00,8.660429279914627632e-01,-1.423159916326322216e+00,1.116361024572047445e+00,-9.545944597202629112e-01,3.307673193897424202e+00,-2.696046419740887323e+00,2.983874525754242502e+00,-1.557358410641978441e+00,-1.076915509331773046e+00,-9.794333327478755846e-01,1.403504318566199505e+00,2.004540934405643959e+00,-1.750631659589415801e+00,2.721961582426204895e+00,-2.587813184219407425e+00,3.075389596751621824e+00,2.659003973051694558e+00,1.855206562975560525e+00,1.992677609380361092e-01,-3.284155501937367383e+00,-3.626215051704970715e-01,-9.411979697966547098e-01,7.666293423818719699e-01,7.824973033190207872e-01,1.845605314312902534e+00,-9.650803427571005288e-01,-1.487775528379416956e+00,-2.412429617176117702e+00,-3.014315263181404081e+00,1.942988821371506525e+00,8.655829936830270466e-01,-3.434838950503860566e+00,-2.923903005182806325e+00,2.256260076359095645e+00,2.184523418057446431e+00,-1.038590992023254778e+00,-2.398475354494523426e+00,-2.494344320536577619e+00,-2.803152108084994154e+00,-2.740820247652388630e+00,-7.820490321597529659e-01,-2.612870038960906971e+00,4.500221713610435437e+00,4.529763650648777618e-01,1.078780380599012823e+00,-1.586027821669949045e+00,2.470885976253809790e+00,-7.716038406540435268e-01,8.813479328657332079e-01
1.201550435907311698e+00,6.726423648564774371e-01,5.361020426215916679e-01,-3.342711445688119287e+00,-2.736283575967961568e+00,-2.634423991318271430e+00,-1.246628030754991234e-01,1.813158182941851049e+00,3.020153563291924748e+00,4.116639059585191163e+00,1.263310619017651293e+00,7.880808814540364304e-01,1.959945955963974251e+00,-1.494528241367518717e-01,-3.669637935628299874e-01,2.409091900520754059e+00,-2.452961911541988727e-01,-9.239805716752708120e-01,-2.840809421519794320e+00,2.032215741170932066e+00,-4.094409732134907998e+00,2.595357023619084380e+00,2.719980125476305410e+00,-9.302047896471954402e-01,6.524626381658216179e-02,8.198847220183467233e-01,4.392458251700731786e+00,-1.052018888344291359e+00,5.038728642287733095e+00,-9.877080045956670995e-01,4.010811014463198099e+00,1.476654382706810376e+00,5.206242699287318976e-01,5.058865349217455121e-01,-2.708227288319203563e+00,-2.505704693597528898e+00,1.279096558368651326e+00,1.813720706363155077e+00,-1.694477462572179682e+00,2.447488481904494417e+00,-1.248093092486104450e+00,-1.362973683488178267e+00,-2.519280765057836380e-01,-1.290796134283956897e+00,1.506123238596200231e+00,-1.944747364548587987e-01,-1.786570762058660389e+00,-2.168561263429893415e+00,2.809037056954718281e+00,1.365780709937709059e+00,1.615172260849478292e+00,-3.289937483428285070e+00,-3.251136149657138485e+00,-1.441834993581051716e+00,-2.278953039539076908e+00,-2.123699665023512040e+00,-3.954638212777426443e+00,2.995722990679839270e+00,2.244311426683124333e-01,1.695523438451137954e+00,-4.710045398161995522e-01,-7.250132343958097803e-01,8.944057425403458828e-01,1.520873964015540647e+00
4.528756676691074734e-01,2.536714821347771043e+00,7.271487712931558045e-01,-2.135858510429102353e+00,-2.509368129060199237e+00,-7.008491471652407157e-01,-3.046788821815676895e-01,3.597067927720694058e+00,2.967077800802627063e+00,2.221859455367078517e+00,-2.722411332003848106e+00,1.392217903075505081e+00,1.420187216281808773e+00,3.367570065478969754e-01,-1.772744897978555167e+00,8.621994702093439544e-01,-4.513504299868666081e+00,-5.959573995957736514e-01,9.129671692777585612e-02,2.147359890865025545e+00,-3.579988878552139209e+00,3.414216903548568105e+00,1.781767747565500493e+00,-1.236694952845085682e+00,-8.936940712745433668e-01,-5.736990463430036158e-02,2.257100452758832532e+00,-1.574792438988550591e+00,1.546938538330160373e+00,-1.409334656783193696e+00,1.199580899475126916e+00,-2.234415687905584313e-01,2.971625894088870901e+00,9.703691794926914138e-01,-1.475120296248812579e+00,-3.460739692748107998e+00,-1.227329700485104425e-01,-1.058528645006721947e+00,3.496667051199031651e-02,1.866629837478859466e+00,-1.716603445645723092e+00,-2.363291640065080301e+00,-2.822541483666633155e+00,-1.862172875839280817e+00,1.017345286019548878e+00,1.152813555302033111e+00,-2.381635434256245798e+00,-2.160409126800378665e+00,2.615720017845248435e+00,1.930427792720874836e+00,-9.196023279069293066e-01,-4.308897336768560571e+00,-4.877523847743828078e+00,-3.106120124751530209e+00,-1.958821549513029669e+00,-1.587430733224635127e+00,-2.523749773097978988e+00,3.258849470679482607e+00,1.260871741111418975e-01,3.623827064232144846e+00,-3.012647789891298000e+00,1.531553743157828107e+00,2.866082286476882679e+00,-1.388584456884252027e+00
1.791340140712074369e-01,1.421078035266828632e+00,2.031871321581801393e+00,-3.835047785406817233e+00,-8.620718978105671448e-01,-4.858304227024340172e+00,-2.120317991049314177e+00,2.503206689613981961e+00,2.054082773820011809e+00,4.179222332302295229e+00,-4.543422228106013261e-01,3.206351909911376308e-01,7.028079061080674261e-01,-6.931393759315627179e-01,9.759047905699808068e-01,2.792721907571645623e+00,-2.662150905289662361e+00,-4.787822283577536364e-01,-1.796686937004556173e+00,5.045748796588240381e+00,-3.466833221826366884e+00,1.994627759781174792e+00,2.165067143908989244e+00,-1.610198737395857060e-01,-3.547375807847671925e-01,7.383161145639872691e-01,3.248907095267549838e+00,-6.823560489567750409e-01,1.706132119324459628e+00,-2.153842351266853861e+00,4.137288555901367459e+00,2.135179617319811651e+00,1.720018442422793337e+00,5.223204011834798877e-01,-5.616483703398529315e-01,-1.617253423628430831e+00,-2.029877281110891829e+00,2.035615434624755138e-01,9.266234138889810623e-01,1.529085660119047674e+00,-1.626615337001672046e+00,-2.327108942617910792e+00,-5.041296049997381346e-01,-2.778776546134997805e+00,6.643372405069191133e-01,1.033839628693137502e+00,-3.260044984807045854e+00,-2.852873072460667014e+00,1.349551702948276644e+00,5.270904427628461120e-01,5.185178927273945693e-01,-5.464934105531813469e-01,-3.167645872790813666e+00,-2.704462732527438629e+00,-6.924854733538805540e-01,3.885246905137955675e-01,-2.248424288149161399e+00,5.136985422571058280e+00,2.636908324929245317e+00,3.745955376253158775e+00,-8.917364696403878854e-02,-9.250573247539267685e-01,1.436818616403274573e+00,1.958227301772825557e+00
7.658332856596394844e-01,-1.103449257230586511e+00,2.106940374389712822e+00,-2.405119555173079071e+00,-1.667100914158059499e-02,-3.350431836083734627e+00,-1.655098012071194669e+00,3.455876047193573442e-02,1.776931074870528704e+00,3.904872265683494881e+00,-9.913024014924776139e-01,1.826290797306484581e+00,3.319318470927633324e+00,2.323657274312930232e-01,1.932647669948045488e+00,1.339026144822223818e+00,-3.648640244557124213e+00,1.168455609040492060e+00,-4.683551250416105871e-01,2.983749798361644334e+00,-4.733362449669511918e+00,3.417896893629260635e+00,1.624876888743809644e+00,-6.037400551216512978e-01,-1.278434464992148634e+00,4.418492581353257176e-01,2.786558282318181590e+00,-1.504089670247199528e-02,1.935593924735600657e+00,-2.100674034532493906e+00,3.932021330682016647e+00,1.277271032116687799e+00,1.389199770143555890e+00,1.887859301328454364e+00,-2.571963101205976709e+00,-1.785677920297274568e+00,-1.077796622298321294e+00,3.369052071288780148e+00,1.893612301862698244e-01,3.205680647138991368e+00,-5.482146000843024503e-01,-2.553069273855278265e+00,-1.849507820458066609e+00,-8.856716324739855040e-01,7.554966677226986338e-01,3.673272707408405391e-01,-2.567238730100649846e+00,-2.106071993015470767e+00,2.889163614365246602e+00,1.555363630224076532e+00,4.501854693282243414e-01,-4.764484382993876999e+00,-1.979917336797238470e+00,-2.822395463432491258e+00,-1.078579784333470570e+00,-4.759299802732996354e-01,-2.635526448937729249e+00,9.706120373503739351e-01,-2.170016896882056567e-01,3.325108178196725106e+00,-7.881576629399051903e-01,-1.472253269431362588e+00,7.020198610262005090e-01,1.326951159330448160e+00
2.579911244221407607e+00,1.006741066857059996e+00,2.362436634448147998e+00,-2.192275832949651448e+00,-7.462810440163052395e-01,-4.419925905105198893e+00,-1.563942776930755008e+00,2.054486344341716730e+00,1.014693963885505923e+00,3.471058300453909506e+00,-8.897380280320845714e-01,2.324390256206239069e-01,3.229308914657170959e+00,1.027077468627378698e+00,9.130439692255042372e-01,9.975613733668147187e-01,-8.522953775422028588e-01,8.112245403600143456e-01,2.729125964660039649e-02,1.932394003499501745e+00,-4.198026569699151445e+00,8.125445594284022022e-01,7.449543163262328793e-01,1.603657503955825847e+00,4.461581378228363093e-01,1.454024364378986300e-01,2.716422245946279901e+00,4.913659995452968055e-02,2.789345044663105622e+00,5.557773241466272829e-01,3.742128672310064186e+00,2.561121068606055040e+00,2.736947921810088502e+00,-1.350362509344529283e-01,-3.368722280861565110e+00,-1.708376577274255848e+00,-2.876224592194027707e-01,1.070109905462888644e+00,1.023624456431627694e+00,3.192433675010590832e+00,-1.068145667994859549e+00,-1.455634862529969764e+00,-2.147927954334457379e+00,-2.478373891320752698e+00,6.705190381935195454e-01,-6.391507697352973860e-01,-2.521319449072013441e+00,-1.440326669318491515e+00,2.832070355486341118e+00,-1.518442678469624774e-01,-2.659217412189458507e-01,-1.316389407791631827e+00,-3.772179713017364655e+00,-2.836524951466969480e+00,2.657014413219216387e-01,-1.685831991421950171e+00,-3.658680529611436860e+00,2.397205205188450705e+00,-1.539644762198781880e-01,1.720053690447938655e+00,1.094477490229585737e+00,7.956779404524856325e-01,-2.048132099017023755e-01,3.054520151573849596e-01
2.854402191271673939e+00,1.279718427031910410e+00,2.385838580990671254e+00,-4.099836658644144372e+00,-8.673484802309194830e-01,-2.961058214121032872e+00,7.642160372064682461e-02,3.680741852562612770e+00,2.980921510027676469e+00,2.416426194809559558e+00,-3.854526690240187015e-01,-5.348632450790922199e-01,5.040730371465917958e-01,1.357344260988190277e-01,1.416030308924707271e+00,1.033266885562987847e+00,-3.214969079513878114e+00,1.498710104352783290e+00,-1.038717537979141792e+00,3.306549595132796782e+00,-3.378138932858094190e+00,3.231771170280167027e+00,8.786337601201388292e-01,-2.841106891272201507e-01,7.682136911724302131e-02,2.141150286632083066e+00,1.998517227320324663e+00,-1.757022916769855225e+00,2.439308214396176844e+00,-2.787522179511441323e+00,3.755734174192030039e+00,9.050914666120415397e-01,4.251431818608272240e-01,1.631771791005645733e+00,-2.184508209684066227e+00,-2.458552629997386774e+00,2.525793792447559860e-01,8.680745499539981314e-01,-1.525733972788254178e+00,2.892743955272273126e+00,-2.545427622756462505e+00,-2.482108541919801237e+00,-3.130042877901450638e+00,-2.558878481397098614e+00,-4.700704561010351501e-01,1.522928596427412185e+00,-4.417863276635378256e+00,-2.735398562891858454e+00,8.660556285529394938e-01,1.703767357395893800e+00,1.206472066522542574e+00,-1.212931978962088042e+00,-2.651770083185195137e+00,-2.550734948391544687e+00,-3.227170379431377967e+00,6.189896949118933733e-02,-1.352688330104899750e+00,1.613053688888344439e+00,8.019778965575764529e-01,4.450217594815236488e+00,1.510706694572296893e-01,2.679593072935392284e-01,2.373830436569639879e+00,2.760399823730563806e+00
-1.631915401887642503e-01,4.586844295020786610e-01,2.036879398885644843e+00,-2.710953767852292362e+00,-2.353183598306745061e+00,-3.950562662713639650e+00,-8.805067297839156426e-01,2.241487154270912274e+00,2.232481287221405264e+00,4.215882356026457778e+00,1.301351473090716970e+00,3.552924005182737099e-01,1.737687773778391120e+00,-5.892769359299565579e-01,5.693739991668592682e-01,1.113537765685549630e+00,-1.884519254315437653e+00,-1.508122279391589604e+00,-2.752891332588192075e-01,1.797326368159347432e+00,-2.484138990514575429e+00,2.526954569324523447e+00,7.129370662041810691e-01,8.521575813364057339e-02,-1.036989561495479162e+00,-1.060262815276333370e+00,2.626638527660503097e+00,-1.074692294280391147e+00,2.350739492456446644e+00,-1.569501579623112653e+00,3.425226149217164284e+00,3.689684624188446449e+00,1.404602395876583643e+00,2.276367354292471168e-01,-1.018245674952560575e+00,-9.648232281187456572e-01,1.985205070398797567e+00,6.950169563346312307e-01,-1.959010447332325100e+00,7.917553488276265483e-01,-1.402907625687775273e+00,-1.807748174334119273e+00,-1.458827822096800730e+00,-3.760782999492025880e+00,-1.432594820532420155e-01,1.802802475585224107e+00,-4.567723495682649570e+00,-4.508073330559834169e+00,1.224675391339670627e+00,3.370163129343246577e-01,1.184802827132971137e+00,-1.936826985386109534e+00,-4.016231943442867269e+00,-2.577816740313247923e+00,-9.203198022683112267e-01,-3.358806075868677743e-01,-1.958300940897153231e+00,4.780938762723094371e+00,2.108721792377743931e+00,3.913630864559183298e+00,-5.672752912971635864e-01,-1.541875326907921506e+00,2.843261695713339421e-02,-4.753207543872226548e-01
2.463331687200804865e-01,1.138219303274785599e-01,1.170025818093010539e+00,-3.789142130237975525e+00,-1.964421280846279094e+00,-3.526217742880451755e+00,-1.203360713072001653e+00,2.844983073833799114e+00,1.799786060680526045e+00,2.332349508199390353e+00,-1.016238377300720419e+00,6.667398329153412240e-01,6.058580605391872265e-01,1.133640467484990699e+00,1.199716538456577775e+00,3.843349925220950869e+00,-8.605370744872100630e-01,5.441227882900481205e-01,-2.215275647389804980e+00,2.857468345469785120e+00,-3.520238564852883556e+00,7.117883711023376136e-01,1.986834181024667911e+00,-1.336339964663262991e+00,1.778343065706682768e+00,4.937750865246491871e-01,3.537569964058409511e+00,-1.598798788669144599e-01,2.123514405250513715e+00,-4.242188859419915303e-02,2.974045138111637065e+00,3.056970183516097173e+00,8.141894072565869500e-02,5.843444555910901617e-01,-3.496187161217112482e-01,-2.381126942845637640e+00,-2.812082667164239602e-01,1.289908854854826981e+00,-2.452471221720839090e+00,3.347711817793173950e+00,-6.994542469975422172e-01,-1.562568778139618697e+00,-6.450340866171133669e-02,-5.937730378321425917e+00,1.222636624860981014e+00,-2.142036249063468123e-01,-2.377700530745616270e+00,-2.850504223051928410e+00,2.672654968215849358e+00,1.450346572924485322e+00,4.170745415103700449e-01,-6.101926649998363761e-01,-1.542886202201752655e+00,-1.231101567782618256e+00,-3.411140987831517979e+00,4.110430412422714230e-01,-1.830367561814680633e+00,3.475299519726518405e+00,2.188879019357639955e+00,3.353133246779800292e+00,1.053857590768175090e+00,-1.208974465571790446e+00,8.633689119338125995e-01,1.034836359719795817e+00
1.081417101873648701e+00,7.365489637033262316e-02,1.992847047067960009e+00,-3.011867219953784147e+00,-2.243335958583825729e+00,-3.964674505712086017e+00,-4.323736122900369017e-01,2.102429515438891894e+00,1.428422267528705492e+00,2.767359894624307426e+00,4.781544662061383288e-01,4.068341269232394475e-01,2.561541383668767935e+00,1.682752639634371272e+00,-6.872735971196491933e-01,2.490771247400090926e-01,-3.092098305235033262e+00,-1.264166023984682363e+00,-1.310815421863606556e+00,2.041832605876674478e+00,-4.781190151530099186e+00,3.869209924255592181e+00,1.108190989635047030e+00,2.504961539345609278e-01,-3.205685369726847700e+00,1.255179335759514236e-01,2.059690974480291814e+00,-2.094495093436534283e+00,9.330179226938759562e-01,-1.359411655884997572e+00,3.395880867291286354e+00,1.643892760360534888e+00,2.827666895171213834e+00,-3.018745110213993943e-02,-2.612867054399854450e+00,-1.942097084327002010e+00,-1.534318856311646329e+00,1.370216975325384334e+00,-3.733401195662721106e-01,2.667305177184537968e+00,-2.384478578597683196e+00,-6.169398159357837308e-01,-2.558181818510116834e+00,-1.883605016052829484e+00,1.543143271096499847e+00,1.880328774298402728e+00,-3.291487146120368301e+00,-1.398402642409372731e+00,1.754572181791270724e+00,9.091231094820032554e-01,-4.737589261122611139e-01,-2.173249958497931900e+00,-4.124279608639988659e+00,-3.166790705514268112e+00,-3.066454889433507525e+00,-1.667722249456084604e+00,-3.237621256330125874e+00,6.310073471279769031e-01,1.207753292777824505e+00,1.603213174963875165e+00,-1.799302304567942934e-01,4.188838796772162976e-01,1.517201559051686743e+00,1.122930728479484497e+00
3.769923766832488088e-01,1.983406147942160969e+00,1.817582423906701550e+00,-1.500628966111748896e+00,-1.674544906118546006e+00,-4.636866703480404972e+00,-1.234364151950682942e+00,1.576653383308685097e+00,3.201982169547639145e+00,2.104131798811009979e+00,5.774416884484478985e-01,-5.099511486142991323e-01,1.485460205201538653e+00,2.684324334723288352e+00,6.644424413327225387e-02,6.024692021975882605e-01,-2.277813273632978142e+00,5.375677953750359617e-01,-4.011201517796155747e-01,-4.575850793805096295e-01,-3.066845529119574643e+00,2.245664447074041448e+00,2.052464331869769953e-01,3.940821030863082552e-01,-1.565680838794325291e+00,8.955630690311086051e-01,3.408677955324414199e+00,-2.515859936827851584e+00,1.770851718319499835e+00,-4.916429014989620594e-01,4.895158052722609732e+00,1.853304989749582354e+00,2.477159185535955821e+00,1.037565443294259593e+00,-1.231714919078852333e+00,-4.464325807249822198e+00,-6.114243955762070915e-01,8.386769639773126173e-01,-1.739519745832528885e+00,2.901256812773847837e+00,-9.114801054220773580e-01,-4.847159638794007464e-02,-2.807329917755445159e+00,-2.279542676663780298e+00,6.444094066364569606e-01,6.399186230346483040e-01,-3.997688288988727301e+00,-9.408778538451005868e-01,2.579808806779182007e+00,7.926591571567367378e-01,-6.492720399319844571e-01,-1.183968844768986672e+00,-3.211716751258092639e+00,-4.846200230207560189e+00,-1.906623133122315128e+00,-6.821916617439974795e-01,-4.671557065368465267e+00,3.384836990619033426e+00,1.153413970046452519e+00,3.051100749070148499e+00,-1.970292595309313999e+00,5.126452133769581199e-01,9.398854679167465420e-01,3.820107078607453688e-01
1.812869529373363209e+00,5.684793380256705220e-01,7.541656510469224584e-01,-2.405325766918556152e+00,7.709858896032883990e-02,-3.261407362674697552e+00,-8.746579555507375536e-01,3.247343069244703173e+00,3.266897039123354940e+00,1.774966998300917531e+00,4.823744119369797190e-01,2.708335454574236856e+00,1.647208756559828569e+00,4.689690104762287981e-01,1.040384100074975615e+00,1.068432183343659414e-01,-1.472408677098570262e+00,4.852201063452409313e-01,-1.639525765020800829e+00,1.126879146422358868e+00,-2.993992729464609148e+00,3.357552057284126423e+00,1.078586374987680285e+00,1.419989002647829679e+00,-9.194506648620068834e-01,-4.987361858270307202e-01,2.709776048033387674e+00,-7.645368782731631896e-01,1.806664733696296432e+00,-1.840443255930940047e+00,3.170477757836509536e+00,2.006761019206456886e+00,1.666582137058052915e+00,1.191545969736719224e+00,-4.080504920855659634e+00,-9.967392746210368415e-01,-2.590928959177527524e-01,2.022271765594863879e+00,-1.064842290111322143e+00,2.661381124449002655e+00,-1.831153450003946137e+00,-3.849916174155832316e+00,-2.139880667166746520e+00,-4.405475303680448818e+00,-1.259109973303711438e-01,3.197631391538929835e-01,-2.896786689660548753e+00,-2.382888447319400527e+00,3.156758866310604539e+00,1.154005069389976601e+00,-3.123833482788860749e+00,-2.746086394910255635e+00,-3.803149825470874656e+00,-7.579534959634823821e-01,-1.537677493338273971e+00,-4.789838421222861742e-01,-2.211853984139397156e+00,2.750932731261218400e+00,3.453091502569047844e-01,2.475071829726525507e+00,-1.183565629225334259e+00,-1.312092401020142463e+00,9.867371320171589577e-01,1.501629271982277691e-01
3.756213513893851275e+00,-1.093930123028777679e+00,4.219019117205410119e+00,-3.199969184775978359e+00,-1.478119586755168857e-01,-3.921368607468429968e+00,-1.183116036477744465e-01,2.227080332133744900e+00,1.025749867297160112e+00,2.514450306525259915e+00,-3.269897675770383483e-02,-1.813751090045314651e-01,1.676611561301639242e+00,7.327287450880857200e-01,-1.337543183538754121e-01,5.610837545387152847e-01,-2.839584660525207305e+00,1.129021059553758199e+00,-1.494311893305333205e+00,3.009302411936389809e+00,-1.601446803928125551e+00,3.117207818465525193e+00,2.105148787417031819e+00,-5.205317986427889787e-01,5.024470824346316533e-02,2.662550281153033271e-01,4.523530764195355935e-01,-1.030290029805730478e+00,1.821376394055430836e+00,-2.280198136548083010e+00,1.472750054241292794e+00,1.993277098546358150e+00,-2.938150664651071331e-01,1.431656866355873969e+00,6.974313606736552984e-01,-1.807187041016032225e+00,1.681478817549041604e+00,9.128672146103694596e-01,-1.139119459504421839e-01,7.741500175975712938e-01,-2.978242667447987380e+00,8.036016238905996367e-01,-3.859736337770067749e+00,-1.797143449685474126e+00,-3.553363471528487860e-01,-3.472134066884223769e-01,-4.194381982139495868e+00,-3.170055107971460728e+00,2.680825692005476046e+00,1.047848604795457383e+00,1.341055796543827228e+00,-2.439943125356591302e+00,-1.670079897856260320e+00,-1.602396802080249039e+00,-2.277368935503294889e+00,-2.619348278670771357e+00,-4.331433609262575146e+00,4.970454167714694726e+00,5.931083957609348811e-01,2.532811590058826390e+00,-1.221555068689335943e+00,9.833325157635590674e-01,1.704498723847781338e+00,2.258471406940529391e+00
2.127903825521375136e+00,6.009206985138091373e-01,1.782297210967665357e+00,-1.930801318292627577e+00,-2.170075923506327165e+00,-4.063151954396540866e+00,2.923890630498857113e-01,1.458531869622172739e+00,-2.796095543827030738e-01,1.795893885786208566e+00,-1.919358088060682865e+00,1.255361817153686221e+00,1.965054323260604585e+00,6.724817817383494933e-01,-1.636779532302446577e-02,2.881803973733014335e+00,-3.031496959630347376e+00,-2.163795508044463189e-01,-1.136800857864948444e+00,3.043689096857113974e+00,-1.836559182562873094e+00,1.481755572803494569e+00,-6.396556015530709960e-01,-8.342127490831738879e-01,-2.204006154146594731e+00,1.064598398168899118e+00,3.774966334471030915e+00,-4.390185081740275441e-01,1.642471319489606341e+00,-1.097756422320299130e+00,5.631567805919921454e+00,6.858467584754803781e-01,1.041841011905952019e+00,1.336465042412179338e-01,-2.674447835660852757e+00,-2.854671949697604294e+00,-3.894401466144420398e-01,2.437776136824860718e-01,-2.829643813958951371e-01,2.114581887071274036e+00,-2.662095024027958612e+00,-2.857142222457610181e+00,-2.949252884771929928e+00,-2.646182397055347746e+00,1.427150365762174022e+00,6.698059280829191664e-01,-2.629730140941880290e+00,5.674317033668208055e-02,3.204634621777670223e+00,1.108592915404627899e+00,1.455289226067829178e+00,-1.830415455597360186e+00,-3.648093647037350173e+00,-3.574808336659026420e+00,-1.407004292383804422e-01,-4.793856681683750787e-01,-5.118063848161895635e+00,1.302915207154518695e+00,7.161465329357030729e-01,3.288805401485520807e+00,1.865716104814676424e+00,-9.743364501070803652e-01,1.666215086826110969e+00,-2.126380863972134883e-01
1.259377923943996169e+00,4.550262179004441743e-01,1.614505411879806340e+00,-1.704505013804428204e+00,-5.315309451857777034e-01,-4.385419754005267734e+00,2.157822785568572765e+00,2.240423387914177056e+00,2.205318918504943326e+00,3.583077110079612382e+00,-8.811158060662382940e-01,2.413753349213997090e+00,1.406269634886748943e+00,7.985427305196438619e-01,-1.082500918419174285e+00,9.921022465213935604e-02,-3.162418475279175745e+00,-1.412034368501356996e+00,-9.995706447879377787e-01,2.106840259637784207e+00,-4.033514610548987633e+00,2.448455163434295478e+00,9.140987587006218495e-01,-1.464543002570638741e+00,-5.988312436689585683e-01,1.963406545736878783e-01,5.071761471290139767e+00,-1.685318876016416612e+00,9.561192095958601644e-01,-1.376125845526362301e+00,3.293855789949636570e+00,3.414017504558336302e+00,5.658248578502481640e-01,8.681585872837745965e-01,-2.753907167091506736e+00,-2.426940328629714649e+00,-1.961845496010677925e-02,9.793146386428115413e-01,1.108343690546724325e+00,4.490610607950787703e+00,-2.393882945558142072e+00,-5.073614826202346162e-01,-1.465582175844768908e+00,-2.374705468816642462e+00,-1.821293291645819323e+00,1.916670104536971841e+00,-3.037664415960377173e+00,-3.919955612640209530e+00,1.877115666221734314e+00,2.500775279527378547e+00,-7.036952621113926609e-01,-3.572538211981222567e+00,-5.899742077434058984e+00,-2.125241377643933838e+00,-1.164681063304189301e+00,-9.040148559209671975e-01,-3.864192184202620339e+00,3.531381190236924539e+00,1.017456329022160322e+00,9.094094480644878686e-01,4.780794571069031385e-01,-1.738383386506523021e+00,1.008029453681911214e-01,1.929693190607422837e+00
1.624521350722794910e+00,-5.269145503090411076e-02,5.882569889783981765e-01,-4.773687453434980021e+00,-5.794625491084708369e-01,-3.365094223647719929e+00,8.583890594469802959e-01,1.184747830133715762e+00,2.092531009829251776e+00,1.062908051171901569e+00,-2.281599960891133594e-01,9.724727144828106962e-01,3.610272032654552099e+00,1.348155682288894264e+00,1.188571485184362619e-01,1.503009877623869173e+00,-9.812493232308281410e-01,2.372569587771200528e+00,-1.204553770709293259e+00,2.162393106052928893e+00,-2.802008101820999464e+00,2.817809219018334588e+00,1.621033115229264521e-01,9.046903228299595368e-01,-3.694315130737965136e-01,1.701807910064023099e+00,3.783493779589977901e+00,-1.746378142148117263e+00,1.369085439293371564e-01,-1.665090912317217953e+00,2.144618191884108072e+00,2.104036152468726772e-01,2.550849651164468490e+00,2.708384375193685356e-01,-3.175396029354430105e+00,-2.421778972146446662e-01,-2.815284554533294514e+00,9.019513110046923909e-01,-1.579149542654934013e+00,1.624906885802096523e+00,-1.618299490115767902e+00,-1.882381406278078373e+00,-1.008358765894967313e+00,-4.421607402397689235e-01,1.241905041998899062e+00,-1.180399994377059336e-01,-3.327556041873472203e+00,-3.143912328543084556e+00,2.581407011552833364e+00,1.322607266205093834e+00,1.180804734306734938e+00,-2.354798086628813181e+00,-2.257249847505623741e+00,-7.590168642725831916e-01,8.837660346780360499e-01,-3.735854969509834422e+00,-2.055459692866393961e+00,3.770137416803168939e+00,6.353751488602473740e-01,2.094040761001503270e+00,-7.532251502518915176e-01,-8.742520865619054504e-01,7.225657106329033130e-01,8.779584974143753717e-01
2.606194881302118294e+00,1.296325465571944946e+00,1.889860675588424854e+00,-6.245835751311233253e+00,-2.102353959736638966e+00,-1.715500478878380530e+00,7.710304445413093122e-01,1.967569594641839670e+00,3.553295944758978031e+00,1.029652488201147964e+00,3.097008792787322440e-01,8.269021407019783165e-02,3.366271815895590436e+00,2.299439795501711625e+00,-1.359707418966018988e+00,1.173232169327013352e+00,-4.415573555820708762e+00,2.944222186510916384e-01,-7.758532565905760237e-01,2.237745153778623042e+00,-2.917900553335545322e+00,3.145828325090873623e+00,8.958649471053999891e-01,-6.612808823925053758e-01,-2.732097051586776182e+00,-6.982770208146615865e-01,2.641471437184542026e+00,-2.152421483774427990e+00,1.786685028996766178e+00,-1.428007575952320751e+00,4.007570478444815620e+00,4.295442800345425916e-01,5.642676962993874445e-01,6.564690157681409843e-01,-2.302647140000521286e+00,-3.034022020330182201e+00,-1.790926387838907674e+00,6.725404551185270030e-01,-1.490739507434808431e+00,2.964461083421689125e+00,-1.120642047128824981e+00,-1.707139992292149966e+00,3.428478414316922240e-01,-3.113941149931679586e+00,6.264361800294970806e-02,-9.685186759782167254e-01,-4.060567510429610394e+00,-1.879662539675955868e+00,2.768013462547892267e+00,-5.454127774432446785e-01,1.174610160656860192e+00,-1.906021050332473266e+00,-3.975983306690055397e+00,-2.062857121716970443e+00,-2.137854928487647133e+00,-3.498657245787066827e-01,-2.032991633863946213e+00,2.269386193303142729e+00,1.037099383601050473e+00,1.721259903161699523e+00,-1.057888009705392651e+00,-6.886989271140790958e-01,1.071587338911233811e+00,1.595792628834878268e+00
1.581596248316592623e+00,2.953208757935297690e+00,3.474752220513460887e+00,-1.942197106118797700e+00,-7.019346353526936255e-01,-2.907145094836250276e+00,-2.106018337368385840e+00,1.598760911584200972e+00,3.523896015602319132e+00,3.633935145861065585e+00,-1.799706459577662399e-01,8.574322109068402975e-01,8.139683048106749474e-02,-3.076855571432550729e-01,6.497655364042966841e-01,2.540553869132405884e-01,-2.939330928185307279e+00,-1.256614362322854506e+00,-2.719515169206861316e+00,3.053832338864203244e+00,-1.542213507745204826e+00,4.290219323234248705e+00,1.238229295547985886e+00,-4.585692134039313639e-01,-3.176196000631041461e+00,1.926045016431889190e+00,4.632824975301217840e+00,-4.166716387509614705e-01,2.974516512800246204e+00,-3.071843708747433510e+00,5.057884205017172619e+00,1.902624189867872628e+00,1.678787770337402119e+00,-2.070462403976316867e+00,-1.496063511784914812e+00,-1.347411825010803588e+00,-4.985448171965584097e-03,-5.466514429272588682e-01,-1.464803152131827435e+00,2.796148966751123233e+00,-2.304056204477802350e+00,-3.779071430071228477e+00,-2.132885137644362494e+00,-4.076468832338073334e+00,9.181182152005651353e-02,1.688599724643471411e+00,-2.823811606349555525e+00,-4.135995147718830367e+00,4.294386288375701355e+00,1.144726641451463411e+00,7.442348301764560858e-01,-2.610390867854002650e+00,-2.707724088552104558e+00,-2.818923079189006753e+00,-1.353931526611599212e+00,-1.292200337017355594e+00,-1.317980908546061647e+00,3.817490903568591776e+00,5.837333848890902122e-01,3.873355783465838087e+00,-8.879817760940604821e-01,-3.902867447649708499e+00,-2.986712031838349990e-01,5.460634103772494807e-01
2.083754084877116775e+00,1.439647061879241186e+00,1.801692014161507371e+00,-2.461893707261549213e+00,7.417412078462584102e-01,-5.469021289232283145e+00,6.138484684567101501e-01,-3.471710458239969377e-01,1.170498086349992084e+00,1.854832428906276531e+00,-4.435261117551363985e-01,1.388337455590849201e+00,2.339906231694170113e+00,3.518252366243388440e-01,1.012460548781078246e-01,1.972221314302060602e+00,-2.755633372024970384e+00,9.485850827891697534e-01,-1.116294607927519333e+00,3.319236057129406170e+00,-3.534508146436454723e+00,2.071454317437454673e+00,5.254541855124648109e-01,5.163851955975532482e-01,-1.176653078206290060e-01,3.809501147150589073e-01,2.002579776587947169e+00,-2.560465221457850493e+00,2.201629656971704208e+00,-1.519473541918300974e+00,3.901591700797278683e+00,1.874447684290943439e+00,-2.077390422931382208e-01,5.828013872671238271e-01,5.548538120607950930e-01,-4.006076454380155027e+00,1.100731911477272673e+00,-3.002059079601573366e-01,-1.400451320646757480e+00,1.161648556254021525e+00,-1.878868152939014546e+00,-3.361231952429486469e-01,-3.374805581203879967e+00,-1.867131204133482658e+00,3.210720065451389438e+00,-5.228358207542076475e-01,-2.999537156082568323e+00,-1.068251386269682301e+00,2.811404708533362218e+00,3.426350808516637869e+00,-9.429186688451308695e-01,-3.687963888415963787e+00,-4.769438102157373294e+00,-1.815414810625056941e+00,-1.546998713966261096e-01,-3.713542156055485988e-01,-2.247198884346458314e+00,3.439214339896493389e+00,4.113624794423998976e-01,3.949430723345976002e+00,-1.668249709783693469e+00,1.417142996504204833e-01,7.729753922634339247e-01,1.234125425278879806e+00
2.625839165632392280e+00,2.364882529307546832e+00,2.127599518962066227e+00,-4.662206309045297203e+00,7.074410768855525777e-01,-5.405424996623221290e+00,-2.727377412545095581e-01,2.035030532466975295e+00,2.306268494501537702e+00,1.617794351319937762e+00,-2.147325239515152973e+00,-1.296849018242304252e+00,1.672297608795390467e+00,7.337107920078416168e-01,-4.743572438330831420e-01,8.760975021288630593e-01,-2.635683841895759549e+00,-1.720207549856985763e-01,-1.164400359312775191e+00,2.878392213946118883e+00,-1.918388868385659585e+00,4.628618073591157511e+00,2.177245162134100021e+00,-3.222137092552953552e-01,-6.495139174086385081e-01,1.479770221838192068e+00,3.770129441168951878e+00,1.406616668828479799e-01,1.119542440771655212e+00,-7.755421137154966393e-01,2.568664187008930178e+00,4.362781978697587881e+00,1.212019515145282611e+00,1.858333809200065190e+00,-1.460259304862940422e+00,-2.519216542906626000e+00,1.280639528980200170e+00,5.889025479767892035e-01,-1.369910727919248838e+00,1.586672341387522778e+00,-1.630708564124783155e+00,-2.678581364054912761e-01,-8.385373446954640375e-01,-4.861795899923407660e+00,1.043203401919935214e+00,8.899152935410212795e-01,-2.167921975211280383e+00,-1.406820299421335463e+00,4.806164157342788457e+00,2.672834018027321790e+00,4.212058045720124683e-02,-1.137562164854454494e+00,-2.421432534047328389e+00,-4.372771321796715682e+00,-6.387280319603375611e-01,1.114221796777867812e+00,-2.951358968727046062e+00,2.584813016744138547e+00,1.406750079084731153e+00,3.121755222469300595e+00,3.611220873336206116e-01,-2.070943805780159686e+00,7.974958233488590453e-01,1.335360353828858093e+00
4.265154830450679668e+00,9.072165926737645325e-01,1.254734399264528788e+00,-5.175580688741339586e+00,-4.982707569145881643e-01,-3.857493927275787993e+00,1.395463691922771421e+00,2.975429083249904849e+00,2.021665807399003700e+00,5.600692134417044166e+00,-1.875041320180537707e-01,-1.859505908702293819e+00,2.217697813960803899e-01,9.551123712852049863e-02,1.642574677395539862e+00,6.214765612857613419e-01,-3.241243658803671046e+00,-3.098790845970532393e-02,-1.824774291202490684e+00,2.341520772001951745e+00,-1.636468702593088853e+00,1.903695977184622690e+00,-3.887888163109063377e-01,4.464659593067019094e-02,2.317139610899007884e+00,1.210666555843688208e+00,4.441550314071648131e+00,-1.216622260222285368e-01,2.705939644643229336e-01,-6.868056293103405041e-01,4.601969350525902058e+00,2.319400730674951117e+00,9.351218818317070802e-01,1.271283888119247862e+00,3.468261603834066342e-01,-3.048562335610931484e+00,-1.313329099586528326e+00,7.088021325846268761e-01,1.241214800358663384e+00,1.630376877866537955e+00,-2.175302341445267906e+00,-2.330904127322720676e+00,-3.237853938642156315e+00,-2.770768066286137810e+00,-1.661050840683175878e-02,-1.372302147648277515e+00,-4.942696109016362804e+00,-2.034482233838833309e+00,2.097597645135783395e+00,1.219550297937824102e+00,2.109248665441885995e-01,-1.533813655632797701e+00,-2.313378489500531821e+00,-2.425212889071124867e+00,-1.733226396600349384e+00,-2.986788344286693597e+00,-3.156122999751296732e+00,1.101556129894530001e+00,-5.360123885753900197e-01,2.722409912055790748e+00,-3.663954648610003861e+00,3.261961480037740557e-01,6.736518110511469093e-01,-2.028920416992549214e+00
1.360021236318422311e+00,2.517201362356235705e+00,9.253531365449413348e-01,-4.496977912185650794e+00,-7.938792374861334267e-01,-3.760726124959255401e+00,-2.324466721096807853e-01,2.591352776960129667e+00,1.718644776722936918e+00,2.329868562464719961e+00,-1.109333139035451499e+00,-1.243548144996425853e-01,3.659780024324688963e+00,-5.752063311392869860e-01,3.221605950128029749e-01,2.507951429859910375e-01,-8.374118613718188886e-01,-1.520757601535669190e+00,-7.615705309647586851e-01,1.512357269607226939e+00,-4.351627659476999810e+00,1.444207618769702606e+00,1.785655712029718956e+00,-5.874286192266741091e-01,-1.963563405657881233e+00,2.014427708979314779e+00,2.444245757880852299e+00,2.357899974598995918e-01,2.746499559304614646e+00,-2.116330487781902470e+00,2.235904168905195277e+00,5.920204176872618795e-01,1.053710821410630105e+00,2.695240071774740453e+00,-1.908673167826672401e+00,-2.149638404443430240e+00,-5.112057947753256837e-01,-1.785733449631905501e-01,-1.794954541181645880e-01,9.745813097372455491e-01,5.501528213533140033e-01,-2.308674720341918007e+00,5.930556581371648761e-01,-2.580004807014032675e+00,3.916071792032266297e-01,2.099162522744992820e+00,-3.183457644515117035e+00,-1.581796427891932755e+00,3.494120442573822594e+00,2.605848392987598405e+00,1.169330881320034710e+00,-1.815784498114171974e+00,-3.378792704332574282e+00,-3.143783936939203105e+00,-2.093973143319613150e+00,-2.138055377973204330e+00,-4.117707745903902428e+00,1.388874616650347837e+00,5.568453715704402285e-01,4.687262705853766143e+00,-2.297288626827780345e+00,6.514945224947108482e-01,-1.884072434360924309e+00,2.001021082073034751e+00
2.553783387556492812e+00,2.448946909683806794e+00,1.255937928004680293e+00,-4.988672022771393877e+00,9.254772396576040894e-01,-3.118501920069632671e+00,3.677385839986008209e-01,1.029286890649143249e+00,2.073777813394289016e+00,1.583652914781623400e+00,-1.131223243854651894e+00,2.511434137185756921e+00,2.753168542988253087e+00,1.111800077420656230e+00,-7.377471485149143804e-02,1.667865663377889884e+00,-4.705501456761295387e+00,6.720483024314684029e-01,-2.375331322988416538e+00,1.573213456871091598e+00,-3.896836993762167189e+00,2.445727847421248047e+00,-2.417066875352802402e-01,-3.533508264901812912e-01,7.915756591417817400e-01,5.118136400939051756e-01,2.665232957449230611e+00,-4.787986571238312949e-01,2.099131617778303038e+00,-8.435288545404968641e-01,3.587712618611681226e+00,-8.840653518753516238e-03,6.040185491136009777e-01,2.388794268756975647e+00,-7.665543298111208159e-01,-2.581155365056512441e+00,2.782348565058568313e-01,1.729828037616086833e-01,7.571836399528870665e-01,1.724797128490539233e+00,-2.548404074897722804e+00,-2.348499874075018923e+00,-1.871979069810666862e+00,-1.314733961749236402e+00,4.788020965175143195e-01,6.804363371897756974e-01,-1.966043978253855684e+00,-3.561629780091752906e+00,3.152760694210794856e+00,1.811026438310078479e+00,1.032904659823949745e+00,-1.957474381427814381e+00,-4.717614836222275621e+00,-2.645469154242871213e+00,-6.947333186715212161e-01,-7.941705673045001967e-01,-1.805302624264347067e+00,4.167081947165264033e+00,-3.925801194884176448e-01,1.374452982414949620e+00,1.184992741609466105e+00,-3.178743020909884920e-01,-4.203164866888466911e-01,2.886162534153182246e+00
2.859964484948736008e+00,2.320326966678859293e+00,2.803773794954891763e+00,-3.653931976535590209e+00,-2.508233971903743420e+00,-4.012621717939666155e+00,2.385699115705378404e+00,1.832525488726248319e+00,1.317434240812153101e+00,2.099630507520805711e+00,2.076488236162300494e-01,2.601116096116686371e+00,1.410201615815513954e+00,6.585097228850844697e-01,-5.768539966252340667e-01,3.070605238934648984e+00,-1.475383277725794695e+00,1.881715146577673137e+00,-8.969905013849859277e-01,2.335574284319791971e+00,-2.760852412177047910e+00,4.120273422866071122e+00,1.309960883928798836e+00,8.526653957845437004e-01,8.880488195898450510e-01,2.239652653393730652e+00,3.762971013503883633e+00,-6.811504313974059421e-02,3.326044407148994075e+00,-9.787997182069384516e-01,2.255291683428798599e+00,9.099668850448772162e-03,1.487650065204525918e+00,1.569161871012439535e+00,-2.524558183108324805e+00,-3.185777628821707896e+00,-7.141031827932568798e-02,-1.446360033369369358e+00,-3.987580551384594107e-01,3.723860402238443612e+00,-3.374122555556392733e+00,-2.721617441461416931e+00,-1.319985671728256982e+00,-2.708337502935525443e+00,-5.005883935428647735e-01,-1.225396531367527464e+00,-1.675651783356217894e+00,-2.925957120915852805e+00,3.562071425679139480e+00,1.060600707477149074e+00,-1.047907390034093833e+00,-3.534630905297439618e+00,-2.968516314139092671e+00,-3.775787588163363129e+00,6.940784258644403515e-01,-1.430745239678341552e+00,-2.884226384368293594e+00,3.914618749371744588e+00,6.914253850264469037e-01,2.697384807188982769e+00,-1.505105534849773274e-01,-1.363290795193985883e+00,-1.049833151121271957e+00,3.492602504723995249e+00
2.323553656872593187e+00,1.240769033126325027e+00,1.888395930461129302e+00,-4.821829700865555068e+00,-6.185869799181455964e-01,-4.327832380053289185e+00,-1.329844351403766778e+00,1.662359052015671024e+00,1.269321326779234926e+00,1.762785863058880853e+00,-3.906334342289309314e-01,-1.709753393339719096e-01,1.942017989083842711e+00,1.768506735750447145e+00,1.099909902688022356e+00,1.359512800629674611e+00,-2.343026916489967526e+00,-8.342006229720202448e-01,1.823388173111162303e-02,3.936367726749082863e+00,-3.599168932714186919e+00,3.552525573744672371e+00,-5.189772531788354737e-01,-1.782114001321148056e+00,-1.645993779665213763e+00,1.465431234054543230e+00,1.859361367150845767e+00,-1.259206994678232050e+00,1.757583127696811021e+00,-3.444149526087850965e+00,1.898836791891373998e+00,2.045653316337085581e+00,9.049131352487992386e-01,1.440664544775903666e+00,-2.513612494257858820e+00,-1.670213495964933070e+00,1.112375954624784891e+00,1.561396951979975078e+00,-1.685804975091081293e+00,2.810725273618043474e+00,-2.719791676425509230e-01,-2.158098490996580576e+00,-2.741604470114289427e+00,-4.050997768794550424e+00,6.844868362396813177e-01,-8.153665248870765048e-01,-4.493823928189532246e+00,-2.963278640722713408e+00,2.782960957990089579e+00,1.701234956440470292e+00,1.613892629342776663e+00,-1.942824544406198228e+00,-2.406344731196859321e+00,-1.343192378309631341e+00,-2.140289932363753422e+00,4.297269045589324765e-02,-2.895541570307840651e+00,3.649390341881763256e+00,-4.616109824279074347e-01,1.295757477187847506e+00,5.801924510225335840e-01,-5.473770281962131445e-01,2.359402532600116231e+00,-1.308339613240698807e+00
1.065068264228449246e+00,-8.356661115355490388e-02,3.552247076660446812e+00,-4.985615412759951681e+00,-8.511984495439151033e-01,-3.283615368564049675e+00,1.601360337273713130e-01,1.356831419015315898e+00,4.375448325738733324e-01,2.379916164941146217e+00,-3.411095584931838620e-01,3.262544653541006312e+00,2.229761654842209673e+00,2.316636298881245004e+00,7.677297615403919639e-01,1.747608227952016424e+00,-3.641903901492404838e+00,1.312200504185845995e+00,-2.413551957143850402e+00,2.011909614345105624e+00,-1.107472968465595287e+00,3.778275783181370695e+00,1.549220434926767753e+00,-1.070494978760715643e+00,-2.368291371147376978e+00,2.508369311508479971e+00,4.055728497536604138e+00,-2.472396872029823278e+00,6.575753257734995305e-01,-1.020814881778870920e-01,2.299852609457746055e+00,2.075325849356613350e+00,2.595369922372476879e+00,4.388595744117801956e-01,-1.933599838374493229e+00,-3.324489209366443099e+00,5.602266694776928402e-01,-3.767349291604528139e-01,-1.579713782039114722e+00,2.208717349290111986e+00,-1.727290507156570065e+00,-2.489718685414411770e+00,-2.272562265845261553e+00,-1.929598225818604185e+00,2.006304933359106535e+00,5.784743510553369550e-01,-2.717675548490282811e+00,-2.325580786312189119e+00,3.732114708755920773e+00,9.133650165365585494e-01,-7.086106394893558758e-01,-1.582105584797214970e+00,-2.646568511293259096e+00,-5.051723768998282793e+00,-1.057222801021872050e+00,3.906069063932293695e-02,-2.269462966805506632e-01,6.009255195481657097e+00,4.280409225318082544e-01,3.521813770116307030e+00,-1.640911788680753380e+00,-1.005169273202127234e-01,9.612000053451216219e-01,1.263116536174439641e+00
2.793761451110669647e+00,2.350952704312398556e+00,9.040059247692502353e-01,-1.622525906527650941e+00,-1.725863582222443293e+00,-3.323766921350558512e+00,-1.673449311980857557e+00,2.217357976172856127e+00,1.800563678875827911e+00,4.475917104371999855e+00,-3.309837467354392881e-01,1.297468654515255615e+00,2.379970201840197142e+00,4.819161169541945622e-01,2.775285659805508121e-01,8.453333095368424921e-01,-4.700051928835781823e+00,-8.395034647130421579e-01,-1.834433923985844483e+00,2.606382201342625216e+00,-1.313579618794600501e+00,2.975598173205716623e+00,9.257277681636123523e-01,1.328552001392105664e-01,-7.711638359219143979e-01,1.020034092669162007e-01,4.393043195989465133e+00,2.287661925426702769e-01,7.273948782089723064e-01,-2.289439350101923232e+00,3.795450616590826609e+00,2.884879246995076585e+00,1.657370810512867054e+00,9.832305490562203154e-01,-1.195722921516086057e+00,-2.818705129508431995e+00,-8.811615989524735904e-01,1.544150211038939791e+00,-1.611530295744375341e+00,8.944537464134179050e-01,-1.461184473193345212e+00,-7.753577847532562295e-01,-1.323745467529424458e+00,-4.208641208892194285e+00,4.763685719504701099e-01,2.374056990952051194e-01,-3.711148443571404165e+00,-2.417696146070129171e+00,2.740234530450124328e+00,1.355683559371163804e+00,3.328655396255970067e-01,-3.275898243782958907e+00,-1.632844461450549733e+00,-4.054458222902671771e+00,-7.467813136417157382e-01,-1.300886693937776784e+00,-2.983602460402760670e+00,2.821391775138022417e+00,1.157532299398368103e+00,2.475541993341402680e+00,2.368187853356474859e-01,-9.976068884103805878e-01,8.304356313545280255e-01,1.226734714025171646e-01
-8.933246795411076135e-01,1.300370696421440986e+00,2.040170242975848147e+00,-3.470180187254687798e+00,-1.198406679598631008e+00,-3.922869654641809145e+00,1.395986493746170565e+00,2.062756117806313405e+00,3.439876566851987949e+00,3.099274257562518731e+00,-9.332244460453571477e-01,2.271003852638859399e+00,2.477446875237264035e+00,-5.941848052203604347e-01,-1.065691548390705456e+00,6.219125865420115362e-01,-4.679615103019805211e+00,-8.571865272204243213e-01,-2.713148248344305014e+00,1.399484980357915243e+00,-2.733582582541375317e+00,1.883739011111691397e+00,-1.769742588524741311e+00,-1.217342898007898189e+00,-8.874620812975299033e-01,3.322444402151627063e+00,2.771343609947257924e+00,-2.650430828081820067e+00,4.408758389330275307e+00,-3.285201911426917754e+00,2.267265943824419150e+00,3.896273959412401844e-01,9.239226763085748306e-01,3.523292668817007423e-01,-3.015293482437832573e+00,-2.394716898509322345e+00,-1.941204753705691455e-02,2.295316727821454239e-01,-1.823573400966715718e+00,2.826435099460588685e+00,-1.417926435974262489e+00,-2.033187975832173144e+00,-2.279984776615255893e+00,-1.454966992971984618e+00,1.123936066730745864e+00,2.436656537797881938e+00,-3.938378900437073504e+00,-2.583243744845860501e+00,1.949171406128544559e+00,1.908008182820881249e+00,6.863213179022524812e-01,-1.765785855924963954e-01,-1.076638442517355632e+00,-1.621469323101227822e+00,5.673059363882795303e-01,-1.713535310635211140e+00,-3.980771836734423808e+00,3.287286930338033208e+00,9.057356923392398951e-01,4.584035908821802785e+00,-1.109934928938507426e+00,4.852597726787882815e-01,2.138011569778055954e+00,2.781384666726370858e-01
1.439939051876355514e+00,3.093796304847179490e-01,1.950614146629155332e+00,-2.193957858572871622e+00,-1.115388183814476353e+00,-3.149337892941002082e+00,1.064381281492843501e+00,1.141429697693336909e+00,2.655606183538660403e+00,2.248660459086506247e+00,-1.910052227620425702e+00,5.000651001433755738e-01,1.536224928902929943e+00,1.413157712846693448e+00,-5.519446091154031064e-01,1.689147423841535156e+00,-3.722185428182514855e+00,-2.061551726317468192e-01,-1.198632787536672906e+00,-4.829341862917502226e-03,-2.128668555861618295e+00,2.004504018120744746e+00,-1.886038551293645060e-01,-1.155361269311948824e+00,2.114659281441541028e-01,-8.193882132219114656e-01,4.290780574098885580e+00,3.730064190176347605e-01,2.228796164338661345e+00,7.980108210766356791e-02,3.591401193021636296e+00,2.257374631009576582e+00,1.566386401840946130e+00,1.370483618128272907e+00,-2.372924277614752331e+00,-3.814683928362023302e+00,-4.262608045028569714e-01,-6.996540836389231188e-04,-2.158057704118407472e+00,2.193314863012466365e+00,-2.891332318572696902e-01,-1.819753598327907396e+00,-3.401363858267547613e+00,-1.502645627155277053e+00,1.306696192637883280e+00,-3.526226506465240940e-02,-1.986959174800706274e+00,-2.219832349929068638e+00,1.070691568546470629e+00,2.103242982934694361e+00,-6.814053469201536428e-01,-1.593254020444067720e+00,-4.314453243383008285e+00,-3.414775026271345215e+00,-1.028413918639549784e+00,-1.037359383474312891e+00,-3.195698578130522272e+00,4.446528217783174419e+00,1.517753437769684632e+00,1.473208644227420150e+00,1.366646613148186695e+00,5.759761013821340647e-01,5.335005405882964347e-01,-1.893039441524054789e-01
1.370433346303234989e+00,5.558797192857807268e-01,3.402598979704004378e+00,-3.630360292382784682e+00,-2.064113139551372988e+00,-2.629545427499740740e+00,-1.172564009391952489e+00,2.438304617017026388e+00,2.650893319627374733e+00,3.491546348741277228e+00,1.293402246382018728e+00,-5.932854166046832578e-01,2.151674849886432206e+00,9.279244357869852466e-01,2.188721177783542748e-01,1.152600496008403974e+00,-1.805162969273262252e+00,5.356545664383376426e-01,9.707851878145268287e-03,1.834245699362962334e+00,-1.333589364834460778e+00,2.947631533062187614e+00,1.670176629951765301e+00,9.805471163015246905e-01,-1.562225692804679600e+00,-3.082392297184621821e-01,3.733714935334881524e+00,-2.941150540829526427e+00,3.431692047151757574e-01,-2.339369286425334149e+00,3.847507565449578948e+00,2.332134856242776166e+00,2.829389860930040967e+00,2.280645645303158719e+00,-1.537648086555580829e+00,-3.550536381327519919e+00,-5.815984421623821010e-01,1.785979833007211859e-02,1.425900037994499936e+00,1.969922978285071791e+00,-8.758760058943714233e-01,-7.436948521059756345e-01,-1.881465521736611191e+00,-2.201274098933611256e+00,8.768661793844831909e-01,-9.523609208652550340e-02,-4.384924857666799625e+00,-3.087418322898869416e+00,2.334412898367471456e+00,3.151874008897275203e-01,-4.323910177842381075e-01,-3.309226865360586523e+00,-3.660602903528352048e+00,-1.379063421442613402e+00,-1.808043792587331611e+00,-2.251436448621178421e+00,-3.160441384525470188e+00,3.365280885390102839e+00,6.681208109074054935e-01,5.352460881815251703e+00,-9.933720597785021811e-01,-2.296719654855112314e+00,1.380768120761760365e+00,-4.366139057198791251e-01
2.704057737619424806e+00,2.093381690506634918e+00,3.095786608272391049e+00,-3.345067968807263092e+00,6.443270081299055096e-01,-4.507972704067299219e+00,-1.114521827421015132e+00,2.233821659492426281e+00,3.809798911895830642e+00,4.585230435221939516e+00,-3.352932329256352872e-01,1.724842829148496515e+00,1.004890186124343554e+00,2.141141139425351447e+00,-1.277651468950046665e+00,2.162211857864914322e+00,-2.035489074600165704e+00,-1.891357142474714426e-01,-1.808378056826338565e+00,2.534792635900275481e+00,-3.552986800592956129e+00,4.746182754198019715e+00,7.966242839752974980e-01,-1.141252328564888341e+00,-1.268528582138515937e+00,4.954894415178098255e-01,3.415298497376637599e+00,-9.734645689405206914e-01,1.315118886996062608e+00,-1.407744745943970699e-01,2.987837221442594338e+00,2.622505875352497462e+00,2.559267796302260756e+00,9.216129689349408238e-01,-1.598508519120788396e+00,-6.781408216104252151e-01,1.238302800107409674e+00,8.960910472551428807e-01,-1.308154856567680380e+00,1.777483065284074959e+00,-3.137851296261908729e-01,-5.577997606283902066e-02,-1.183495400083108606e+00,-2.726855881373624779e+00,1.021646821280984829e+00,2.720288493883370462e-01,-2.771969142527669572e+00,-2.392088059652965448e+00,1.254880067836227298e+00,1.632467688670031558e+00,6.839312662636567453e-01,-1.905075531030695490e+00,-3.586938383384046247e+00,-3.402695229801329546e+00,1.020424329326208301e-01,-1.898264866467209933e+00,-5.101914231049399007e+00,1.744537979072648515e+00,2.741974117162322422e+00,2.944633743732808728e+00,7.553467427127582567e-01,-1.356662731827063650e+00,2.354704364315024279e+00,1.926192632702617535e+00
6.008040651273989230e-01,-3.854594120506289467e-01,1.604827760644667256e+00,-4.504824392549469536e+00,-2.087403101069787326e+00,-2.951715470600849045e+00,-1.061905185670888874e-01,2.528033915630477857e+00,1.705545709762365636e+00,3.706263334551637811e+00,-6.367388586239394188e-01,9.360429692982665806e-01,-2.077713868767046002e-01,1.423120000461199464e+00,-1.030901223560519026e-01,3.054850525713163067e-01,-9.124652949071254682e-02,1.352630346280119022e+00,-4.972065518355970326e-01,1.160739997223290798e+00,-1.457332468589686458e+00,3.375411945676726422e+00,2.738164875601804216e+00,-1.085939645547162158e+00,-2.342986482537511961e+00,1.387150519636123347e+00,4.225861143765676786e+00,2.429298232942287417e-01,4.484430627361320809e+00,-1.976031371780245793e+00,2.972329456627877953e+00,2.611267941358690337e+00,1.483423716393540426e+00,1.361678994858228631e+00,-3.161461705465206329e+00,-2.675891721011365743e+00,-5.202079165460705978e-02,8.616376769700129223e-01,-8.629879881099910000e-01,1.901838376714525936e+00,-2.360037289016309714e+00,-1.064205708957622676e+00,-3.327995345239951774e+00,-3.597543647029711522e+00,1.433887593701567820e+00,1.211400758012975976e-01,-3.484492859138513143e+00,-1.079534938858681903e+00,4.523579840571472666e+00,1.453979489636039624e+00,-3.676446488794282152e-01,-3.401557891300098557e+00,-3.867985887672158896e+00,-3.927689705056177871e+00,-1.804038971458353346e+00,-4.030343575469770290e-01,-4.258344475383618821e+00,4.615535179222820084e+00,1.580470841672948712e+00,2.249359347525693664e+00,-4.876667076936048728e-01,9.793897752583508032e-02,1.233491379359116458e+00,-5.853380890443076190e-01
5.568640462952847425e-01,1.401912776996032894e+00,4.414293943563816214e+00,-2.627041065750250759e+00,3.715627981286324655e-01,-3.397570224898876390e+00,2.100077113194861678e+00,2.997907842179532434e+00,1.185394912932490552e+00,2.771785503737138612e+00,1.098609857311190430e+00,7.410628459025202508e-01,1.972818872422369418e+00,-7.255989580665551664e-01,4.297627557508112983e-02,2.424048659696520502e+00,-2.030924983065490075e+00,-1.699727361368035483e+00,-9.318169870928683096e-02,2.872352452791418820e+00,-5.671376195033013268e+00,1.909856418708776982e+00,4.484335891274449648e-01,-5.034482327585654282e-01,-3.552806673860030573e-01,2.709611997245117809e+00,1.366698300429475266e+00,-2.066293426648391218e+00,3.653104407975909407e+00,-2.106884360806093870e+00,3.942848122007539757e+00,3.423730977443291579e+00,2.685946202393460158e+00,-1.245572233586672350e+00,-3.973425347817999942e+00,-2.668394218352842628e+00,2.035382667273771262e-01,-6.474316906200374699e-01,-5.621467261976843544e-01,2.953329589582995851e+00,-7.642446223180271447e-01,-3.288015928527714404e+00,-2.261879046634931889e+00,-1.431815111351425029e+00,2.069440486893818321e+00,1.267297438533685039e+00,-3.372574463431384562e+00,-2.622656169281154526e+00,3.718858386813779227e+00,1.430075129752549135e+00,-2.170985585363011783e+00,-9.691581530604436168e-01,-1.314093411080903495e+00,-3.385343910803036760e+00,7.519940592704599247e-02,-1.175654051542607270e-02,-1.987995664753354541e+00,2.943319751972571119e+00,4.736547940232357923e-01,4.342729980475207974e+00,-6.408166933152715794e-01,-7.780093953375136206e-02,-7.641990988860909439e-01,-9.855561213792429776e-02
8.959398022541960049e-01,1.041411517850862278e+00,7.386257076195251736e-01,-1.374522114591562261e+00,-1.262383703449637684e-01,-3.392008692287748151e+00,-1.046889807031201602e+00,-1.417922194540244263e-01,1.637873141344749151e+00,1.978549939520720669e+00,-1.205509362106348403e+00,4.506774889976388199e-01,2.352324162640075933e+00,2.485492633950923569e+00,1.954454849738907762e-01,1.288171411473389538e+00,-2.374441406375785490e+00,-1.490422486029538085e+00,-3.426272692209352044e+00,2.767385706607178086e+00,-3.368990404417912199e+00,2.314727016928633141e+00,4.320869826077331499e-01,4.543093083592850689e-01,-1.286942288695743786e+00,2.434228291412905421e+00,4.041724873428451659e+00,-8.597933884557525941e-01,-2.241140728972568219e-01,-4.407461646599916127e-01,1.303708165109851436e+00,3.062485567073896409e+00,2.756265945791902539e+00,9.930454313080405715e-02,-1.267038337581355201e+00,-3.037180132440009839e+00,7.319605057242384305e-02,9.042879456666164106e-02,5.124230091862351788e-01,1.445548880205105302e+00,-1.376742805601987696e+00,-2.741202604517192221e+00,-2.472301923581991190e+00,-1.715546997004038898e+00,1.698741828622052807e+00,5.820465904399608759e-01,-3.753234419533116650e+00,-2.393030129103618453e+00,1.867458575943086618e+00,-1.509767246935875828e-01,-9.981730548273173298e-01,-1.581886668685284825e+00,-3.767533831585128112e+00,-4.325718483925213853e+00,-1.394950667753793061e+00,6.999805423861151787e-01,-1.520159133562502207e+00,3.382984589201145642e+00,-2.721393876560335157e-01,3.993354053350686161e+00,4.343153321601949113e-01,-1.128529675353945549e+00,1.461606459288410154e+00,1.540185085470029969e-01
2.530039192667353554e+00,1.300211513403839225e+00,2.461983539442051061e+00,-2.952424151025743182e+00,-9.243626654479141225e-01,-2.557423143624062423e+00,-1.876961188577961903e-01,9.435242834782817667e-01,3.840235035835413591e+00,2.710773233246828173e+00,-3.232876224001424714e-01,1.070876283741385437e-01,1.064395270563519791e+00,1.609418021319774628e+00,3.982212101617642608e-01,9.215233539506173521e-02,-1.779113766982734823e+00,4.298232748398411185e-01,-8.472129767012621659e-01,1.382637897417355877e+00,-1.990947175694679716e+00,2.152611490792642357e+00,1.422173499266270902e+00,4.369229598994633368e-01,-2.351646664576993118e+00,2.258144663778360428e+00,3.486265258951565027e+00,-2.076085312864262455e+00,3.143139783606308413e+00,-1.379135194062230729e+00,4.224741439985612246e+00,3.153774972255026565e+00,1.762029714159067284e+00,4.646406942223875736e-01,-2.163333829432233735e+00,-2.162761102680014424e+00,1.176753136401576860e+00,-1.224311699441059220e+00,1.963608045948900038e+00,8.381366165567600834e-01,6.716835130809628573e-02,-1.565783376377397174e+00,-1.544738179187042704e+00,-2.561233214166386496e+00,3.794149338798845861e+00,6.769367228283069693e-01,-2.857212155808223297e+00,-3.839537487335662469e-01,7.128825666212921242e-01,3.590514887432158631e+00,-1.214962943485372815e+00,-2.311970900364343162e+00,-1.859490194885969006e+00,-3.943433690993034091e+00,-1.005785787532674558e+00,-2.217695334704147037e+00,-4.206260337372011548e+00,3.829304471989580350e+00,-1.463567210412337838e+00,2.209929595230306187e+00,-5.009037543406043014e-01,-1.079326500090156404e+00,6.288777654287602825e-02,1.818128300243775142e+00
1.681209576892924717e+00,1.812055026251878642e+00,1.077326044608215572e+00,-1.872883150445369349e+00,-1.289555036102591146e+00,-2.450792468524139789e+00,-3.401260068072847198e-01,8.844399987359079507e-01,2.652566189103846117e+00,4.235243944389956994e+00,-2.868847810742231719e+00,1.877513257519874967e+00,1.638568384032349057e+00,5.374255588046186194e-01,-2.423046228849863870e-01,1.381911161695065227e+00,-2.798184288078488624e+00,8.910252537478386969e-01,-7.322203925911028310e-01,1.252976656170463166e+00,-3.011933050142006962e+00,3.377833126102490091e+00,1.599879494144810010e+00,-2.043966165346731145e+00,-2.028549302036549706e-01,1.125874800931345732e+00,3.739786347907458897e+00,-2.507718126829050487e+00,6.303221387235595774e-01,1.205590370976863390e-01,2.773208784971755048e+00,2.204532725491790135e+00,1.536789652648413274e+00,-3.027832326005612806e-01,-7.940001356143118194e-01,-1.947840592607071875e+00,-7.204077746172301566e-01,6.865298434355155965e-01,-8.770687691084444459e-02,3.839380900731814705e-02,-4.054536899024268060e-01,-3.984429608799542777e+00,-1.645100684706528149e+00,-2.398386889276791667e+00,-1.330395872438597582e+00,1.312290861939782172e-01,-4.002879041244526093e+00,-2.353731610930766660e+00,3.919098544665287065e+00,7.561643499252385103e-01,-7.896919654457442705e-01,-1.826421242194110173e+00,-3.377874648141455438e+00,-3.311486148741231261e+00,-2.757607444317459411e+00,-7.126227274084488972e-01,-3.338328058136908361e+00,2.382928541255058708e+00,3.790966537605574560e-01,2.153432662049507229e+00,-2.003209946705699629e+00,8.638864736312155124e-01,1.279744561262841085e+00,-4.744886236160128501e-01
2.323595552785140406e+00,2.245504780198764649e+00,2.065526574953395311e+00,-3.239433531102706709e+00,-1.547967124360240643e+00,-4.181429167212644238e+00,-9.902492171276389143e-01,9.918412826644298352e-01,1.574619401983297307e+00,2.274873596679315657e+00,2.975504861776813170e-01,2.292057336748083429e+00,1.177259857505614349e+00,2.299788629916158289e+00,-1.338003368330514586e+00,8.390597041263179179e-01,-2.923711616521139423e+00,-1.348795872262884998e+00,-2.428313095838845470e+00,2.783635513337907597e+00,-1.544653832131000382e+00,3.439126727482682444e+00,1.047040701805888707e+00,-4.160885785717204910e-01,-4.378526914235814083e-02,-5.216603887019033436e-02,3.234987193724430110e+00,-1.926515135732134842e+00,3.558615967101605548e+00,-3.008001041294944500e+00,3.400947541107600003e+00,-4.832912368111110801e-01,5.331578624903910990e-01,7.912843701103562388e-01,-1.711332299287623426e+00,-2.686689707023026230e+00,-1.060373979468220984e-02,-1.546786428643573519e+00,4.957923659982319542e-01,2.497921494624978589e+00,-2.790456163306124004e+00,-9.172377235803589324e-01,-8.605417479409407377e-01,-3.764797895131981598e+00,5.401603298156243405e-01,-9.894734042642217009e-02,-3.728395222655192409e+00,-5.363899791981554532e-01,5.153813447863085706e+00,3.686439504370810027e+00,-6.707277541584952818e-01,-1.733996771270749360e+00,-3.818011012629640710e+00,-4.052168093978825603e+00,-2.424966771698915835e+00,-1.257628511997734844e-01,-1.309699130449646365e+00,2.798061661958788360e+00,-1.118842970630358202e-01,4.014069600582495845e+00,9.182645186532714110e-01,-1.267048609556270966e+00,7.195529467013291880e-01,-3.916042348611337154e-02
1.129206000939912080e+00,1.275556944473719589e+00,8.374658583033064430e-01,-6.077356416038769638e+00,-9.939405439049325830e-01,-1.253480516897464980e+00,-3.654583316883653343e-01,2.097593242305743733e+00,3.067682964637512111e+00,4.522923058282636077e+00,-7.620636463697202378e-01,2.530269640878315851e+00,8.214244217003969784e-01,-4.962348759300594381e-01,-5.949305742984651868e-01,-6.417597006693949169e-01,-7.201865187697160664e-01,-7.466391327781027876e-01,-3.056507677255865030e+00,1.886336404966398206e+00,-3.361533284605739968e+00,7.327090263795263958e-01,5.621717215880877028e-01,2.733272282116464558e-01,-2.181719173500898279e+00,1.095062313367667572e+00,2.463201403104815945e+00,-1.858873634537242303e+00,3.013987209506927556e-01,-1.874246375899538908e+00,4.164197426483590370e+00,7.857472969769896398e-01,-6.596101623761003729e-01,1.245692440234426268e+00,-2.270596183174104166e+00,-1.382489402420127078e+00,4.138151630777452405e-01,1.016891793462687765e+00,-8.537029897589969440e-01,2.321731867861936305e+00,-1.422975849044750829e+00,-1.507690322366745050e+00,-1.606715712738335800e+00,-1.222857947764150355e+00,2.331812617175359481e-01,1.384561663619508609e+00,-2.571475146442398163e+00,-3.100079152374672464e+00,3.701457457778327687e+00,7.432017579523120254e-02,1.938457433222463278e-01,-1.043783721251693164e+00,-2.440569228510849342e+00,-3.023227338640898765e+00,-3.179108411247759225e+00,-3.004202226679890675e+00,-4.398636973405158912e+00,2.655767767814526614e+00,6.900844734504580913e-01,2.522192012936790739e+00,-7.985358351160559698e-01,-8.674052193831536250e-01,1.995601348856183010e-01,5.651844539018422431e-01
-3.572582093037777184e-01,4.348016665584740759e-01,1.526409991424606094e+00,-7.042511388535133143e-01,-7.317049672244287928e-01,-3.475452295154627169e+00,-2.107486672211749401e-01,6.032053789907143582e-01,2.157998941426887196e+00,4.335009739752595515e+00,-1.191954649623789830e+00,3.261466412315399688e-01,1.211236752647759651e+00,9.175914250702045249e-01,4.248630559498179915e-01,3.139986414290393046e+00,-2.503800845240363948e+00,5.656726084004803923e-01,-2.097865457042146886e+00,9.665128459460390342e-01,-1.748746612359324937e+00,4.121994989511173380e+00,1.261429814127176252e+00,1.799021133338697676e-01,7.926598103515674065e-01,7.759063651391258087e-01,1.223035605690641514e+00,-1.357135663624772226e+00,3.710116585345317297e+00,-1.529548565460078446e+00,2.586894824773408263e+00,1.225502038433570196e-01,2.456550318133772670e+00,3.590796065209230559e+00,-1.291974339527517612e+00,-3.021482657377970948e+00,-4.686985552711586123e-01,7.949636536884961968e-01,-1.102625428715450440e+00,1.583818239071682843e+00,-4.085670299026911145e-02,-2.063746389927824776e+00,-2.719437585022674408e+00,-3.211253505165454936e+00,2.983486751718824159e+00,1.070054723317378720e+00,-5.921901298096790889e+00,9.722050821450745062e-02,2.765400947053940239e+00,3.163307921242137333e+00,1.021214868016231847e+00,-1.019238492519665806e+00,-3.031445280176543466e+00,-3.230065107692820625e+00,5.526724322060554417e-01,-3.128172823986692386e-01,-3.935395538399354187e+00,3.544932520228937456e+00,-3.448666214935360852e-01,3.118286638164491364e+00,-1.612723774408621136e+00,-8.749876916323755527e-01,2.069178383036736513e+00,3.038101817851719399e+00
1.667012287904217960e+00,2.457831506114764863e+00,1.634032220568405913e+00,-2.719412885248904566e+00,-6.692598909585736333e-01,-2.965165561546876827e+00,-7.353324148359071666e-01,1.384674658492750510e+00,3.735470200738583380e+00,1.317929221396184847e+00,-7.337434617931446468e-01,-5.246994615426892050e-02,4.409374016655281281e+00,-4.453951326802079169e-01,-4.835476521019732576e-01,1.419310956300269932e+00,-2.916295291083354169e+00,-2.461141183043165093e-01,-3.182700897281434127e-01,3.928555497101786198e+00,-3.436727632023605761e+00,2.439044435810644007e+00,2.604147295285857977e-01,1.590202846490884059e-01,-1.077450068654909998e+00,2.229560482755810646e+00,3.003404841442102846e+00,-1.304032261159568495e+00,-1.041254729841579962e+00,-2.454740788043570099e-01,3.636974889998477956e+00,2.157284323350528776e+00,2.009403963160470319e+00,1.258502698208849413e+00,-2.539168558558951183e+00,-2.321979397722816696e+00,-1.770896510900231480e+00,-4.629886986643159119e-01,3.730105658576097216e-01,2.165198091545626369e+00,-8.314623795619138225e-01,-2.124152637025819246e+00,-2.202565567360775578e+00,-2.463009624926013608e+00,2.839313092805992866e-01,-1.309350250404461624e+00,-4.042883855268383009e+00,-1.239375298721003604e+00,4.297677317266163755e+00,1.742066766290912838e+00,4.122442918044337268e-01,-4.081321764799781704e+00,-2.416637588161187011e+00,-2.596002727376260921e+00,-1.464312108338666762e+00,-1.147856173544449021e+00,-4.081958177301745039e+00,2.909678916646738500e+00,6.728416500004814615e-01,3.377125113105016840e+00,-7.887225066486827085e-01,-4.048621514200761440e-01,1.756881523099413922e-01,6.260816168332670184e-01
2.887553019206413385e+00,-3.034571110728219168e-01,2.155045404944385457e+00,-2.781820465271068965e+00,-1.764110330120489234e+00,-5.166563037806017888e+00,-1.036858788586765501e+00,1.199995521734224191e+00,4.135401846702835726e+00,2.434637181494741842e+00,-1.251309846301933870e+00,-6.221416700322934812e-01,2.237162263746664159e+00,1.084592036885457134e+00,9.113067045323665072e-01,7.464719139179500917e-01,-7.250797307781329248e-01,-1.857856630865800662e+00,-2.057800000356150072e+00,2.281928133516158308e+00,-2.422613982662799703e+00,3.694022113934182450e+00,2.227394126749147496e+00,-2.840810120397051497e-01,1.937924122360574763e-01,2.040963158917164399e+00,1.778983864459458220e+00,-1.963894234889305590e+00,1.534748489618253497e+00,-4.592455384061278956e+00,3.248211623339654075e+00,3.877599842019536780e+00,1.081504322008125518e+00,6.566495037166353299e-01,-3.196842838796218889e-01,-1.196031781607463040e+00,-9.142384727983721149e-01,-3.269215562008709330e-01,8.827513413941157072e-02,1.125394602036777325e+00,-1.834425822102685011e+00,-2.460809812125119844e+00,-1.109751853651836040e+00,-1.055715511342192547e+00,1.877677589572379402e+00,1.248635192168454644e+00,-4.494871654266714422e+00,-1.605086067203016498e+00,3.205094595013413539e+00,-1.617202298715214592e-01,-5.074683490790157236e-01,-3.237174972856455391e+00,-4.938971211807626993e+00,-3.673820544417182532e+00,-1.710350853186659137e+00,4.050951415551846679e-01,-3.011542713447931341e+00,1.569697035636144600e+00,1.412570218233591746e+00,3.011375333298338397e+00,-1.795321613814719885e-01,-1.141185928812935124e+00,4.869388383355075511e-01,-4.639613493343719419e-02
-2.489040447526256195e-01,3.273230504677917541e-01,2.063784046896049329e+00,-5.120988203978710906e+00,9.629513362062225301e-02,-3.286698397098169355e+00,-1.068172309794197083e+00,1.910054230244447204e+00,1.478973098826411370e+00,6.621807833103834362e-01,-1.981107337125900814e-01,-3.258013525365017760e-01,1.996195141489093938e+00,2.025156284369984849e+00,1.894572927214899227e-01,8.145399207982514378e-01,-2.074075686434990295e+00,-1.482564107008037091e+00,-1.226090291157647894e+00,3.436633870321582407e+00,-3.410392591554468833e+00,4.482223167183301271e+00,5.182605877751256251e-01,-2.602870821933868373e-03,-1.292887150920635886e+00,1.157273850467750220e+00,1.829720665965910653e+00,-1.988936903354522112e+00,1.489398198724863676e+00,-1.116344123324567450e+00,1.974819525636508200e+00,1.907144555460882129e+00,5.044383924054911539e-01,-2.421102019447007869e-03,-4.179158831988685208e+00,-1.650069828399875149e+00,6.633815046274706972e-01,2.855646964206647875e-01,-6.418153400185793167e-01,3.962776652418037671e+00,-5.455354540222145943e-01,-2.416975165904157841e+00,-2.155317498159910805e+00,-3.676981958847140852e+00,-1.213472441146747904e-01,1.082535955898247249e+00,-3.295304319830018258e+00,-3.043348249878381928e+00,3.786166022372237094e-01,-2.390003540899525714e-01,-5.116689641907852248e-01,-2.676378155706361284e+00,-4.985027921078335922e+00,-2.347481164216289162e+00,-3.214983621991286178e+00,-8.972342006962169547e-01,-2.737326701612857072e+00,3.698962131585888713e+00,1.617058419065582564e+00,2.091718630078282626e+00,-2.716887852309942120e-01,-2.118488906390527227e+00,1.434403272564006349e+00,8.272234222251717561e-01
2.644047507146373821e+00,1.404122475237914669e+00,1.450786958806256743e+00,-3.013169284666966874e+00,-1.381523904364479582e+00,-4.578107924687484065e+00,1.457091703878167444e+00,2.734795572998702795e+00,2.433471465738911377e+00,2.102877459846939523e+00,-6.549942819336098676e-01,1.325738797578155159e+00,2.991296512804161534e+00,2.288635195173074344e-01,1.903040101887611135e-01,1.598185048438495404e+00,-1.156481618632385411e+00,-3.026515615013536387e-01,-1.539146892799833521e+00,2.654928731499490713e+00,-4.557026482728803174e+00,2.852358207852034866e+00,1.234465787702715422e+00,6.426459264401494786e-02,7.703657056609203302e-01,6.525450880815754084e-01,2.589357113445336811e+00,-1.386865783790386386e+00,3.843161995992438129e+00,-2.883310788035111205e+00,3.816069234341433081e+00,3.748389102437906573e+00,3.188885811061922926e+00,1.840769747966800374e+00,-2.665211721280030588e+00,-9.856623784680742517e-01,-2.635750674746857314e+00,9.439643676162445818e-02,-3.806785984519607258e-01,1.167504536464164300e+00,-2.191500226307928845e+00,-2.884701315182909731e+00,-3.466978182631519800e+00,-7.236224498754253442e-01,1.139731287928767101e+00,2.795924725874828765e-01,-5.080476778302044139e+00,-1.295530678995353790e+00,2.901631929655023701e+00,8.845089212098741216e-01,1.413191915874814297e+00,-5.529625582578530096e-01,-3.043219896357044263e+00,-3.284015801981481353e+00,-2.322005248812051281e+00,3.757764347242056324e-01,-3.498017127729022846e+00,4.339612897729685059e+00,-5.859160931977236419e-01,2.975824362855723049e+00,-7.645451539593398627e-01,3.652981182423542528e-02,1.316294761027033466e+00,1.600504312440234278e+00
2.716688091610556466e+00,2.084389225937273160e+00,2.356289050931326123e+00,-2.073625053898922488e+00,-6.503634711399717272e-01,-5.375764681034129744e+00,6.292098870718588755e-01,5.978104101597652154e-01,1.495816155863669339e+00,4.259470617963494021e+00,-5.828661349524754121e-01,5.668344883815139568e-01,3.584373616593302447e+00,1.930688178814949030e+00,1.364314671726728267e+00,3.116882069932872756e+00,-1.550748587279408230e+00,7.003592654028639730e-04,-8.549765445222501370e-01,1.213470006510468213e+00,-4.697324941479489091e+00,2.998423173597302149e+00,1.343330345617576915e+00,-5.755072056671551861e-01,-8.826760867063401239e-01,6.602296432136954829e-01,3.562593858177310224e+00,-7.466691867848511688e-01,1.689190694780549284e+00,-2.256321887914191748e+00,3.785004003754167012e+00,1.045013212625209853e+00,2.387676890598269708e+00,-9.486472700086889809e-02,-1.669385987839860697e+00,-1.543384098397500459e+00,-1.126391979583379221e+00,8.381009073251666219e-02,-1.242583883092025943e+00,1.968043698158882249e+00,-2.734918964842273592e+00,-1.599217398408918633e+00,-1.312695600820265263e+00,-1.276121558834398817e+00,1.411247019687957849e+00,-5.867520092549445287e-01,-3.683841906247722786e+00,3.221637745382710527e-01,1.808546987860673028e+00,2.613106426128648963e+00,8.987761673402149265e-01,-2.731506053385268196e+00,-2.359969021459810357e+00,-3.589201045974180992e+00,1.140133600321855400e-01,-6.664314661460574163e-01,-2.571705164313335512e+00,5.331159037941532119e+00,1.795984696522201718e+00,3.676459915568015546e+00,-1.314926847572593260e+00,1.861739252320540605e-01,-9.801135896748136567e-02,-1.923967349040999419e+00
2.996511660349028716e+00,9.116323998975978116e-01,3.666159686835357423e-01,-2.951235186745424510e+00,-1.986560495150489603e+00,-4.809544403864150830e+00,-2.143680287800109885e-01,2.427905112474866733e+00,3.382028449704366668e+00,1.597228649980843462e+00,-1.364635285393014819e+00,8.381101531498760249e-01,2.889020488074476756e+00,1.929248223256230244e+00,-5.131696489337037731e-02,7.546264578955803604e-01,-1.877028280152750472e+00,1.154901245364963414e+00,-1.034323990568074780e+00,2.725692064294624739e+00,-4.715081416821377935e+00,2.682061129236559704e+00,1.591905102789470838e+00,-7.174098571385523204e-01,-1.384088512642213331e+00,2.239214101759520181e-01,3.516258679895007067e+00,-7.407516955229787037e-01,2.835119393610079364e+00,-3.675673653712353772e+00,4.495195109345040407e+00,2.623958583517870480e+00,2.452806096752484066e+00,2.386493595467271245e+00,-1.736967593040263047e+00,-1.686711957906696480e+00,2.987895847084301448e-01,1.712211536814796653e-01,-1.359722459202557188e+00,2.793663237957002554e+00,-2.828385831990084753e+00,-7.180186391411880198e-01,-2.439334404761988484e+00,-4.037274335161503913e+00,1.622989443842298041e+00,9.321518073421239947e-01,-2.148009951184361999e+00,-1.995572611910730654e+00,4.863781839042606414e+00,2.212131250007542960e+00,6.365896304176685838e-01,-1.479853928658538376e+00,-3.493127099712597605e+00,-2.096005220854780582e+00,-9.667326098907803589e-01,-1.044564566908885883e+00,-1.780894259652209710e+00,1.591836694085458692e+00,8.163012190349924202e-01,2.427771181681349422e+00,1.067323201671668276e-01,1.314771832614746394e+00,2.636718810580587657e+00,6.394235829355833234e-01
1.165277981870158186e+00,2.446900847505367516e+00,1.735994033706520723e+00,-4.231750523307903578e+00,5.090524689690312243e-02,-3.793681620353703376e+00,-3.282525494657655973e-01,3.668724654318393785e-01,3.231351099293277240e+00,2.069154645863805708e+00,-5.430345405827410321e-01,1.588894872699951666e+00,1.962468352361175006e+00,1.010558566164285743e+00,5.693555031938859479e-01,2.527587484643099458e+00,-2.754426061011112647e+00,-4.683365804955258449e-01,-6.547896386395488655e-01,2.434691183324801944e+00,-3.395049733118625124e+00,2.875134641733747110e+00,-2.300115293622895241e-02,-2.034938207887737605e-01,-3.771073679295839365e-01,-2.470155513415783766e-01,2.334021682473341297e+00,-1.251565969825787716e+00,2.345404475704579550e+00,-1.267971721278017716e+00,4.792416150969064148e+00,1.299451379301055587e+00,2.469555602170792064e+00,-1.856442977234404879e-01,-2.698865787239437264e+00,-2.700870259642202509e+00,-1.050554427635299881e-01,6.385312077686715604e-01,-4.248480228336370956e-01,1.373489297856516078e+00,-2.095990015833905318e+00,-1.713405115620578734e+00,-2.254776722099823605e+00,-1.825750896583816729e+00,1.673139474882745503e+00,-6.447701897487834177e-01,-2.322822557228132911e+00,-2.552267196442354891e+00,2.280736935850236513e+00,1.910178842083729567e-01,-9.853488592595576190e-01,-2.505257489113178693e+00,-4.636163631457452361e+00,-1.928630728393334159e+00,8.204497126226217851e-02,-1.955786534161121581e+00,-4.842181450970985068e+00,3.683394839502571294e+00,4.729412382343223809e-01,2.187677324961327940e+00,-1.448802774884442091e+00,-2.146880200207417211e-01,1.408789670566508168e+00,-3.865965663235166883e-01
3.088765333089765974e+00,1.385441303238363231e+00,4.570687132538457931e-01,-2.672032295989624551e+00,-1.139805929940800322e-01,-4.651516716078379687e+00,5.249180158362635185e-01,1.954992325706594647e+00,2.046070978899463544e+00,2.803161245696756509e+00,-5.047350157537298099e-01,1.539602212557045657e+00,2.449446742974318969e+00,-9.024033316404433958e-01,7.381678213184367232e-01,4.610146681263573853e+00,-4.893380881402422666e-01,4.591362475520260888e-01,-6.409975496010495988e-01,2.914931747324486899e+00,-3.876029861843025337e+00,1.985573902721347261e+00,7.893338470298352227e-01,-2.551065912599367103e+00,-4.275030421633474464e-02,-1.637086250440060731e-01,3.938749943068116988e+00,-2.657036239782710751e+00,2.935111070482472329e+00,-1.156855401698307473e+00,4.109782681354730016e+00,1.513261749436371595e+00,-3.478239625408769964e-01,4.089271447880655774e-01,-9.803786559721731075e-01,-2.398977299469801316e+00,-8.424576896209327037e-01,7.649191571768587661e-02,1.023983631176572651e-02,7.510091997415813125e-02,-1.818593331873892716e+00,-3.476845945366014767e+00,-8.572394550688580139e-01,-2.760497928999833483e+00,1.492747035594116589e+00,-6.874235577428118305e-01,-3.288263623521165524e+00,-1.569377036992343211e+00,3.265790317337642801e+00,1.439990329982946626e+00,-1.894523830024243960e-01,-2.921109402833081514e+00,-2.762762373787523096e+00,-2.482465729868461146e+00,-2.750157915284240140e+00,-6.494020209239718122e-01,-3.288949477909096863e+00,4.439299981320618649e+00,-4.918523480775600643e-01,1.303536799744514196e+00,4.479026772600842587e-01,-8.999893777565201036e-01,1.795384271078075855e+00,-1.818528947205313440e-01
2.157607645125614315e+00,5.245335939789012025e-01,7.523376938324004559e-01,-2.933115665104845782e+00,-2.381554391723011976e-01,-4.359403121777276624e+00,5.276254739765080526e-01,1.512859354473623519e+00,5.363809371286420991e-01,3.389552011816004740e+00,1.037449476339267651e+00,1.377897763087889693e-01,9.111288617286641411e-01,1.623682989504157348e+00,-1.257353480659204381e+00,7.950034242378272165e-01,-1.108340831178803665e+00,-7.546446126429944279e-01,-2.576066513937891322e-02,2.022395272850233905e+00,-3.180993576026626801e+00,1.716245722728388268e+00,2.304298798097192069e+00,-2.174595303273341607e+00,-6.727846631478614503e-01,3.003770686424713787e+00,3.021157298423943871e+00,-7.412726887984641966e-01,3.056873406688167982e+00,9.386559228475275241e-01,5.290626358949705121e+00,3.916260862099640860e-02,2.558557712335314704e+00,1.198699309396384693e+00,-2.139157220183813379e+00,-4.710233485130748576e+00,6.716759630110820112e-01,1.811040385247090656e+00,-2.065479979953747658e-01,1.391355539335941582e+00,-2.239768706344375193e+00,-3.148974055555052942e+00,-2.977317177926551484e+00,-3.009633122428644114e+00,6.156252288333505795e-01,6.861695452466554102e-01,-2.939618369349121796e+00,-3.377013664496967049e+00,1.956190778113741535e+00,1.395540542144887652e+00,-6.470183433000151751e-01,-1.615745020615216188e+00,-2.131825891190303413e+00,-3.586989186395967089e+00,-2.916364347308486593e-01,-1.103201197444869219e+00,-3.455086705061169550e+00,4.300501862024275646e+00,-5.872456869359132803e-01,3.424374809324171931e+00,-2.128754549703585908e-01,-1.021720394975574431e+00,1.173436027275353677e+00,2.379715604442259824e+00
2.715237623162644276e+00,1.057393961438187979e+00,4.821278179073453796e-01,-3.562855134827846548e+00,-3.729391651077333947e-01,-4.268297869776688458e+00,-1.722932378434988365e+00,1.304503135207542019e+00,2.268008111174299124e+00,9.116557006286052367e-01,-6.248474523552188797e-01,1.378213486647772656e+00,9.501743162010092281e-01,1.943582654766509599e+00,-1.690637989667340468e+00,1.334781561338765243e+00,-2.635327597364926611e+00,2.356404064084729910e+00,-3.128930306837264030e+00,1.385351974760475446e+00,-2.838357520664659628e+00,2.899769097695910514e+00,1.676925792826625905e+00,2.706342413009274472e-01,-9.678652312353548393e-01,6.570214909542957393e-01,2.943211382503288398e+00,-1.432577214303854207e+00,1.293637950131961700e+00,-2.357301549880976399e+00,2.268820644238541462e+00,1.685017260031016484e-01,1.228239416189731426e+00,2.268042862615646360e+00,-1.714943251118174583e+00,-2.896737155740185976e+00,-1.298591011521076588e+00,-4.924898818045453375e-01,-4.262317222246690962e-01,-1.232788404282869621e-02,-2.973618645812192263e+00,-1.123480161985575432e+00,-3.757808425672231500e+00,-3.219925190827954253e+00,8.890996561541448795e-01,4.433113515878380206e-01,-1.971360790066397417e+00,-2.545596286363216887e+00,3.436446877544697465e+00,1.442078171617969140e+00,-1.247116768880710325e+00,-1.511739980596504829e+00,-4.555067114515027882e+00,-5.255777793399071030e+00,-1.989551184464632971e+00,-1.497916843422155253e+00,-1.061481754586109716e+00,9.927997263257690719e-01,-1.078407259092165615e+00,1.499256801142493156e+00,-1.967879189515162608e+00,-1.234093128404318396e+00,1.948043623208599584e+00,2.881264516336158321e-01
2.635433799422235879e+00,-1.145887976185182566e-01,3.016096179876661676e+00,-3.913516900533570819e+00,-2.926279002705520771e+00,-2.991412327572657848e+00,-5.272268205718853018e-01,1.290868113299410425e+00,3.734623827902900040e+00,3.558414540786715818e+00,-1.829018273783265536e-01,-6.610313674434551423e-01,9.894154758542406114e-01,1.286268576183576373e+00,2.956555017653383910e-01,1.076686541430654565e+00,-3.345924852117122761e+00,-1.154750418778739185e+00,-3.843440760182411653e-01,2.774308070785254099e+00,-3.383322673785112755e+00,2.249038867482479276e+00,-8.748608229576460005e-02,1.923622285919200092e-01,-1.807238224138237648e+00,2.318725196466666638e-01,9.122168390278941885e-01,-1.258950176322675141e-01,1.407883148535541640e+00,-1.602570790571328896e+00,3.279401123853624700e+00,3.944003874357713268e+00,1.458331764020732724e+00,7.276083077226247475e-01,-2.566592777541214510e+00,-4.634390075792602648e-01,-9.672435613827055079e-01,2.021045555991474174e-03,-1.929647738884640584e-01,1.030524445375578191e+00,-2.792492477230005932e+00,-1.489569109247772971e+00,-4.295198628504910410e-01,-3.047707131543386794e+00,8.477131457133932901e-01,1.017041894842281025e-01,-4.185130437196722397e+00,-3.833312202495971377e+00,2.240390905436426383e+00,1.674242626562678860e+00,-2.099615789607043759e+00,-2.911401339586827230e+00,-3.875184740536260719e+00,-3.414935439784454019e+00,-9.052748203492761991e-01,-8.136730759128228962e-01,-3.253597510834391748e+00,3.655801954429693357e+00,1.511162054537200206e+00,2.335850727634677160e+00,-8.848205896527931991e-01,-9.823311068085124331e-01,9.144714451906165165e-01,-1.489571819606342551e+00
3.201335223484349957e+00,2.417750270302343463e-01,2.087955445845362412e+00,-2.489392692381689809e+00,1.661639580596627752e-01,-2.042883115734591470e+00,8.494305856491350948e-01,2.558393690866830994e+00,3.053801637282597792e+00,1.546064720061048225e+00,-4.781109229102069591e-01,-1.195439051524027629e-02,3.082448015694309262e+00,-3.098726752689844322e-01,-3.103182168808221730e-01,1.631041820904082673e+00,-2.419484955293913941e+00,-5.115827071868859210e-01,-1.790784155442110448e+00,2.569304768937445083e+00,-2.897589522130707085e+00,2.435205344989746834e+00,9.456425250252311621e-01,1.292998283487169608e+00,2.026521235547533717e-01,4.161981306070058340e-01,3.099300381818864469e+00,-5.185796978900363285e-01,8.285128217760844294e-01,-5.565174195523697742e-01,3.170738615331997412e+00,2.722139288092506604e+00,3.549049386872229928e+00,6.251881166941302137e-01,-1.166518963312961565e+00,-3.910253338490192299e+00,6.483784630465727616e-01,1.021877126804110691e+00,5.160358092611116998e-02,4.661375141823901558e+00,-2.963593272226528352e+00,6.692208028746136073e-01,-2.118606138177700160e+00,-3.227412897431977790e+00,2.267122560130278242e+00,-1.763451653129696206e-01,-3.762292564936700945e+00,-2.258817563947619345e+00,7.656362501378264351e-01,1.588440359540653102e+00,1.095675659361331045e+00,-1.482141318103012528e+00,-3.379404545163398055e+00,-2.679340622459966070e+00,-1.337473402043165338e+00,-8.123599973663770957e-01,-3.979320262661251384e+00,3.217622969993083171e+00,-8.269814445100120981e-01,1.077349784539807898e+00,-2.644989140661073157e-01,1.879321277220492359e+00,3.210067484604303134e-01,3.103996966142891223e-01
2.748975905307963430e+00,1.525365579271191319e+00,4.713548486384848690e-01,-3.147279440984168897e+00,-9.251099056601356230e-01,-1.171004073323576034e+00,4.917365345656641851e-01,5.421683656957004160e+00,3.082799394141179317e+00,5.169402993931768719e-01,-2.534703106977498344e-02,-3.689660335991233886e-01,2.966442008704185618e+00,3.673870806941440526e-01,7.532323838630936574e-01,4.023741331918504471e-01,-2.413057457404419903e+00,-3.573471388401155413e-01,-1.983656186666415522e+00,2.848459528067811330e+00,-2.621956399217895139e-02,2.536921652052093634e+00,-2.655502421746438468e+00,6.478730910766212769e-01,-3.300458730505380078e-01,1.408265509830891604e+00,2.621903639224427707e+00,-6.814149445384487525e-01,1.327496182231919786e+00,-2.848878775076494563e+00,3.675993137871976568e+00,2.124820964455883310e+00,1.656174103131335062e+00,4.039379115863466208e-01,-2.709845053689308614e+00,-2.750594153110719642e+00,-6.314331992180453046e-01,8.611373165939676388e-01,-2.736223352241812790e-01,3.151268427430010455e+00,-1.587007706126268625e+00,-2.218279332910013224e+00,-1.898206216523397716e+00,-1.945843848952161892e+00,1.467511780671897803e+00,-6.924438353108595123e-01,-3.868191306986815903e+00,-2.639288508552222190e+00,1.267090018669918550e+00,-8.791050453772770723e-01,8.066244035694009051e-01,-1.674266965277005026e+00,-2.197247978863383189e+00,-2.883984633326377889e+00,-1.964267571257229950e+00,-1.586268368739935930e+00,-3.018723465526979233e+00,1.946442722399630121e+00,-9.157061073533676598e-01,2.698785664630682923e+00,-2.020624208701593094e+00,2.416401050222229951e-01,-6.881734487104005371e-01,1.891969984822869266e+00
2.820305736872655622e+00,1.173796000415041396e+00,2.929617443638584895e+00,-3.730487415000997675e+00,-4.258777033947557911e+00,-4.659859736740415315e+00,-2.033257384821093972e+00,1.953144475963913607e+00,1.926618269507378134e+00,2.042702396121963027e+00,2.929961087175800838e-01,5.365113113798478661e-01,1.641671833263480540e+00,2.103313094781510628e+00,-2.017568932264466597e-01,1.928794564189847405e+00,-1.470994352368998559e+00,3.724267450701899129e-01,-7.015165475730291700e-01,2.829655183831800702e+00,-3.393983733093392630e+00,3.305139927238870623e+00,2.073540922458019242e+00,8.955459527847670076e-01,2.309345641171167696e-01,2.228402279624662974e+00,4.016691061651084915e+00,-1.290807720218409838e+00,-2.866760353099659930e-01,-2.492727985522844580e+00,5.886923521877317711e+00,2.745572811701225024e+00,4.668091787246894109e-01,3.509704557256218660e+00,-2.736557931857745984e+00,-8.528344065547928121e-01,-4.246923892349392382e-01,1.251483538991860378e+00,-4.809774869052920732e-01,2.215277231953308501e+00,-1.056362545966300637e+00,-9.019040371073870910e-01,-2.105719051725330804e+00,-9.347122383362420628e-01,3.293347951548041275e-01,-9.144774955818228968e-01,-2.430326606122037436e+00,-1.304884052512933934e+00,1.585914435268728218e+00,2.672271079070717370e+00,-1.394240916000372366e+00,-2.260244335916592018e+00,-3.013975416045013844e+00,-4.046613399988602922e+00,-2.140666486380029543e+00,-2.351451654087338028e+00,-3.615574755658113038e+00,4.286487286353617421e+00,-1.154330287660048082e+00,3.180210376717594656e+00,-8.370406560828822506e-01,2.191291504972094351e-01,6.517345412129592619e-01,-3.471793098909581321e-01
2.456871497709653518e+00,3.076514618817809410e-01,2.606315780564429474e+00,-3.801851000200544561e+00,-6.910559863076921605e-01,-2.667028505173850039e+00,-1.357000373307114982e+00,2.881094201136696675e+00,7.765058882930850892e-01,1.229789242626582180e-01,-5.326282196583075335e-01,1.808892465693461959e+00,3.448233234554506588e+00,2.530648092525570547e+00,1.690935039601217271e+00,-4.716244021164106570e-02,-1.979578502032391718e+00,-6.521232327543084739e-03,-6.392907847067771376e-01,2.760901016776563743e+00,-4.348506986135779684e+00,2.629796049398483770e+00,-3.934366455817381869e-01,5.032345531391977378e-01,-2.468218074505321269e+00,1.265305473370147871e+00,1.331004956738665479e+00,3.266833271222324697e-02,1.710447776945019038e+00,-2.927842163641209527e+00,3.864683210495449384e+00,2.750018683029447963e+00,-3.100506661503341643e-01,1.777221253290324654e+00,-2.301187600408731271e+00,-4.000575032334308112e-01,-3.780596713577525358e-01,1.378725222388038407e+00,1.371781954088101552e-01,1.973157855016651085e+00,-1.689900012133475959e+00,-1.277409472667713208e+00,-1.864749840895558952e+00,-2.090141947393935329e+00,5.447018609469105321e-01,-3.734418364756075803e-01,-3.276725584823072968e+00,-1.517734714276937069e+00,2.689303892351112335e+00,2.933364306774292718e+00,4.035657171473159277e-01,-1.251411979740308045e+00,-2.718166790296264956e+00,-2.594436029700501134e+00,-1.584095057231803994e+00,-2.265696020259674981e+00,-2.286809046494300279e+00,1.602875860236985917e+00,2.299161992356045126e+00,2.800454893367304798e+00,1.329951496721610837e-01,-8.283119693582743359e-01,-4.085207944545421466e-01,5.340151353383446597e-01
2.996690591001073933e+00,4.132742732958127885e-01,1.955420314017121797e+00,-2.192763393497469959e+00,9.273133154012760393e-01,-5.237258896142134468e+00,1.997315259377731994e-02,6.522480667015235767e-01,1.525713054699056270e+00,2.110047886681212681e+00,-1.983917695116010349e-01,2.181416600747119183e+00,3.318389442412810197e+00,1.541607148632925472e+00,-2.129331358234262783e+00,1.496722589060202502e+00,-4.184320282200697960e+00,-1.048917525272540008e+00,-1.042750034472780918e+00,2.381440453136769442e+00,-3.147830989347659703e+00,2.077768927300894575e+00,-9.907900661602775383e-01,3.003911014389467615e-01,-2.606933533960003047e+00,7.714712494555131528e-02,2.185826711949399481e+00,-9.868551986268487841e-01,3.484080645502642959e+00,-4.570656547729103902e-01,2.390818101037193610e+00,2.177300383430226471e+00,2.578450725335360350e+00,1.387386701495845420e+00,-1.629034850811337476e+00,-2.578743653763089672e+00,-2.734004600014159791e+00,4.928600894253344356e-01,3.096759916110231048e-01,3.543981145846458514e+00,-1.544808059171073777e+00,-2.216677397673294969e+00,-3.069962757119014451e+00,-3.374404376215058399e+00,6.528616838070850914e-01,-3.013590453339146658e-01,-3.391250961520474227e+00,-1.390661390731849023e+00,1.913444439543807274e+00,3.609829741780248735e+00,4.514654955687518179e-01,-3.835473596376504091e+00,-2.624032126406858900e+00,-4.415370212314277509e+00,-1.554621008949408578e+00,-2.718755078953081217e+00,-1.713110190727030524e+00,3.444958872187585897e+00,1.465100060813983696e+00,2.315280223545810756e+00,-8.056391794011124041e-01,-1.695978640994046716e+00,2.269894170073357920e+00,-1.450230963245624061e+00
1.475353484118167247e+00,1.470817872061594977e+00,1.123002770872458367e+00,-3.632209190350308869e+00,1.576925149017269767e-01,-5.539918171401168934e+00,3.631177009237940845e-01,2.340339642365359296e+00,3.247588016775805997e+00,3.331423471120646962e+00,-5.947798203767751257e-02,-4.465411062245956408e-01,2.770450985748787787e+00,-7.418255168371119534e-01,2.420054432192807248e+00,6.402273221592722496e-01,-1.060287996420146817e+00,1.134079491810974005e+00,-1.480991860885251032e+00,2.257690853505894601e+00,-3.947260871889024969e+00,2.495695784704413001e+00,1.742541831836869504e+00,1.509335324382137689e+00,-6.038340511120602327e-01,1.417939353834252625e+00,1.527715201568983883e+00,-2.667475556473862142e+00,1.718394229956763830e+00,-2.994361044335502875e-02,3.613270681306486765e+00,1.369626244267563742e+00,1.234650122643402792e+00,1.138575507797652486e+00,-1.144939410602851426e+00,-3.366988601717818774e+00,9.847109028279266152e-02,4.843545736074146846e-01,-1.040387229874266239e+00,2.276264390148913908e+00,-6.833710371729290189e-01,-1.867927753808000135e+00,-1.596090868778587968e+00,-5.612343650449529431e-01,3.232276782387405456e-01,6.530393572139222558e-01,-3.870185345801776755e+00,-2.610333626624296244e+00,1.065582225009685136e+00,1.494540472052455771e+00,1.297740347398065541e+00,-2.273525683984778833e+00,-2.202784547693566353e+00,-1.988569965474286549e+00,-2.405864888487895037e+00,-7.446889559325345909e-01,-2.199451914476381553e+00,3.771313716478243538e+00,-1.361294894228821883e+00,2.325965830079937735e+00,-1.774758884450111651e+00,-7.818182036555743064e-02,9.123503478251320242e-01,1.538283933730856923e+00
1.722032867922049126e+00,7.146333952560042224e-01,1.418771982962482747e+00,-2.295605724001150261e+00,3.617297975319702097e-01,-4.087455414223050809e+00,1.115572375978214792e+00,4.211989169214762185e+00,4.694608879599404538e-01,3.505962778547603964e+00,-2.071596385176877497e+00,7.259213756275698648e-01,-1.563895469248417491e-01,-2.759090195650037991e-01,7.034971108537038109e-01,2.711130895834612087e+00,-3.130642911293369579e+00,1.888069116149488080e-01,-2.025899803918797204e+00,2.542138165568038843e+00,-2.099961689623064842e+00,2.348755354078450708e+00,1.805871857068186870e+00,-9.838615145543567753e-01,-4.922698312450259905e-01,1.341855854401555970e+00,3.089974659630908782e+00,-9.148209683973584916e-02,3.839756031981647943e+00,-1.719701739632110593e+00,3.506320182140187036e+00,1.036602501617818861e+00,1.910715692135172672e+00,1.277097614111135204e+00,-6.840858805159983902e-01,-1.662275232231362754e+00,-1.564960142193780435e+00,2.310851071874300278e+00,2.873346022994703874e-01,3.215459402415704382e+00,1.531948502649393973e-02,-1.917680998825702199e+00,-1.187830127098977062e+00,-3.998674431370265125e+00,5.963102446226371534e-01,9.284760614455058736e-01,-3.567573317056733195e+00,-2.142890964925435071e+00,3.759692648233003531e+00,3.945038515747534280e-01,-2.209162717617727978e+00,-3.208296528540143022e+00,-3.729371090671117717e+00,-3.129691984697241303e+00,-1.345273710456732053e+00,-1.617502341271447763e+00,-2.715919236789066993e+00,4.032620678043275397e+00,1.005168873995332390e+00,1.296760131364163682e+00,-4.957050373189914039e-01,-1.288117964205436117e+00,2.814985799346926942e+00,-5.678856613687974786e-01
1.549260141182128736e+00,2.291591521617363458e+00,1.962081021336960385e+00,-2.503881405895410417e+00,-4.342376164700614272e-01,-3.020728729640095978e+00,-3.858762521273204626e-01,7.915379136797777715e-01,1.461285098465724186e+00,1.515261328829007770e+00,-5.464474937833769808e-01,1.862800193761172118e-01,1.714531190213848921e+00,-1.260384989547052026e+00,-7.359755768667993747e-01,1.772523192422870375e+00,-1.935258313207210090e+00,-5.484642901637001300e-01,-8.714327188256100198e-01,1.795862134947620037e+00,-4.053886699644779767e+00,4.298012988813922242e+00,1.495775189198034871e+00,4.617562428347288250e-01,4.351593675690157426e-02,1.999284003674933530e+00,1.351933081779032264e+00,-5.679849883846296299e-01,1.223697398924093127e+00,-1.249826146333892662e+00,4.125841838668008243e+00,2.112042088429218811e+00,2.535254749467650282e+00,6.100069336193387759e-01,-1.358212025422985025e+00,-1.436313734639067086e+00,-1.065433342712838183e+00,2.662378644699178176e-01,-2.545551687320237733e+00,1.954344396632320624e+00,1.534732509139422163e+00,-5.152482930312038967e-01,-9.106819023976129301e-01,-3.466655550381072981e+00,8.606702764835857389e-01,-1.369033655276532313e+00,-3.957080331397201611e+00,-3.229299347068818271e+00,2.230947379248353180e+00,9.941741137911214166e-01,2.344029251856041274e-01,-1.169397736396836862e+00,-1.718767323861181140e+00,-2.100538310611557158e+00,-1.994139424365089841e+00,-4.105393374331531287e-01,-3.071060054564352271e+00,2.607141356404425458e+00,1.737244259122485257e+00,3.131054455284514315e+00,-1.119711104698274395e+00,-2.685627749258684638e+00,2.692331924486923711e-01,-9.650334391157160407e-01
7.791047391359688934e-01,-3.962618451136545872e-05,1.900153751853235873e+00,-1.326605805959292894e+00,-1.983752352468193481e+00,-3.716059438543672933e+00,-3.422555564197446443e-01,1.661442492361030254e+00,4.565170419366518573e+00,2.415527839244016484e+00,2.505967085906511960e-01,8.323584486100280566e-01,2.938316796054858848e+00,1.036066756111587939e+00,-4.571115174742065856e-01,4.408427692778079665e-01,-1.045327334848356937e+00,1.037824980187880275e+00,-1.706841222678600722e+00,2.569261662822729608e+00,-3.277436618899023379e+00,1.962332109413446934e+00,7.867602150622385881e-01,3.432401694016201099e-01,3.117910010244755448e-01,-9.894834669245651249e-01,4.543148566750215167e+00,-2.312998735699963948e+00,2.125817102211420284e+00,-2.061296256998132126e+00,3.726762469504068420e+00,2.025989399930277379e+00,2.529859424861498063e-01,8.215437135680595526e-01,-1.009149696716177713e+00,-1.649809885708793278e+00,2.963225627614783919e-01,-3.303968729848003605e-01,2.209745279602392198e+00,2.381841879830444153e+00,-2.627440840032540414e+00,-1.145872666111959592e+00,-3.917864025682350260e+00,-2.556399438509626698e+00,6.478527526845668794e-01,1.987015373811305441e+00,-1.483165743486609456e+00,-3.489203753026556498e+00,2.594232445571947210e+00,1.462027140619518439e+00,-1.477589275662837043e+00,-2.313882125470694717e+00,-3.985400354560818315e+00,-2.033394852866100777e+00,-3.110979997653684492e-01,9.721960173589196952e-01,-3.217397642047421069e+00,3.284408722194448238e+00,2.318545884627505327e+00,4.043630306213248815e+00,-5.985382677560956433e-01,1.149246599743397601e+00,4.507182899071211502e-01,-2.489147833513984942e-01
1.318811954101060335e+00,1.777655443246462852e+00,1.115574392769624890e-01,-5.094628375062036696e+00,-1.586111633178636016e+00,-5.456494449802304914e+00,9.095701507373282757e-01,2.050183172291054845e+00,2.910169524326493562e+00,4.345677098137183059e+00,-2.801755655291022773e-01,7.516385787612966940e-02,1.764576157926461386e+00,9.139568747144299898e-01,-4.122126862269311354e-01,1.661974858442753833e+00,-2.642529810679048019e+00,-1.198010264170131345e+00,-9.163893671115934669e-01,2.547129582035669415e+00,-3.408347714437241383e+00,2.597584187949608658e+00,-2.089446822897864653e-01,-1.076364887729098330e+00,-1.914030780649915497e+00,1.707062684935520602e+00,4.750619789910315305e+00,-1.719763151755841601e+00,1.756482441710191411e+00,-1.427429885022259093e+00,5.470952250146458695e+00,2.067077281975222558e+00,1.733372565351398720e+00,-1.310109827280576233e+00,-1.285493734190615189e+00,-1.212110429782700338e+00,-2.625474315495645028e-01,2.347654902390242881e+00,-2.133563199734466176e-01,2.743555989783584170e+00,-3.246365516277405661e+00,-1.265107880552335695e+00,-1.634201891141559670e+00,-2.827413023530758629e+00,5.410560398481757405e-01,1.868590315238885191e+00,-4.635589743699709331e+00,-2.455437348683134235e+00,1.752227844206911023e+00,2.045882614060685611e+00,-2.134171705204704672e+00,-3.460631838024140983e+00,-2.197891500820765120e+00,-2.676027094489791480e+00,-3.241078933449314636e+00,-1.806778207785916912e+00,-4.279272157924006059e+00,2.207249515663968431e+00,2.442737421741271842e+00,2.921364880937985298e+00,-6.775209661310810372e-01,-8.851564555852048377e-01,2.261807345182251350e+00,9.608141052367933366e-01
1.868547019099938700e+00,-8.356840698104028853e-02,2.044763856925640333e+00,-3.257893233177200809e+00,-2.935164511829629896e-01,-3.665081884335224860e+00,-5.535152891549920406e-01,4.071433489660061689e+00,5.495755937795473223e+00,3.560595360453457037e+00,-1.364550998100195311e+00,2.119610369067625122e+00,1.809752935978275357e+00,1.096529882233002295e+00,5.868407577074250536e-01,3.856279487845374332e-01,-3.581251807382974661e+00,-9.213637619031718184e-01,2.152113877566004252e-01,2.306575943984469745e+00,-4.273511399613521888e+00,2.309823986225111980e+00,-1.185384841851799820e-02,-1.848453085994691270e-01,-1.142129490007632420e+00,3.021231135207565366e+00,4.229474905634499571e+00,8.687609809815242112e-01,1.720939521180286036e+00,-4.442799706343403265e-01,3.452337297954332751e+00,5.372003260837265870e-02,4.568117091204259239e+00,3.288254436752152898e+00,-2.254532254946061798e+00,-3.273416886709932694e+00,-1.522153990843586047e-02,4.068985208401503240e-01,-1.061862690762629402e-01,1.387464812751508125e+00,-1.350136428508538655e+00,-1.503880449662926111e+00,-3.310440165466596696e+00,-3.431726312242699972e+00,2.396528771447988149e+00,-1.431253442908881013e+00,-1.173763224832587326e+00,-3.985902803750523304e+00,3.688475370816653331e+00,2.782385700910674942e+00,-1.807856652097334038e+00,-8.508166726355577136e-01,-2.377409191581016934e+00,-2.741497493085838233e+00,-2.692514478641570008e-01,-2.972334790609539645e+00,-5.073867065824227751e+00,4.478205237665045857e+00,1.005396309744512440e+00,2.513341588235199708e+00,8.515022875571403027e-01,-1.031966589659276679e-01,9.097913649893597521e-01,-2.209118127676352739e-01
1.683939090265490712e+00,1.782924495143417776e+00,2.587738281359879267e+00,-1.688928541080696233e+00,-1.397566305760313377e+00,-4.960014589459188272e+00,-1.623075050534280306e-01,3.533592254260151222e+00,2.164260307070531741e+00,2.224121213515092510e+00,-1.129980047767394913e+00,1.628299003358786745e+00,2.897439851346921724e+00,6.133506780402253611e-03,-1.115972328825930004e+00,2.310472792085893623e+00,-2.136046933509012646e+00,4.525297496258572916e-01,-1.201376555026000714e+00,2.634398157110361627e+00,-5.261589196740795060e+00,3.934149355071135723e+00,1.337161880070857123e+00,8.415435396529035161e-01,-1.516111442993030467e+00,1.776490802761331311e-01,3.859897345815630487e+00,1.052973386726625549e-01,2.109433832841353773e+00,-3.102707049954860352e+00,2.917520163419679236e+00,2.508139442133498154e+00,1.663450070930507119e+00,1.474945741396007426e+00,-2.810531461403521725e+00,-7.562923955369500462e-01,-2.230827681049529332e+00,-3.456827404834065254e-01,-1.094785355807269545e-01,9.388364790148089334e-01,-1.009891965798280999e+00,-2.602320966837404548e+00,-2.447632047494862739e+00,-2.996582697269006168e+00,3.525607740677492163e-01,2.733583610586842183e-01,-5.342753765995280624e+00,-2.650689696947527541e+00,3.482304258625684490e+00,1.444890643024204113e+00,3.417092718327132128e-01,-2.838857979087124228e+00,-5.026013203562417431e+00,-2.824241889223231716e+00,1.233485076406755532e+00,-1.348439091290381420e+00,-3.968777346860845601e+00,4.023088971778252088e+00,1.636086044802088635e+00,2.830949298032581218e+00,-1.460215781627527631e+00,-2.033231156372734993e+00,1.079384559170321278e+00,1.254780193606531258e+00
2.151318868809918072e+00,2.463719258486886110e-01,5.093843159463780079e-01,-3.223279794099396245e+00,3.596974797714909133e-01,-4.723474685901619452e+00,7.089650834328387052e-02,1.738473943955658685e+00,1.047183343486640439e+00,2.367257239139703984e+00,1.116219011054022658e-01,1.500855716538045170e+00,1.509343521455240200e+00,1.869489743960844219e+00,-9.225251079561193057e-01,1.235340287764215450e+00,-2.044078392383597897e+00,5.988544208799498891e-01,-1.968644707240901681e+00,1.116999409992849301e+00,-1.386344429507288201e+00,4.249320213696931248e+00,-4.113245556271443171e-01,-5.338705573629134449e-01,7.483074430080454142e-01,2.042223836388683988e+00,3.553800994900968124e+00,-1.561079330253768660e+00,2.444669371418751957e+00,-1.435443180743727121e+00,3.689921273746639585e+00,3.245830588735276745e+00,-2.465396454668222770e-01,3.133727536473041031e-01,-2.425133201127089855e+00,-2.477342330881264321e+00,5.530505028223592356e-01,2.131801881920155850e+00,-5.348905060334027128e-01,1.928302463343340323e+00,-2.058739117810407304e+00,-2.061919329488162145e-01,-2.053757638966243970e+00,-3.193057282456712720e+00,2.443392655856861051e+00,2.325529080364599821e+00,-3.067729199283085517e+00,-3.425069705583647206e+00,4.179922156475764261e+00,1.882378155861575975e+00,-1.185102886401098177e+00,-2.558151014498436737e+00,-2.364977961254939309e+00,-2.009683597513361786e+00,-8.964908102712800808e-01,-3.142829217417478782e-01,-8.131526483055422361e-01,2.985075514543712671e+00,-2.790029429963300611e+00,1.142464437574816527e+00,-4.227655306199649687e-01,-1.580536507647100630e-01,3.949658196651192332e-01,2.539942676739325833e+00
9.471975731100703566e-01,-7.576321032760158225e-02,1.147814032146171837e+00,-5.787752641807504261e+00,-1.893876086863640174e+00,-1.765286182626637057e+00,-9.829937473737029308e-01,2.631138415033114963e+00,1.226486823306911500e+00,2.961005961595605473e+00,-2.113029005728427334e-01,-3.685443662665019993e-01,3.663530958831497930e+00,7.546395207736540378e-01,-1.826983836344521661e+00,2.715341956244316624e+00,-3.284306973755683146e+00,1.313733039510505352e+00,-1.601481810256130567e+00,2.940049715375184114e+00,-2.133506861981257607e+00,3.482427408966174198e+00,2.064002715633689089e+00,1.089982440799485808e+00,-1.358210518285055013e+00,1.441328578439404318e+00,4.120800513040951074e+00,-2.328406583369682536e+00,2.643528929393300864e+00,-7.537225805037034432e-01,4.598452870784554669e+00,1.159185042569543356e+00,2.069884772602928358e+00,1.058826687549343948e+00,-3.256090471612131942e-01,-2.145922319547072910e+00,3.922276439052966301e-01,5.816241492400067159e-01,1.755626325524155540e-01,2.421436622087071111e+00,-2.646501780215692712e+00,-9.462054974357919646e-01,-1.854154649894169005e+00,-2.895627721445738434e+00,1.248805086294004107e+00,7.945818423115591500e-03,-3.366038791850842760e+00,-4.374402232168942639e+00,1.295871427907257400e+00,5.438243105580181647e-01,-2.789305751769357022e-01,-2.419436844105161022e+00,-3.591495965563841875e+00,-2.092618850080214976e+00,-4.754061883037217218e-01,-4.146520967237385946e+00,-3.757714453142671829e+00,1.817868306663641409e+00,2.160340245126461056e+00,2.422815224357745656e+00,2.350369832250491786e-01,-2.537655294654121430e-01,7.040370246364473505e-01,2.199653118783801431e-01
3.240101278312343513e+00,1.245460256334045557e-01,2.012748781533793441e+00,-3.817371813890683807e+00,-7.708572039430833245e-01,-3.698642238259552961e+00,1.182550048074971993e+00,8.854444234370739686e-01,3.149557425847045344e+00,4.190314688896256357e+00,-1.810909186639841906e-02,-1.119142495711709095e-01,1.616311818858209959e+00,4.790497771882897382e+00,-2.552572841465461373e-01,1.822473000228451934e+00,-3.585708730636344654e+00,-7.132815596770762934e-01,-1.812078288685903482e+00,1.549069512218738343e+00,-1.995377383752081624e+00,3.704291557302496152e+00,1.831871205472716646e+00,1.104427105250290309e+00,-9.701149379188352961e-01,7.966763496030515590e-02,1.868341152839586572e+00,9.968071287965072358e-01,2.171027591219242048e+00,-2.184161945710853203e+00,3.511357705666526829e+00,1.643808747890859179e+00,2.542487187921789626e+00,7.487672202563068202e-01,-1.740170991525355593e+00,-1.344577124062818818e+00,-1.469362504188989726e+00,3.312140501642002466e-02,1.224357588901705540e-01,3.726723720945515517e+00,-1.293066982808304122e+00,-2.340173736860428289e+00,-1.294346191224046816e+00,-4.638244592855707005e+00,2.646448175727131868e+00,6.294108376220404200e-01,-2.110645314597453748e+00,-2.117016703256300758e+00,3.325615832683333384e+00,2.462798807433014048e+00,1.391272367863241710e+00,-6.211835793681532714e-01,-3.331210698966792005e+00,-4.794487572396838537e+00,-2.153951096632313433e+00,-1.679246637906837147e+00,-3.870961978861535258e+00,2.475532571705791440e+00,2.766122346471348248e+00,1.825989348943112489e+00,1.009666309682452079e+00,-2.686794431006920836e-01,1.047380483283683272e+00,1.635932352790817834e+00
-1.016318589880043088e+00,-8.995246753636330084e-01,2.723445437548298820e+00,-2.693305348641069852e+00,-1.983546173123253764e+00,-5.311098645897738280e+00,-7.704705065618484561e-01,1.407871722797672698e+00,2.621197749956627021e+00,2.236205631031234820e+00,-9.808404197428848281e-01,3.205450858368987244e-01,3.564370494230305830e+00,6.088984696141794828e-01,-2.320424164859517635e+00,2.238389465618914054e-01,-1.956004594522369855e+00,6.460807027554573700e-01,-7.110868138743933198e-01,3.287671610486269103e+00,-3.433178771579660893e+00,3.904185149391569798e+00,8.099676198150396189e-01,-1.343028673731309963e+00,-2.119925088118574941e-01,4.625101545954178883e-01,3.128920264372111681e+00,-1.270556544927787135e+00,3.578073229244851383e+00,-5.329029092500512377e-01,3.215171169322508238e+00,2.560162107541845700e+00,9.718427084833474172e-01,2.975637916215430057e-01,-3.433022659088013739e+00,-1.119376604117342522e+00,-1.392324426811957672e+00,6.746505213460899375e-01,4.812104854752317085e-01,1.554848401487374687e+00,-2.704370284839939576e+00,-1.148637788716212027e+00,-2.208978798193072191e+00,-2.322944494918647074e+00,6.440455314157512712e-01,-9.977804864890678083e-01,-3.129836570565632137e+00,-2.300452617619162421e+00,1.111239794609677478e+00,1.064945344449103271e+00,-1.292012004206092302e-01,-2.665569152013611554e+00,-5.244437318474533427e+00,-3.435968425564881468e+00,-1.347401806138652347e+00,7.390699226349872752e-01,-1.970931551840949147e+00,5.061047237723846237e+00,1.220680694389468801e-01,1.994167325715145545e+00,-1.227640572548622577e+00,1.666609890625445622e-01,-3.541405856451182999e-01,1.905450336454955318e+00
1.400563270191931053e+00,-4.293695743309586810e-01,2.218622952213079369e+00,-2.697442102960708077e+00,-2.339894968753638338e+00,-3.972256684766275026e+00,-2.705147881695151857e-01,2.921171990920584882e+00,1.920741295494890366e+00,2.997168210305073188e+00,1.152477673090299914e+00,2.483579831851507880e+00,2.174570890403624279e+00,6.394898309291964233e-01,9.850361078561430395e-01,1.376037311360451598e+00,-3.215491129330927400e+00,-1.130639424883460309e-01,1.588664327770659135e-01,4.364794018587420332e+00,-2.661926963458876472e+00,4.664646832215164629e+00,2.168751129471979677e-01,-1.267686767238840884e-01,-1.154737710061060518e+00,-3.813352696636231887e-01,2.106428060331125174e+00,-1.870471660221209920e+00,1.837166263345894057e+00,-3.438536103661380849e+00,3.410750474971258939e+00,1.535557557964999376e+00,2.122598810141314907e+00,2.969595565635432255e-01,-2.888459853476391892e+00,-3.161423114394380285e+00,1.784344556539741111e+00,-2.770786003225224059e-01,-9.800178085274831030e-01,-2.170515512131481195e-01,-2.463661516651808103e+00,-1.458719154969423837e+00,-3.731945840463179564e+00,-1.991527337795457875e+00,-1.002695878164594490e-03,1.479412872107936705e+00,-4.451930299117949019e+00,-3.833445086539820856e+00,3.043106039496372262e+00,2.587578980306891374e+00,1.751299495764418568e+00,-2.674043716597021891e+00,-3.655458922546719336e+00,-4.777551117801110969e+00,-1.930417539223454160e+00,-4.675498654725800951e-01,-1.987549105163996410e+00,3.418578014347924743e+00,-1.421435845530489850e+00,4.529826979177727253e+00,-1.843609873711498093e+00,8.709012333723142874e-01,-6.876626720034813012e-01,4.650850507638810138e-01
3.731251498164500635e-01,5.874856024732821869e-01,6.178135073206174610e-01,-5.464321211990485594e+00,1.509063338337677251e-01,-3.277541242965069213e+00,-1.020462436460429334e+00,1.491140522531981816e+00,2.900254936424696339e+00,2.519958157834544021e+00,-2.950625729963663346e+00,9.034624053880332406e-01,2.657320642181940418e+00,2.385787620429077549e+00,9.888436774738335044e-01,1.644391564926115823e+00,-3.269666236666450398e+00,-9.715778023173466948e-01,-7.565319312636604732e-01,2.789014653816553224e+00,-2.479424519144782568e+00,3.702680242903515939e+00,4.654856040829086772e-01,-2.143638898482886024e+00,5.144719130952826180e-01,-3.525470529328811331e-02,3.026079897274339903e+00,-1.344832488818519245e+00,4.388718156680875282e+00,-3.683546898842852357e+00,3.478840928579002512e+00,4.351969630960586422e+00,1.445109692152163117e+00,1.051783464154909975e+00,-3.065177678325519572e+00,-1.837296005223209239e+00,1.723566568759128392e-01,9.477504947140167335e-01,-1.289085169757105298e+00,3.407649987843145656e+00,-2.506684315741628311e+00,-1.810547076338838934e+00,-2.833355461817621990e+00,-3.793549976431517479e+00,6.675429299046219400e-01,5.340168667100049227e-01,-4.181979687954339830e+00,4.503535312318400763e-01,2.564703707826606394e+00,3.139051760021517090e+00,6.027532283021598269e-01,-2.042041042917966731e+00,-3.067422912954357983e+00,-2.361221888764996280e+00,-1.340046035513101197e+00,-1.223120743945717015e+00,-3.681858026279829499e+00,3.111358451903583955e+00,6.101702124777791392e-02,3.367688094415387745e+00,1.014776054579277664e+00,-1.577628388907881263e+00,9.783322997281277411e-01,1.897047429911812966e+00
3.406063153529137910e+00,2.577392857102651647e+00,5.995588487055012461e-01,-3.154510911369717618e+00,-2.093488510416853243e-01,-2.262631452426603573e+00,-8.249989794677877741e-01,2.295939310820839463e+00,3.012697513884235789e+00,3.403690471065353051e+00,-3.737711729646383541e-01,1.930794176151322761e+00,3.017632268589490074e+00,6.730444790936489508e-01,-4.652372643852069611e-01,1.377112424411470526e+00,-2.238387911586339207e+00,-1.083725679678817722e+00,-1.352402566317094657e+00,1.742515728297687749e+00,-3.202780604702991862e+00,1.377509600533590284e+00,2.895676111048177681e+00,-9.852766648922794968e-02,-7.226995422731541385e-02,1.946778260740669619e+00,4.627361968910871148e+00,-1.469518426252553578e+00,1.827283514877796389e+00,-5.991010031387937751e-01,4.353090930739261566e+00,1.338048251542867551e+00,1.087442336870249715e+00,2.058745590616616106e+00,-3.655920723808979034e+00,-4.351166716697179027e-01,6.224120207219436818e-01,1.476227500454160735e+00,-4.100941892910414666e-01,1.419259089166232224e+00,-1.909793877440587151e+00,-2.381322686335424432e+00,-3.163730451039908242e+00,-2.538331036927119477e-01,4.520753478791084135e-02,-1.432099954125117591e+00,-4.469873620669181591e+00,-2.782828362156439805e+00,3.743029083704397131e+00,1.111700921992408997e-01,-5.990116592022272091e-01,-3.360581189965766491e+00,-2.591825889441276232e+00,-2.968503634647587486e+00,-1.926800503630873962e+00,-2.037555390240567199e+00,-4.044266860344511549e+00,2.836924041706474942e+00,-2.036870293068442361e-01,1.330996457363644581e+00,-1.072910416500266528e+00,-7.078489266860688023e-01,2.185816809378190229e+00,-7.550447122190804272e-01
2.550061152861224922e+00,1.623906873908884663e+00,2.017290232840732944e+00,-3.192592632962500954e+00,-1.121060598626048233e+00,-4.380175958290672078e+00,-1.084751911621933074e+00,1.847670074590146649e+00,2.829149030406252319e+00,3.833525389624423241e+00,1.103500198243123620e-03,2.890828775394620909e+00,2.065622415829033720e+00,2.244161187038851590e+00,-1.048715732066656914e+00,7.277995653843192247e-01,-2.443222570259456550e+00,-6.517392723039333591e-01,1.523848505975158307e-01,3.596613389600687327e+00,-3.450626103577057346e+00,1.932270847987519913e+00,-5.860423719183389668e-01,9.761462660865072305e-01,-2.361970703548439410e+00,1.166961081909373865e+00,3.604430447081771405e+00,-8.979506432583150843e-01,1.339750133171968560e+00,-2.235404103832765443e+00,4.146617157932897868e+00,1.878540807332408580e+00,1.633888433610166446e+00,1.873461340380494278e+00,-1.677429221237824120e+00,-1.366513117831598567e+00,-1.429708410309117550e+00,5.572970638166764301e-01,8.534764813616186885e-01,1.850439205231457773e+00,-3.659225308876103533e+00,-2.689743345520404727e+00,-2.661832402643315110e+00,-1.127602367009758577e+00,-1.035512896178235831e+00,-1.044355928136248668e+00,-3.405834786803010772e+00,-1.629656785844515232e+00,2.234606800259280934e+00,1.532881725011245200e+00,-2.689192474994668847e-01,-2.420618464843547812e+00,-3.674742422429501776e+00,-4.417086703118119573e+00,-2.797165071947202541e+00,-9.036174131969439971e-01,-2.906681500267588092e+00,3.723147716559466414e+00,9.033933775594227278e-01,3.324464329613495028e+00,-1.800125849486905460e+00,-7.504521032419166904e-01,1.991340098103083989e+00,-1.406614780810633292e-01
1.865345060624493012e+00,-8.672208894958992609e-01,2.824403726866425934e+00,-3.633136174948822461e+00,-1.159668608716562854e+00,-2.352702301502852755e+00,-1.061235515725910794e+00,8.775712008072507064e-01,2.878318913271287194e+00,3.055240874340753976e+00,7.390387848107833335e-01,3.120670961834258184e-01,2.870264230032578912e+00,-1.042768223393921723e+00,5.050741861599016280e-01,3.112289052200801542e+00,-4.875515748763372681e-01,-4.000265951242404361e-02,-1.367412342485542887e+00,3.116660042782419371e+00,-4.073930197437792167e+00,1.923983500014594394e+00,9.613554790048982612e-01,-7.144376505696189983e-02,-7.071402595848133021e-01,6.375036629508182839e-01,3.450088481874256985e+00,-5.114166075710918635e-01,3.183667791423311577e+00,-2.599394538052278048e+00,4.187857716771933525e+00,1.140152011343195104e+00,2.511555058005472407e+00,1.602511346744758924e+00,-5.219663307955131337e-01,-2.348429210169802772e+00,-1.372820266356602759e-01,1.277183351908844022e+00,2.720998615215821648e-01,2.246820664372640497e+00,-2.922802817178827617e+00,-3.986568368395974282e+00,-2.804794129720722395e+00,-2.266902709823985340e+00,2.568069850431521139e+00,2.602497563956015725e+00,-3.163788350720072806e+00,-8.187809518883499837e-01,1.697297704279605579e+00,2.520945361932874995e+00,9.259572934267696898e-01,-2.654400976128767908e+00,-3.964929217553962548e+00,-4.796596826897932431e+00,7.998778146038540982e-01,-1.684590740466402892e+00,-3.669285105716893813e+00,1.787844719061303822e+00,2.651932881793543473e+00,2.269264907462307690e+00,-1.461574046909310809e+00,6.742104709483807135e-01,1.062907762788702248e+00,1.742205493731432853e+00
5.146369124686371865e-01,-7.157349734325948454e-01,1.688142342546111285e+00,-2.618588692249690819e+00,-1.353940948462661886e-02,-1.883019063397798121e+00,7.423975565874469940e-01,1.873015827248718068e+00,2.583088081346077036e+00,1.882958070518906846e+00,-1.519041542167009595e+00,1.835427710619508046e+00,3.063232971020275031e+00,1.950342784786576411e+00,-1.558520086397722437e+00,4.309829234768271178e+00,-1.374541435128878275e+00,2.307065907379313163e+00,-4.087479861480172172e-01,1.431914776947672330e+00,-1.272926778409080750e+00,3.317175673347230624e+00,2.182191544661611360e+00,1.239550989321074770e+00,-2.333861046981015264e+00,1.958388933485699646e-01,3.055879768449055955e+00,-2.495370250276021107e+00,3.490533251694718508e+00,-1.828536419642703414e-01,1.318641156488471911e+00,2.646694077848871451e+00,1.390628868942120899e+00,2.587884712757338335e+00,-3.136206916350395169e+00,-1.302877613891095354e+00,-9.191496491224527832e-01,-3.185145154911934728e-01,-7.236160488759136866e-01,1.855130285178967720e+00,-2.391082171063914963e+00,-2.326009070814138546e+00,-1.890933406505808323e+00,-3.262133928880997402e+00,9.108119658835971411e-01,-2.569135623966335435e-01,-2.246471297771364561e+00,-2.252045722536088146e+00,2.574739643975153314e+00,3.530223382051482783e-01,-1.137156625712733460e+00,-1.188488532890593419e+00,-1.676019334188832532e+00,-1.590507928447318031e+00,-9.011587667517164668e-01,-8.573433083758867923e-01,-2.926910227387523822e+00,2.087280417504184804e+00,-1.930629686683915214e+00,2.510254129449515759e+00,9.297586736574006139e-01,1.578951079496003773e+00,1.548991110784342151e+00,1.564231960379844244e+00
2.286708140550354429e+00,7.773844766319875088e-01,1.635744599156736090e+00,-2.317772323963045888e+00,-5.803594234309445987e-01,-3.275523950630921277e+00,-5.445053997797661971e-01,2.639357859641175086e+00,2.121543861594942904e+00,2.305655422084403661e+00,-2.036266505145436945e+00,-8.319573597063427695e-01,2.375018743120122622e+00,1.818542594428349979e+00,2.220567762775017329e+00,9.409717369958638944e-01,-1.265898308763483415e+00,-6.645842825665743137e-01,-2.956695477077591061e-01,2.915129439369569031e+00,-6.304329976783051848e+00,2.688035045134702816e+00,1.511229069783117662e+00,-2.694046297442757032e-01,-9.973022056384678313e-01,6.912480261592215403e-01,2.107922280300556839e+00,-2.922946079580708290e-01,3.022956585801074958e+00,-3.047257636527186619e+00,4.040181499854316627e+00,2.378347764960428989e+00,-2.207649404353138944e+00,1.255556921315739149e+00,-2.862392118487246062e+00,-3.426968448250181876e+00,-8.071771887936951551e-03,1.372499863153181732e+00,-2.989524261890512680e+00,3.142302830744515774e+00,-9.421314090623076343e-01,-5.720994993099279835e-01,-9.101776958590901412e-01,-2.302493425273598238e+00,1.471582385603306786e+00,1.037744995483190769e-01,-3.610596088935036807e+00,-8.062459412241025358e-01,2.088937600531831418e+00,1.891959192882418650e+00,6.730103700923590893e-01,-2.130147558146227915e+00,-3.568541929732071072e+00,-1.775401221936875995e+00,2.032875741848107154e+00,8.021425930315517761e-03,-2.041205573816932350e+00,4.099691789856054314e+00,9.418895056936922305e-01,2.361341295917916305e+00,-2.816991723615349663e+00,-6.537356745700738658e-01,-4.435364870641222979e-02,-1.155741188700111000e+00
1.587051120659655368e+00,6.161665832908671536e-01,2.084474910543770321e+00,-5.594167996302291890e+00,-3.160503803373378995e-01,-3.152364238617652692e+00,-3.406692671985026011e-01,1.272908503306830585e+00,3.915722968362254086e-01,3.078647430864598800e+00,6.890433456128395306e-01,-2.742568911274632093e-01,3.588050708307629399e+00,2.088270841184322713e+00,3.428245723293119052e-01,1.624188432145053929e-01,-1.335194783168309973e+00,1.284808675908413855e+00,-1.007472450963530441e+00,3.728551786787067002e+00,-3.069528862245560763e+00,1.878996285193214488e+00,-2.217887761534136359e-01,-6.755436176127334047e-01,-1.343076864719514596e-01,1.091048194415430883e+00,5.606597838301729197e+00,-1.057650485678274910e+00,2.949550377724786010e+00,-7.859668717782557490e-01,3.863067576169929573e+00,3.468660650597682249e+00,5.205563796401344590e-01,1.421889971513406792e+00,-1.837383353479123960e+00,-3.579869557613125419e+00,2.158887672583634232e-01,-9.972041859011333553e-01,-1.134737403318225368e+00,2.799196700031636453e+00,-7.680954774262011009e-01,-1.504614589367765820e+00,-2.454451806062007968e+00,-1.959743352882928669e+00,1.606540978685552457e+00,1.705095723490857473e+00,-2.240597591506888087e+00,-2.708716973657525173e+00,2.960459889759611052e+00,3.887354404399399055e-01,2.126350237409710076e+00,-3.327852797154346121e+00,-3.272996540001241517e+00,-2.998276538198558328e+00,-1.502774863258339755e+00,1.532577463744628776e+00,-2.362302484591593199e+00,2.395273224024768055e+00,7.693700990490770497e-01,2.794137615880956549e+00,-3.301018004785062354e-01,-2.681389921700261247e+00,2.268728207600356761e-02,1.906689985053317882e+00
1.602228156117874391e+00,-8.539327967867502700e-01,3.351731798211836200e+00,-2.790712214184405404e+00,-1.189754666379267967e+00,-3.931436996000222450e+00,-1.584230631534909450e-02,1.547122363663040012e+00,3.929548012779552124e+00,1.476529332311866893e+00,-6.605047363580567321e-01,1.967546739866600669e+00,2.306649384762510024e+00,1.821461513705184387e+00,9.960201749497010759e-01,1.592506049446233529e+00,-2.508545825755339020e+00,2.337568550417655100e+00,-4.395738345272093284e-01,2.586419761742047019e+00,-2.877815528429605862e+00,2.367098257710666509e+00,4.239152841374872471e-01,-2.042436881382384772e+00,-2.347519672719819095e+00,1.695578818137891908e+00,3.947638642257728314e+00,6.306291549261100471e-03,3.198555021319369640e+00,-3.034689410524012310e+00,2.836589764261378210e+00,2.417249138764164140e+00,1.212413345648985841e+00,-3.094142153292389619e-02,-1.821671449098546391e+00,-1.025673509617797574e+00,-1.052136131711544742e+00,7.625483287300228730e-01,-1.395777090522679842e+00,1.669667885931455764e+00,-8.075725954945545126e-01,-1.208820935786183437e+00,-1.685046915564320402e+00,-1.960495008144718332e+00,4.697716925412110389e-01,1.326235389365066464e+00,-3.590858214068552545e+00,-3.896258582241809876e+00,2.035335465917708753e+00,1.672148782829417257e+00,1.346008522620553371e+00,-1.568377298219659766e+00,-2.325338003598945491e+00,-3.155059384469245387e+00,-6.458248006712297151e-01,-6.992978527596569460e-01,-3.259538768668607034e+00,2.502350821248481516e+00,-1.164173778766521616e+00,3.838562971564074999e+00,-2.403740600988362175e+00,6.678565387533899056e-01,-1.512817099847444613e+00,2.853399135794406627e-01
1.891311355366620095e+00,2.992381972763288989e+00,2.349065016627362112e+00,-3.229858286148413526e+00,-6.173232393594048073e-01,-6.536575289016267831e+00,-7.129011762057445578e-01,3.865553631891369246e+00,2.351545481514750513e+00,1.719511440523459278e+00,7.247067999870435706e-01,1.150797800932112924e+00,-3.176870420356574520e-01,6.452647242292464114e-01,9.393345808672665109e-01,1.974223097436324847e+00,-1.401870940334327020e+00,9.178592122649048557e-01,-1.245465592015506218e+00,1.298348200979782430e+00,-2.223540803766288043e+00,3.415891064678668432e+00,6.334756351983041878e-01,-8.978683695529192654e-01,-5.715685459785916356e-01,2.000238172681398474e+00,3.752244842283122495e+00,-7.207216392076232214e-01,2.359437812641654642e+00,-1.762110493939090139e+00,3.573799582708262257e+00,8.087558377714605395e-01,3.098795832976145803e+00,1.748927746580449138e+00,-3.859884149022770661e+00,-1.492627278007844005e+00,1.453330118615814848e-01,3.025118074948129343e-01,2.918429141962750606e-01,1.693241099676490835e+00,-1.392421167115885261e+00,-2.082418557372901269e+00,-1.406184318246110232e+00,-7.897793935855264014e-01,8.081244623843014674e-01,-2.969595706241978661e-01,-4.081709129319832208e+00,-2.256550013151195522e+00,1.542016258466100354e+00,2.833864477248517311e+00,1.132521573365240508e+00,-2.974559560375086953e+00,-3.054942377396519859e+00,-3.299271813401471132e+00,-1.426955485553026870e+00,-1.817483859816200198e-01,-3.385493731473260937e+00,5.104304886221532556e+00,2.978528348229408373e-01,1.762485120291208407e+00,-1.121376888184103748e+00,-1.368801236025519064e+00,1.014434455876277230e+00,-4.134645748179547331e-01
1.042341053626900660e+00,5.535136213845742725e-01,7.551439555266616921e-01,-1.667180514890731269e+00,-1.093885782346251778e+00,-3.690175568862408273e+00,1.163826600233707209e+00,1.203216924110528829e+00,2.053153899161090479e+00,3.383748900146436256e+00,9.455943683189782512e-02,-4.629005402009067627e-02,-7.607680638789053873e-01,2.909093410913575539e+00,1.327669654693384826e+00,2.258312528863284374e+00,-1.749636885253134988e+00,3.924937907295422690e-01,-5.230414555444181657e-01,7.930089677581286800e-01,-3.473646471086127452e+00,3.463598145701653586e+00,-4.730993051992216092e-01,-5.373054569236613842e-01,-1.378586755511751694e+00,1.182851423504553523e+00,2.533332764678084104e+00,-1.299113725183092649e+00,2.740301321819296199e+00,-1.959971052606364283e+00,1.814375892450186045e+00,1.417423485748313894e+00,1.394479956727714631e+00,6.993332671875007733e-01,-2.323953617264031823e+00,-2.446214139339541127e+00,6.365512326599372939e-01,-6.000055042302365749e-01,-3.809577062334258968e-01,6.814766836260255367e-01,-3.353468023424822420e+00,-2.219414061160492668e+00,-1.268968331633512303e+00,-3.374906834926154175e+00,-9.763121771526575010e-01,2.148417085094673329e+00,-3.454840087706732454e+00,-2.252561119152408420e+00,2.618006383931208436e+00,8.240452155102985232e-01,-6.154002372442337609e-01,-2.580402066742002898e+00,-2.615193094353918557e+00,-1.699915817634224613e+00,-1.848372284898375462e+00,4.279197991801999557e-01,-3.875543499362658295e+00,2.847494129185209388e+00,-2.800712214467535599e-01,2.141894482317749482e+00,-1.226089359433749415e+00,2.602045752527974098e+00,7.156179537210894948e-01,6.074938552226543109e-01
2.307314137567413326e+00,6.670571931061827220e-01,7.694425713265894418e-01,-2.946817856291413129e+00,-1.515439691834920222e+00,-3.109695710278084668e+00,1.676432221620914209e+00,1.444744719759474494e+00,1.630646754121445330e+00,3.171927032952180259e+00,1.848084972376080604e-01,1.496167897927073387e+00,3.817484534280970454e+00,1.145502671609222478e+00,-1.338429722129300448e+00,2.229462772102954737e+00,-2.160940894462383355e+00,9.879343040071089099e-01,-6.568234122438643130e-01,1.662391796202401295e+00,-5.588865419355739661e-01,3.616895788796631983e+00,1.996799272253000357e+00,-3.980699765996009720e-02,3.368822390799752764e-02,4.120217952200507794e-01,4.073407466393585530e+00,-1.330560196508656201e+00,1.597599363112473192e+00,-1.072640375081738817e+00,2.353528125334453769e+00,4.191589085113831992e+00,5.778797148725921540e-01,1.131564450648855580e+00,-8.844517178160580251e-01,-3.941002270214477576e+00,3.411768534812578135e-01,9.218422962222744266e-02,6.062821066339363352e-01,1.380084810951762941e+00,-2.056283867645785524e+00,-2.404697142803752907e+00,-3.815340830708368713e+00,-2.638926653736239025e+00,1.175290899140993828e+00,1.498909131674099227e+00,-3.311268512370342698e+00,-4.164195656958617597e+00,2.601943737116193311e+00,1.231019427292406210e+00,1.615944966014613904e+00,-4.290376415184610437e+00,-2.455525402423056391e+00,-2.101686725617777363e+00,-3.268046180574723181e+00,-2.438418089996094551e+00,-2.239377234513129977e+00,2.724743350032964528e+00,1.434211323707889285e+00,1.535885474769358883e+00,-2.354561251551106515e+00,-7.170440963079371954e-01,1.044178897364053782e+00,1.625327898780389413e+00
1.976853656833039263e+00,3.791992930680146756e+00,7.746755913109897307e-01,-6.059442552098524004e+00,1.339031873380414073e-02,-3.333723343656807003e+00,-1.676431366150967106e+00,1.725156053676800916e+00,4.512877028787264599e+00,5.348724047290693839e-01,-1.470601199510676027e+00,-1.221204785459150344e+00,2.961129661235202271e+00,3.080542033956519266e-01,1.805855600256193183e-01,2.185612372909075951e+00,-9.553512574905340671e-01,-3.935189574582053651e-01,-4.380090249142601921e-01,1.226916278787492320e+00,-4.995964333558964299e+00,3.246234525879192923e+00,3.446416157571242644e-01,-1.749934136214641223e+00,-1.991915592551806169e-01,1.467874218865709679e+00,3.298684000021825380e+00,-6.417500695887544682e-01,1.321354654584357302e+00,-3.479207349256963067e+00,4.284053211228174618e+00,2.779099542631098707e+00,1.747436542227602807e-01,-7.872457538974342306e-01,-5.413964644842066409e-01,-2.650374737645527556e+00,-5.034066841838040762e-01,2.609476614270970773e-01,1.286690437314009561e+00,1.385333769398455761e+00,-2.126518457095400105e+00,-3.255441746416021687e+00,-1.169340225897639751e+00,-1.462328465363204932e+00,4.858657525673115152e-01,-7.143330426855747373e-01,-5.349272446667075798e+00,-2.867693633932907105e+00,3.209820482200513858e+00,2.078180439940331414e-01,-1.955652593064273193e+00,-3.510767520066779834e+00,-3.017125895238513156e+00,-2.908913059348091856e+00,-2.103200545657466503e+00,-5.124483434743829502e-01,-3.791248611046142525e+00,3.455326626326363559e+00,3.552315523640252604e-01,1.981009363855505745e+00,-1.195046845122232693e+00,-1.583808645330051057e+00,1.156889300128594034e+00,4.065088633763535575e-01
1.574160386807457179e+00,-8.227727397808712873e-01,5.366266831235471102e-01,-2.831697067988470096e-01,-6.446318630079470591e-01,-4.504982406083215984e+00,-8.865211637659825561e-01,1.940512245164082827e+00,3.000146770168131027e+00,3.174871027744614160e+00,-2.418905233918294151e+00,-1.709141541838424816e-01,2.864696632736038140e+00,9.853956357713833381e-01,-2.040179837088561265e-01,-1.102807289675638014e-01,-2.515546567750108764e-01,1.868663080015044775e+00,-2.073310317625723265e+00,1.962608369976184486e+00,-3.232846404606135593e+00,2.007510915515506866e+00,-1.950762365542291210e-01,1.197675618116884166e+00,-1.640523456447267492e+00,1.744680625983166866e+00,5.488148318911035162e+00,-1.124950294008864038e+00,2.961146762868732463e+00,-1.539293664260587891e+00,2.404842694211970056e+00,2.352489587546753302e+00,1.501998303142702884e+00,-4.407263435740491619e-01,-3.189428649496566237e+00,2.562731685539798576e-01,2.458599779855144551e-02,9.573661210329664772e-01,-2.456188405400492880e-01,1.861209952261268619e+00,-3.488671000300361591e+00,-1.659131303623927245e+00,-1.462848631891765283e+00,-3.163343557655544647e+00,2.242235240180035838e+00,-7.224391867656529964e-01,-3.045071381360077378e+00,-2.273014872704905098e+00,4.311826630541221839e+00,2.755689709414125055e+00,-2.922941986213609233e+00,-4.629711572481103321e-01,-2.228064493213330000e+00,-3.667052824581975567e+00,-1.177116591986485217e+00,-1.765805356502758272e+00,-3.176636962357646254e+00,2.075048890380359889e+00,1.816498005551280714e+00,2.779844758807932692e+00,-8.068752152823244206e-01,3.031789744804573861e-01,8.820159534643500221e-01,9.348472609771441011e-01
1.120387062841071923e+00,4.690327896746945280e-01,1.527754457408615929e+00,-2.880493542592126310e+00,-6.913733126792089845e-01,-2.872654008820224369e+00,-6.795254160611208238e-01,3.082538328501863933e+00,3.629989026540753283e+00,2.785601863699576075e+00,4.626315843324438903e-01,9.136455628058870460e-01,1.688705539848438963e+00,-4.114808479167944011e-01,-1.519850922119300729e-01,2.018248219244710207e+00,-2.483043008296407450e+00,1.063075484148008787e+00,-1.020873681614328232e-01,2.628300743718616772e+00,-1.843369921595013006e+00,2.648428185636633181e+00,2.010218935064889578e+00,-1.167454770115213369e+00,-9.797148353442238777e-01,8.522428184520023375e-01,4.532170586934411993e+00,-1.014804361251791409e+00,2.815489184855364702e+00,-2.900646037997825388e+00,2.920916341182620446e+00,3.121777033891429909e+00,2.453162637085817721e+00,1.772247507106837539e+00,-2.417276503503017260e+00,-2.178780280826418281e+00,-1.031634026247428559e-01,-1.515739033671439806e+00,-8.849113559947543450e-01,2.147197295964669905e+00,-1.506518006552268751e+00,-1.550134545744049630e+00,-1.166519922126842079e+00,-2.125742869699970505e+00,-6.237671458704878713e-01,-1.631926653416733153e+00,-3.179344394143556407e+00,-1.598370334821640038e+00,3.715397561793179371e+00,2.172923038875192336e+00,3.724118347568710075e-01,-1.264300027519739578e+00,-2.722384685389027226e+00,-1.334015493990277745e+00,-1.939112966039491015e+00,-6.018886884694764072e-01,-2.732585660381757986e+00,3.858543087706689967e+00,-4.435658247636232732e-01,2.111818772186122573e+00,-9.753584413848643830e-01,-6.293105210906548841e-01,1.492279135539189783e+00,6.750177409584205979e-01
-7.227344965220408035e-01,1.020261338071917212e+00,1.786352653922529177e+00,-3.626509868291378336e+00,-1.204364544453977670e+00,-7.140304328731947869e-01,-1.165460410539483682e+00,6.445188006457860386e-01,3.686862720386677061e+00,2.272113667504546797e+00,-1.517175382917909654e-01,2.137768380427044868e+00,2.202054313124625295e+00,1.026524958580923741e+00,4.065266984649731352e-01,1.138881324647323057e+00,-2.970250921662196397e+00,1.237320329666711904e+00,-1.598613433706749465e+00,1.850142962869884444e+00,-3.653423860653445487e+00,4.175560244779530805e+00,1.293462581307473602e+00,-7.246885526196611416e-02,3.430060285575611267e-01,2.961613383403596700e+00,2.855761698960978201e+00,-1.023543617449625520e+00,6.661727996642601290e-01,-2.924407244342880574e+00,3.132372294851440309e+00,1.537842660998019806e+00,5.601895342597051908e-01,5.848605452036271801e-01,-1.079740832153140762e+00,-1.320465978110547223e+00,-9.716905825927326656e-01,4.570597964901068067e-01,-2.005478562225929906e+00,2.863395032367927584e+00,-6.049397110187340054e-01,-8.907887360304377333e-01,-1.996552295833766255e+00,-3.567029390094228702e+00,1.658117688965107028e+00,-3.627732571707831255e-02,-3.186252237768721240e+00,-2.726046704388276787e+00,3.836630631554719617e+00,8.453379834779902735e-01,-1.267933812813592631e+00,-1.369438898991406139e+00,-2.958562239481243861e+00,-2.571004674637529241e+00,-2.159215463469049023e+00,-2.389662095650360918e+00,-4.650939070443722123e+00,3.554802274031386045e+00,5.110061169002976245e-01,1.814785448924474576e+00,9.924310200518511316e-01,5.533021224766938584e-01,7.143508242761418270e-01,8.288447723612040186e-01
1.372055361358623049e+00,1.757479497640706434e+00,6.717475810735973329e-01,-1.911000856799059289e+00,-1.567073916532335964e+00,-2.636372781465386783e+00,1.878750812965528816e+00,2.679526025947319923e+00,3.537654760423593281e+00,2.188496601752657700e+00,-3.428512117912533852e-01,-8.266675463728374584e-01,1.506629671326052744e+00,1.210255611069385617e+00,-1.236191199867628931e+00,1.091368135890075530e+00,-2.232338729593004611e+00,8.991048961296920217e-01,2.473852512976502105e-01,2.812469074267385682e+00,-2.014402427644855997e+00,3.382276187201361140e+00,1.170623170454229589e+00,-6.959211865127066243e-01,-1.215605762078425300e+00,2.811973569616788460e+00,3.105644917100140123e+00,-7.370633857618480445e-01,2.950684662244859702e+00,-2.949755778378282400e+00,2.325925103195924493e+00,3.371868769350744088e+00,9.830886558622153881e-01,1.580109457230126857e+00,-2.552923681032801539e+00,-3.093347674154344418e+00,-9.212987696559176154e-01,-1.178060589514793088e+00,-7.286106097775961743e-01,3.397096033644596780e+00,-1.984729485107676439e+00,-8.586324348814544649e-01,-1.973713284074988028e+00,-5.356622084842732612e-01,5.949139070289751752e-01,3.081583163642294676e-01,-4.040015234169681335e+00,-2.975602259184405796e+00,3.065955797591744414e+00,3.123523575201466507e+00,-3.094324742469570233e-01,-1.467191330179740127e+00,-2.280891334468200249e+00,-2.442194289933960150e+00,-1.733457960117116503e+00,-2.112895080881874499e+00,-3.968801826285698109e+00,3.161434992640365760e+00,2.218646545830865513e+00,3.818287209789296366e+00,-2.151117695104888927e+00,-1.665276539617714269e+00,-9.691463242107756226e-01,2.163782898818443101e+00
1.806228866686004242e+00,3.143861890156828265e-01,1.144030925352474082e+00,-2.893012170203732136e+00,-4.967535960764754566e-01,-3.846627194927031201e+00,-1.587197065528712647e+00,1.657768457726436440e+00,1.769569935110461234e+00,3.566668446793165970e+00,-6.640351255665383201e-01,4.289011584850988545e-01,2.889330563139552055e+00,7.957677341903883761e-01,7.212572385575249240e-03,3.104559747376948398e+00,-1.869434592117772187e+00,4.236300447355924592e-01,3.155087808783381131e-01,3.270877262472486890e-01,-3.074436443202566593e+00,1.907896948337119536e+00,-3.296231984976996099e-01,-8.292352852003488373e-01,5.439602485106307395e-01,1.615925150770519014e+00,1.926284097097102244e+00,-1.614944427623205669e+00,4.950029914883224080e+00,1.280286047234318936e+00,2.851104972362777268e+00,2.002330903639348403e+00,-6.535262347547510231e-02,1.565875991352208008e+00,-3.173911542993850254e+00,-2.109757130208896658e+00,2.389681452924177218e-01,-1.387192939353202537e+00,-7.331649366750461194e-01,4.421417958418138561e+00,-2.723437492803376436e+00,-2.189981585609491521e+00,-4.182996951436284583e+00,-9.886644314913473064e-01,1.429023882349151231e+00,1.884186096753540096e-01,-2.469437270330014478e+00,-2.849208621092372162e+00,2.699454883628287671e+00,8.201052990384655184e-01,-1.320083608900066041e+00,-3.324972685332465705e+00,-4.294955177575410232e+00,-2.641789993144954440e+00,-3.218140218407850472e+00,-1.580566959116667558e+00,-2.657981295791369991e+00,4.047330961190430010e+00,8.499995531729607201e-01,1.747337175761572325e+00,-1.402750231073603748e+00,-1.721546010315731512e-01,1.267513799376506212e+00,1.585949217321189764e+00
2.191753068296932394e+00,4.039128442504583694e-01,2.070528829076600186e+00,-2.075864126960802913e+00,-1.177660698944408058e+00,-4.224881108961501042e+00,6.826370502446855726e-01,3.170250261812729953e+00,2.138529163421805990e+00,3.720317526739772784e+00,-3.387560783890799510e-01,1.231058292906532570e+00,3.938788135379327482e+00,6.089591465537040893e-01,-1.069236660913541304e+00,1.713259571380301161e+00,-3.444845493119069069e+00,-1.344005235439853729e+00,-7.111383674108465724e-01,1.309119893718653671e+00,-2.815951765073442026e+00,2.796951357357658097e+00,9.613364607757970415e-01,-1.469867201661301470e+00,-1.402685290594195333e+00,1.136616503861756389e+00,8.120944286061138051e-01,-1.670362293059266978e+00,2.303929170730436127e+00,-1.550364612186287516e+00,2.072221615525630778e+00,9.077404161408322292e-01,2.460045684388262544e+00,1.395232125756712183e+00,-2.279862636821852639e+00,-2.385849184230731446e+00,-1.950851047187977194e+00,-5.240751763485220760e-01,6.692684716784218502e-01,3.206990775311993502e+00,-9.846895487489576437e-01,-1.254199430762626966e+00,-1.453274716539924016e+00,-2.133577245543393008e+00,2.419612518400547252e+00,7.863832484695836289e-01,-4.434131280943177877e+00,-1.917727036957220355e+00,2.356733381640673031e+00,1.528069936198016565e+00,-6.265626734015311561e-01,-3.504973537040511289e+00,-2.841446094794385147e+00,-2.643099750341997289e+00,4.781282172985144019e-01,-1.057204434113233615e+00,-3.700605323978465755e+00,1.935712841316251209e+00,1.292935507045672505e+00,3.329734659515279471e+00,-9.576053384802378776e-01,2.885554914797430204e-01,1.149012966615324594e+00,-2.341785795925755975e-01
1.647884434232585793e+00,1.578606594564768706e+00,4.969463523572434926e-01,-3.576547991522434078e+00,1.446105926903740180e+00,-3.516732296289046822e+00,7.215748636529825122e-01,2.207945027217530942e+00,2.808574147234550455e+00,2.756726726206217837e+00,1.222332072613986353e-01,3.812282807278422614e-01,4.876849575054615915e-01,2.063196042500501370e+00,-1.669647081826724833e+00,1.760273624159490069e+00,-1.156173811505733395e+00,-8.685598745947602506e-01,-1.565833274665489050e+00,3.080486723826613371e+00,-2.622122448547781204e+00,3.766416541545402730e+00,-1.557051061777874335e-01,4.021013710753609804e-02,1.052786954036099454e+00,2.395007453873040149e+00,3.277620593683765904e+00,-2.049249465470686093e+00,1.647078429394669197e+00,-2.222927401823187488e+00,1.637627454247691627e+00,9.416880715291435777e-01,-1.373688060688541768e+00,9.716720946979362505e-01,-1.954661591346807281e+00,-3.508699276301324943e+00,-5.921539312461294724e-01,4.692727626578259703e-01,6.922846364877035530e-01,2.618829292061316760e+00,-1.999279867158783475e+00,-1.102939237936669148e+00,-1.674624729336748885e+00,-5.205137212659876056e-01,3.791940210964802604e-01,2.188125180585650753e+00,-3.914440243223930693e+00,-2.316596755477552616e+00,2.952684705951511113e+00,3.315614347007563190e+00,-1.602120627205042558e+00,-3.363798112986620570e+00,-4.566846374200883574e-01,-3.300731810006884093e+00,-2.476918173651038835e+00,-2.390405556756127758e+00,-8.662698217205018203e-01,2.192787775195404354e+00,-1.303507782584064634e-01,3.225127194906806771e+00,-5.633720928165459885e-01,-6.436875515977502626e-01,-5.149812995732814258e-01,1.740302396125358531e+00
2.408851651828296081e+00,1.246208237403991115e+00,2.277824591789692654e+00,-2.789011920386972321e+00,-2.870263988357928397e+00,-4.035839650265515388e+00,-2.494327725861724687e-01,2.620804637314660734e+00,1.502427540168625342e+00,2.797575205935833864e+00,-8.697081275179319171e-01,-2.253150381116981738e-01,1.141173371391000835e+00,1.943757631337555969e+00,6.514717091192091525e-01,1.004656914876806972e-01,-1.307662138067808621e+00,-8.802022828950356592e-01,-7.309243302216907878e-01,3.177813939939452048e+00,-3.911273878383083158e+00,2.383266854079605146e+00,2.202599223764655001e+00,7.345107967339870036e-02,-1.439315834850117604e+00,-1.541652070448880529e+00,2.995901830574734692e+00,-2.015312748070170468e+00,3.574377449096104886e+00,-1.160547797580134155e+00,4.448334519699722378e+00,4.138336343506757942e+00,3.651027675400836392e-01,1.041825019971587274e-02,-2.049258986762148904e+00,-2.503317236266914492e+00,9.089082235877283811e-01,-6.830611325989865978e-02,-7.137652597692203393e-01,3.269839971386580224e+00,-2.427580080723918510e+00,-1.321219135314971593e+00,-3.383993630000284192e+00,-1.008006594119251309e+00,-5.289924776302568077e-02,-5.070086328638994111e-01,-2.934832019581502305e+00,-2.463054376409538726e+00,5.047975302927696362e+00,8.757723422233503197e-01,-1.080101871244668832e+00,-3.955194324214067692e+00,-2.379678176686816471e+00,-2.538452658561503039e+00,4.489965324503475408e-02,-1.045510612343026668e+00,-3.191137530262609268e+00,1.517977711810562624e+00,1.002888586219704781e+00,1.716927155441514419e+00,8.498125146354429393e-02,4.514254359041042219e-01,1.615666550253036515e-01,-3.775031537025365092e-01
1.553578617951957952e+00,1.532041700214027635e+00,1.041336369260879469e+00,-1.993445242279349383e+00,-2.070598988913177507e+00,-4.156623975998916976e+00,-1.921556744233860137e+00,3.588500756888428622e-01,1.889571617016909233e+00,3.372843156365922468e+00,5.070898268297419076e-01,6.813655049054250235e-01,3.084485729056123393e+00,1.692158223659348648e+00,4.310151392408498316e-01,9.052776176066368308e-01,-3.476900602269080931e+00,-6.297704950464222406e-01,-3.446841834565893548e-01,2.145394582552274887e+00,-1.662618136111698952e+00,2.035807257900496214e+00,2.781914834663408165e+00,6.304679371455325088e-01,-5.578229261403344630e-01,2.766254153245845337e+00,3.037865271649194732e+00,-1.808147405421697274e+00,2.148229920123732040e+00,-1.377513025967502580e+00,3.994795476644833698e+00,3.391991787339787567e+00,3.109137729511620485e+00,2.720921246423040785e+00,-7.338834892034851176e-01,-1.043809319405720304e+00,-1.931502637213611484e+00,4.039377966726545033e-01,-3.639314681880304603e-01,2.127272639269767840e+00,-2.454048390024964554e+00,-1.545914385495307464e+00,-1.594397637446227201e+00,-2.393396570765828457e+00,-4.724232046650289618e-01,7.799315037110977622e-01,-4.693452815926978161e+00,-2.668330331713288484e+00,2.667065423706009852e-01,5.833257143330502492e-01,-4.991652739311168152e-01,-2.446100079661935656e+00,-4.116744515690316852e+00,-3.722962972312219954e+00,-6.353869584111243585e-01,-3.105953264598388941e+00,-1.555030499300377844e+00,2.714736770739196281e+00,-6.486892667637489396e-01,4.458249933424832001e+00,-4.116377526983694413e-01,7.702776117772081044e-01,1.402944784678353596e+00,7.283132426705389850e-01
1.254181238582747770e+00,-1.933778914686981043e-01,1.711347945818581850e+00,-2.595080448760135550e+00,6.699175688716196841e-02,-3.367619966052134206e+00,5.451204309914959856e-01,1.999159829520801068e+00,2.713843006265286295e+00,3.031241818430794321e+00,-5.544511986232157907e-01,-4.337196668537284250e-01,1.620825016019683540e+00,3.073633247320322504e+00,6.631250513490113407e-01,3.708693093670201169e-01,-1.490067280046409870e-01,-4.974207231081874125e-01,-3.039065764066416708e+00,2.732055940153330198e+00,-2.155278958098292286e-01,2.672123729802827086e+00,-3.238150301170545919e-01,-1.265993962336731782e+00,-1.708526569007330576e+00,3.433980441570916309e+00,4.982589937414014791e+00,-1.431390018896550487e+00,6.764227363218864308e-01,-4.024019925697370770e-01,3.664300868457011529e+00,2.503077575025623336e+00,1.045393576214943554e-01,1.060576631536913839e+00,-1.906695833440895882e+00,-2.426509059023706616e+00,-7.146700785568148306e-02,8.986181157476549330e-01,-5.877221934775067602e-02,1.573861731971762268e+00,-3.347429835560149058e+00,-1.824686714440058921e+00,-7.864853031377485593e-01,-1.474721997564915288e+00,3.825169510116896987e-01,-1.006210228979427468e+00,-2.742691734845879914e+00,-1.322587591741817503e+00,2.254438773700351284e+00,5.523535560169878789e-01,1.573104833072227038e+00,-1.471236884084560437e+00,-3.128537136953328357e+00,-3.700281768869118082e+00,-1.956526872221908242e+00,-1.186277933192453560e+00,-4.877613673906139979e+00,4.059251618147396989e+00,2.385508406365490330e+00,1.043938630474045448e+00,7.317482063701363781e-02,-2.179517704500894271e-01,-3.441403684498987037e-01,3.124533297444902491e-01
2.686308581019422714e+00,5.652092197211489033e-01,1.785819618844948220e-01,-3.177195484410264115e+00,-3.773299289341002782e-01,-2.917148933382065934e+00,-6.397598316605374036e-01,2.114903545457044842e+00,2.094878390739002061e+00,2.786978021205264167e+00,-9.437981670946297141e-01,2.601577855884396051e-01,1.734728502795829241e+00,1.692849933507320825e+00,-7.261807919561089619e-01,7.797852020212742152e-01,-3.309414390591201016e+00,4.918337442850110319e-01,6.024763891813822436e-01,1.800220797956825658e+00,-3.116978808712831839e+00,2.816268646338257575e+00,3.086372948813174144e-01,-1.410923126088376112e+00,-1.242148351946525509e+00,1.703919576202225450e+00,4.289813092939439798e+00,-2.270090236223996527e+00,4.144673000825391807e-01,-1.167247613668717321e+00,2.965042228147017234e+00,-5.144797055620942139e-01,8.233659518591457394e-01,-2.850405226360433808e+00,-1.324952376484328287e+00,-2.789077183532016502e+00,-2.466631565256693637e-01,7.130816298050828284e-01,-3.184268135432546831e+00,2.355387349279078446e+00,-2.087024396372604951e+00,-1.094173973423449464e+00,-2.279010571032256571e+00,-1.249283044679958099e+00,-7.639942277830968909e-01,8.867137357537153708e-01,-4.663330063301241779e+00,-2.316847667616970696e+00,3.536800083407810824e+00,2.607983696399928775e+00,1.916946181394048931e+00,-1.101660898114503073e+00,-3.360442470500428325e+00,-3.994563494644912005e+00,5.896726781011869534e-01,2.149681443683781890e-01,-3.184487079335536208e+00,2.989721792703839309e+00,2.322522921625115866e-01,3.769234761985210458e+00,-6.713652823806138814e-01,-1.309246560755976452e+00,1.109708051193860623e+00,7.206172260100403015e-01
8.804722744491844111e-02,2.670741176119762805e+00,2.362175302787859810e+00,-4.636901670474047776e+00,-3.361819180619129988e-01,-3.980556861672281510e+00,-7.371859708522914278e-01,9.649865796479544233e-01,3.607110532056526431e+00,1.874403613166894855e+00,1.881098142844969345e+00,7.100493963424959754e-01,2.365366545181633917e+00,1.584807485991138076e+00,-1.727709507880275108e-01,1.234644131004217549e+00,-2.659164158199474937e+00,6.418483969973785008e-01,-2.225797137331838371e+00,2.923302509591816811e+00,-3.180298561688398529e+00,3.294128350095212987e+00,-2.741349085948545650e-01,1.232028431069747576e+00,-1.076251906883755050e+00,-1.774019112069824544e-02,3.130989810533504780e+00,-8.706441138625893306e-01,2.520019956322902210e+00,-7.315627691889539097e-01,1.290220036201812803e+00,1.944369817481924390e+00,2.364952494085097445e-01,2.861940163703697415e+00,-1.404051380083424894e+00,-4.347266292263432419e+00,4.827304221074635304e-01,-2.381889038252307245e-01,-1.773753712274607208e+00,2.385238090189072846e+00,-2.255596442180234362e+00,-8.496741838857636564e-01,-2.033972162721353172e+00,-2.520529354746354755e+00,2.235433095184737873e+00,3.026870135156411457e-01,-1.865185730421769383e+00,-2.656264641050475994e+00,3.361170714610170140e+00,2.328300736299165674e+00,1.202805072778710738e+00,-1.986427177597616112e+00,-2.856767229837607225e+00,-2.640548090625808086e+00,-2.165702306657391052e+00,-1.712720399934713367e+00,-7.481784687264694256e-01,3.215373007269153760e+00,1.517843807694140068e+00,3.729053651345151987e+00,-2.926975783905335415e+00,-1.974948230323139153e-01,-9.677350141804064165e-02,-1.303603086921460985e-01
1.235009030759109505e+00,2.405785702590209851e+00,1.814257252410616417e+00,-2.926974262240935154e+00,-1.026385143525516019e+00,-4.933221705842825600e+00,-4.915798251720757128e-01,2.122874445056888160e+00,2.816947883574926870e+00,3.827075363040669753e+00,1.976307011016024351e+00,6.743013453931929746e-01,4.898190696860924565e-01,9.482681609665684075e-01,2.105920387082680090e-01,4.343702462818284094e-01,-9.600459954277436037e-01,3.194089215175160423e-01,-2.581859217902499060e-01,2.933710260373159961e+00,-3.616147494246096272e+00,4.248603660183860597e+00,-2.494316569410499618e-01,-2.397706389052390308e-01,-2.469173314357061777e+00,2.672429492963830810e+00,3.259465585223416895e+00,-1.101002392604776281e+00,2.996760820033325334e+00,-2.055750532060189428e+00,2.061392041922173846e+00,3.245975380612795114e+00,5.556240838693793371e-02,1.509473154440417852e+00,-2.337204861104410281e+00,-4.250752594174125321e+00,-1.386579883009604330e+00,1.390857080809808632e+00,-5.177054671112507611e-01,2.763025461267100358e+00,-1.743712085144830004e+00,-3.301833762642584880e+00,-3.866496059025668064e-01,-1.803746067057806712e+00,1.937448525239048980e+00,-7.379799957718897740e-01,-2.208851863904850887e+00,-3.122863550318540238e+00,1.304455741937784463e+00,2.064623294594223335e-01,-1.866674809756266429e+00,-3.254485906860068667e+00,-3.662012876564067820e+00,-2.320991370430857792e+00,-1.354710787587473542e+00,2.638093349551828837e-01,-4.072798576108545454e+00,3.132999404857804926e+00,-1.279508003598637256e-01,2.133113800648926972e+00,-9.829326374731667260e-01,-2.334336054768573643e+00,1.243536765093621543e+00,8.817645151236090939e-01
2.359855983290479298e+00,-1.874684776214985416e-02,1.031835358977904349e+00,-2.473248005681676354e+00,-9.270994154708034340e-01,-3.433434760249749917e+00,2.138530636478448987e-01,5.024978048873449676e-01,3.015045690984115012e-01,3.407475717370704427e+00,1.194001918028878340e+00,2.944069034615437452e-01,1.539166244000853556e+00,7.405893927373143892e-01,6.741362728353698097e-01,1.908942450022137471e+00,-3.910018480530822238e+00,2.677103563597829972e+00,-7.961657151760950235e-01,9.054184361221162547e-01,-5.229830216814661981e+00,1.177205068236705676e+00,1.658038004918514607e+00,-9.158766748023287052e-01,-2.734067696934341374e-01,6.630568520147901435e-01,2.991599297160643101e+00,-1.540172240304532147e+00,3.965594207136051264e+00,-2.645076479586134788e+00,3.047116654796259816e+00,2.895929573802723755e+00,1.673247406404009485e+00,5.818101933386201630e-01,-2.396080575398587875e+00,-1.699594623753390099e+00,3.605255784515020157e-01,1.303074595070211616e+00,1.630564697588343659e-01,2.885978049334818163e+00,-1.004625652899839183e+00,-1.940166627650667053e+00,-2.406497971464466978e+00,-3.222126613310023036e+00,1.592260072098223400e+00,-1.769420990629591017e+00,-1.721529669645068594e+00,-3.047732030597245068e+00,2.595063549687947280e+00,1.038812113227930434e+00,-7.840653007017582832e-01,-2.310138993277560449e+00,-4.184122811703551825e+00,-2.644042600214137284e+00,1.926872846090206259e-01,9.074718727935888740e-01,-4.066975684147866588e+00,3.056118546849820206e+00,4.641782197747479355e-02,1.339430657055101781e+00,-1.028854248708960917e+00,-1.935387193658628879e+00,1.460616660794127331e+00,4.885910840535017119e-01
1.727178771746761710e+00,1.490496387886124596e+00,1.233680112655506367e+00,-5.611232232478339910e+00,-1.791377091563941759e+00,-3.591627512219083940e+00,2.881846196188543874e-01,1.058720738390656280e+00,2.392561840761120440e+00,1.426150989742071218e+00,7.435411383249936890e-01,-1.504386995339176192e+00,1.228297852889263853e+00,-6.847686396062711012e-01,4.203138971528382339e-01,1.470955238009344024e+00,-2.791492965239881663e+00,-4.840210369398625367e-01,-8.246846690351532505e-01,7.986308841598839248e-01,-1.929507997254382046e+00,1.421955343055196996e+00,8.568288653470659266e-01,-3.569642773108702150e-01,-4.427441944444145960e-01,7.762550830073635666e-01,2.305367148491818341e+00,1.773627137740294568e-01,2.751149423572170072e+00,-3.453980010647799137e-01,4.013006047312955182e+00,1.635281500080061567e+00,5.400091874448628149e-01,1.717171311100214259e+00,-8.893230128195669382e-01,-2.342946962221959861e+00,1.571206577261543780e+00,-6.928579536635310898e-01,-1.435847528817941310e+00,4.487526731579269956e-01,-2.428787975730734239e+00,-2.253155436851284943e+00,-4.038760346705993598e+00,-2.969275933152149882e+00,1.104488409463832976e+00,8.031234489180671954e-01,-2.435968708656505388e+00,-1.706094650609518482e+00,1.156407820923904595e+00,5.564115272625184128e-01,8.914017281717484531e-01,-1.924412798868383012e+00,-1.786142365280813493e+00,-3.323850447166195377e+00,-1.998974178721408812e+00,-7.633478424889077463e-01,-3.148983923810791286e+00,2.350687415851636430e+00,2.560366859563813491e-01,2.419894194341996929e+00,-1.596548108851172598e+00,-1.023040752550739896e+00,-1.201548508208377886e+00,9.180775978236100920e-01
2.272559293878344988e+00,1.907487952660936070e+00,2.156575439062554000e+00,-3.986851197946544634e+00,-2.902070742561912997e-01,-3.051224513439252384e+00,-4.768182293966152230e-01,2.441405445015845110e+00,2.880703542985886045e+00,1.961085311839688039e+00,-1.057399023121816883e+00,1.248549522461040784e+00,1.059083845319968908e+00,1.524100376595606265e+00,2.178209786135890946e-01,-2.698392402944087554e-01,-1.962457859364682866e+00,-8.967106068510074524e-01,1.266872591606098553e-01,1.877527559007638569e+00,-4.341135671502799553e+00,2.297403745506648498e+00,8.039887356408115249e-01,-1.505838553672785851e+00,-1.974604914023945890e+00,5.758242992186414222e-01,3.284439900358253173e+00,-2.363770171577610490e+00,3.228681334264119851e+00,-2.631261578298421000e+00,2.874762479904831469e+00,3.438068448791113063e+00,1.325024359795613060e+00,3.691732378474585463e+00,-3.279799319156627924e+00,-2.832499494901949078e+00,8.361449709011334885e-01,1.476220803205020582e+00,-1.376024752739303469e+00,9.587699064702661644e-01,-2.175704241543417350e+00,-1.256352012809359042e+00,-2.971240536970500834e+00,-1.783697563065792746e+00,2.104879035057189540e+00,5.380688998842827475e-01,-3.349496752282393075e+00,-3.489673225189495742e+00,3.127078906849075857e+00,1.442426407898904861e+00,-5.642834825671483312e-01,-5.479642779406286301e-01,-1.583607014098695753e+00,-2.446055055655008026e+00,-2.050302509152346353e+00,6.926437815927444230e-02,-1.742760734982426341e+00,3.247918569902674690e+00,-6.683496036593274958e-01,3.041055410323560082e+00,-1.776183946044078255e+00,-1.211863702199428294e+00,6.127209458725546565e-02,1.475540694875911107e+00
2.309235451070367873e+00,1.121479831605974642e+00,6.163695469292931328e-01,-1.620436641051244520e+00,-9.910682597411533123e-01,-2.922289623316835172e+00,-1.399604782678644632e+00,1.303120224911832548e+00,2.741338465724859841e+00,3.210483956016644047e+00,7.133807972561847510e-01,-1.401308934260061534e+00,3.089042360892452432e+00,1.102275674721471699e+00,5.032525975653977524e-01,1.266959456582749111e+00,-2.254689812560027207e+00,1.279102008013637715e+00,-2.883816129697406083e+00,1.867839103645182464e+00,-2.703023675340393339e+00,3.836524821499838644e+00,3.984443713527903164e-01,-2.658012702088874857e+00,1.312633024457581232e+00,6.509065609243370742e-01,2.961280361747451018e+00,-1.608082979532395873e+00,2.212328875156693186e+00,-8.469431508565014033e-01,4.141978559350848244e+00,2.230938189857768705e+00,3.374049037151931607e+00,7.231761932794122938e-01,-2.454204049832345191e+00,-1.944703348368704399e+00,-9.643034323923246331e-01,2.441958959086749203e+00,1.209577111992391485e-01,1.544253242091365941e+00,-1.547854872175540963e+00,-6.204578890315495254e-01,-1.359520560604144279e+00,-2.143771057279337811e+00,1.599048332343464551e+00,3.001352957319897152e-01,-4.972680004389936848e+00,-3.433571991432154302e+00,3.522198340203191336e+00,2.244144650918420414e+00,3.486199698870171559e-01,-2.591800383033932231e+00,-1.296678376235245844e+00,-3.660648422010408520e+00,-2.031546419076735166e+00,-2.138084624571552794e+00,-4.196593370163760106e+00,2.138808657967528504e+00,-4.864852576251113003e-01,3.165690544035309362e+00,5.025368210126932578e-01,-5.669533186824193827e-01,2.472362655969787326e+00,-5.658522807441315194e-01
1.761365050216913586e+00,1.458397607017629216e+00,1.271021713185382929e+00,-2.214805590084194531e+00,1.191560490642622927e+00,-4.272786337156016856e+00,-1.278143978885778465e+00,2.559647884623061920e+00,3.186695775529401864e+00,1.336061073361349383e+00,-4.717880685320091638e-01,2.013957129594501794e+00,2.265289051963527811e+00,-2.296166330011224499e-01,-7.362648071051661747e-01,1.364742866320214354e+00,-4.720275111809868474e-01,-3.325660325637663228e-01,-1.596996302420659930e+00,1.417437760330040764e+00,-2.430265476552962323e+00,8.573880582650579285e-01,4.944932869668449693e-01,2.624010233404047709e-01,2.506131871285166568e-02,2.545436151768918798e+00,2.256120189511648277e+00,-1.938997381812347154e+00,7.096317892510375369e-01,-2.194882813494760665e+00,3.825216543699305749e+00,2.640180189308666048e+00,1.412853054601300062e+00,9.973215506838132294e-01,-4.118680585315137588e-01,-2.289558692046778088e+00,-2.785164690445830482e-01,-1.105782248097666676e+00,9.788872262168144545e-01,2.257894925057752467e+00,-2.222993568182055846e+00,-1.621133862428500105e+00,-2.827929416311214084e+00,-2.822803168330057844e+00,2.321773686741912535e+00,4.868464227215219542e-01,-2.654337255914339888e+00,-2.630218346290094544e+00,1.926856897069000318e+00,1.445192371597662895e+00,5.871296187365231400e-01,-7.695368394196269168e-01,-5.833329543704353526e+00,-3.819554298422588534e+00,-9.418710988877508905e-01,-1.551943874615979269e+00,-3.801986755430563747e+00,2.120228123262968278e+00,1.215605390202056935e-01,3.996386753306934825e+00,-1.491503263879072616e+00,4.057951289536656514e-01,9.835045824499775158e-01,-4.208944162708403436e-01
1.035352182371993113e+00,5.209210443723855111e-01,2.086049563961720033e+00,-3.777013610397781385e+00,-1.653872251601630206e-01,-5.845114901815849251e+00,-1.030675680097718372e+00,1.336512709370152319e+00,1.286048384317065141e+00,1.070284579758131738e+00,-1.434384698888670373e+00,-2.548510998655730830e-01,1.472717982589138774e+00,-2.948010427670137990e-01,-8.935080404336416260e-01,7.982254218027133863e-01,-2.774697169169799249e+00,-2.504458309017309481e-01,1.758228093153455518e-01,1.836227357012966133e+00,-2.943203647528195521e+00,2.348798136467792563e+00,1.318149291713474058e-01,1.974135795528403570e+00,-2.439375626087985083e+00,3.045399461110166683e+00,2.222525745520506746e+00,-5.392023772481833177e-01,2.932249529245808173e+00,-1.239097640850149951e+00,3.381912414544521184e+00,1.021541628922304046e+00,6.352675785123168550e-01,6.675748130550434034e-01,-2.117888952636088007e+00,-1.668805185057331553e+00,-2.146890500626500664e+00,1.559634520117321621e+00,-6.156914790763902134e-01,1.811620413890845382e+00,6.697748844311628424e-01,-3.580355107999207753e+00,-2.674115912608217016e+00,-3.012938416951226550e+00,1.232170100844679705e+00,1.561282042037839268e-01,-1.383545736441471163e+00,-3.683499360310260151e+00,4.595889440977352081e+00,1.242400942417603016e+00,4.272050719497549331e-01,-3.142796272750600473e+00,-2.871830976139555069e+00,-2.079905399008770139e+00,2.534587598884150417e-01,-1.279057443707414254e+00,-2.563048106540086746e+00,2.024808720897664394e+00,9.179497660851232421e-02,4.039121530637181934e+00,-1.435645028254646682e+00,-8.513147401442566764e-01,1.590980647240147317e+00,3.379500764487927134e-01
4.095913893322884469e-01,4.701120642308641018e-01,2.058395134309622065e+00,-2.846188326471061458e+00,-5.911186329265553097e-01,-3.635891008721382711e+00,9.990580850035171157e-01,2.190630720638023110e+00,2.872356475102039841e+00,2.889845068017727225e+00,-1.437246897105717736e+00,1.250453838993375921e+00,3.719110256436610751e+00,-1.020309456689918237e+00,-2.201833083581497874e+00,2.060083838220528207e+00,-2.041808246827094830e+00,-9.462385324417987853e-01,1.892596761592393317e+00,-1.799542038979224934e-01,-2.474562050558631654e+00,4.572919904670676772e+00,2.021812131355210651e-01,-7.120282543925532392e-02,6.446323570514098655e-01,1.160545789375193149e+00,3.130430840927160840e+00,-2.157888434878751482e+00,2.605184313044424549e+00,2.643360611263021465e-01,2.825661483062610557e+00,9.749649672884874718e-02,1.464462335707538809e+00,2.910334302238770654e-02,-1.599632830763714431e+00,-2.447288374399658739e+00,-2.174838151684557741e-01,1.957530992296049321e+00,-1.719023537588083128e+00,1.715796105393341042e+00,-3.945872048400951293e-01,-1.726284559760428827e+00,-1.644985578055423669e+00,-1.294772010100087023e+00,1.295824494917395153e+00,2.666928777927259464e+00,-5.237587444736596431e+00,-1.400044050176150190e+00,3.775819925777292418e+00,3.621441983741495729e-01,5.204140597311714966e-01,-2.093448177746271455e+00,-3.022501762551242255e+00,-3.688498785847707850e+00,-8.027663666793218855e-01,-4.676013127475054376e-01,-7.195363857412231390e-01,3.972214871136809933e-01,2.043453855380954920e+00,3.903449860919789849e+00,-5.458077213194217903e-01,-1.056431779742475374e+00,2.468066832239630415e-01,2.321191512073160768e-01
7.196148373323409952e-01,3.124734437113214636e-01,1.810882743115913129e+00,-3.129451920396772557e+00,-1.748264244766533526e+00,-4.094049782828105499e+00,1.570721129981742237e-01,2.376362275969272631e+00,1.166784292343715945e+00,5.291110427732644617e+00,-8.703026493460728208e-01,-1.048317612093340401e+00,2.345544042540491425e+00,1.010975423232161496e+00,9.270671530276481942e-01,1.346023012824982157e+00,-2.477468925720338166e+00,-8.632246814986975769e-01,-6.287305138866272625e-01,1.419913476939642427e+00,-3.252198781457816157e+00,1.980903640013318423e+00,6.346514046022567745e-01,9.924505882705101367e-01,4.394539080727615232e-01,-2.237276483884849121e-01,3.748091497703494923e+00,-1.325172818391649798e+00,3.870027203856812203e+00,-2.244366228788621243e+00,4.378446958622466134e+00,1.484316966933794113e+00,1.151586686875442300e+00,5.506760650110797961e-01,4.212701055221366175e-01,-1.717722750026092093e+00,-2.046773016515810895e+00,1.814772426798380023e+00,-8.424026330969776044e-01,2.660201121971620175e+00,1.140183943613654272e+00,-3.297281409996027257e+00,-2.420847580143682620e+00,-1.059088277112516074e+00,2.585733028186857574e+00,-2.136730668984435866e+00,-4.190391970971704794e+00,-3.345278905530575386e+00,2.597897804092796026e+00,3.796888711163854069e+00,-1.183691868701523653e+00,-4.737449884424468571e+00,-3.217907278285934591e+00,-4.236953730642212257e+00,-2.402686762956212974e+00,3.698811438671973928e-01,-2.387275505393530395e+00,2.228200231225344385e+00,-2.099130838587796033e-01,3.557331681434699799e+00,1.507168785850697912e+00,-2.498363155025865867e-01,1.289308585158845055e+00,-5.660248138080674618e-01
1.790898513884790599e+00,1.150240232207542235e+00,3.153499968299004141e+00,-2.602275703097704174e+00,6.723321078023221098e-01,-4.854456019155424684e+00,2.540463487475684290e-01,4.999639551424932549e-01,1.599879185012036409e+00,2.118025063152578102e+00,-1.032056028812321280e+00,5.192985359377756405e-01,2.411104598620503747e+00,-1.541111054026960581e+00,8.397349673401449666e-01,2.522507044390391862e-01,-2.439618583742197977e+00,4.086987431717462593e-01,-8.319025180020722665e-02,1.943012286848832648e+00,-1.360359720897179825e+00,1.478884802739076187e+00,-8.443059944762130176e-01,1.474259850658329762e+00,-1.666848927574178907e+00,2.303536270049914236e+00,3.104011030074746991e+00,-1.352137360372655195e+00,2.257197226017147784e+00,-2.531345575867885334e+00,3.624128873229587544e+00,8.245201305004790093e-01,1.663513029876199534e+00,5.205077064874736870e-01,-4.080391564978786079e+00,-1.590877054115589884e+00,-1.174153857652852961e+00,1.351752648846355820e+00,-6.935399913060149579e-01,2.064885778670817462e-01,-1.755624167261586877e+00,-2.240484937020525535e+00,-1.189616894589490048e+00,-4.138432103929530648e+00,6.220514871340050433e-01,4.942151112585919104e-01,-5.257470726669415839e+00,-6.047393055303329490e-01,3.899339088177465218e+00,-3.414454026563618072e-01,-3.306469097977221550e-01,-4.253682052113699541e+00,-2.922972296271117543e+00,-2.376696848692715580e+00,-8.174368614911757813e-01,-8.912808903760797152e-01,-7.231240480838501128e-01,4.599523276194384280e+00,5.836456520745600951e-01,1.629299116649131296e+00,-1.058166921293588025e+00,-6.482032934684227587e-01,7.953036910427352391e-01,5.568800428308804396e-01
9.847689172828066884e-01,-5.370146925955476824e-01,2.375540229601209141e+00,-4.300986661116334986e+00,-2.484167378273625104e+00,-4.672554633349486508e+00,-4.108396609180820502e-01,1.206779223705906734e+00,2.750492934119852073e+00,3.173699524971805630e+00,-1.119337474535133659e+00,1.530056704814809709e+00,3.831282443829562290e-01,7.554460009566215106e-01,-5.896173880300716735e-02,2.263925906700593238e+00,-3.022601919951687144e+00,-1.379646250491849191e+00,-8.299492807601515088e-01,2.310071970890622328e+00,-1.844251281804289322e+00,2.754688800889232514e+00,1.568032388315603320e+00,-5.232220151041322431e-01,-1.870882300928791153e+00,1.002972241539404230e+00,1.662402375211005756e+00,2.539304872894492249e-01,2.621412656575416555e+00,-2.010454275549939496e+00,5.210070549550755992e-01,1.528050759429361083e+00,5.899845075377588843e-01,-1.674489394843932111e-01,-3.028745481735099609e+00,-4.406803496337926340e+00,-4.322940960647060904e-01,2.038732382291752021e+00,-1.425204674308732100e+00,1.183556988945122068e+00,-2.448117931501044620e+00,-2.987670109585142342e+00,-1.736424783367306102e+00,-2.438725254659847241e+00,1.438524890862134642e+00,9.027903429066570506e-01,-2.887944865799869198e+00,-3.444897130864574386e+00,2.689003989909874104e+00,2.343737133914728155e+00,-6.805729884398831198e-01,-3.094125116617326476e+00,-3.507422572045280518e+00,-3.726371285232898956e+00,-1.411757789314977085e+00,-2.613008965137877837e+00,-3.434015080234064321e+00,4.167964253177748546e+00,-9.405778723984359324e-02,1.657124692834334612e+00,7.434154760146871599e-01,2.417276491867751398e-01,3.511446200746587643e+00,8.628287875265421292e-01
-2.873814037616044814e-01,1.610550511843175547e+00,4.338836503447931481e-01,-3.409983015597853218e+00,-1.356035236251328602e+00,-3.143557134085328109e+00,2.169347419761030071e+00,2.797104743354431822e+00,3.317036012817929702e+00,3.889080548119300929e+00,-6.584740879839262595e-02,9.210331335647603535e-02,2.831326085519130231e+00,-1.842759640033462709e+00,1.458074801151657995e+00,1.206537941693426319e+00,-1.331357668474912437e+00,4.234837865155407499e-01,-1.477445956172034336e+00,9.984509252320732386e-01,-4.989005654470259010e+00,2.295270956095827763e+00,1.194823585257484000e-01,-6.224949600167549724e-01,-6.848759892857739784e-01,1.610665636003071111e+00,3.340160236279339667e+00,-4.023498924515204189e-01,2.360299137591558960e+00,-9.265028977464833115e-01,4.319206262037228683e+00,5.734328028363695484e-01,1.236707067904069035e+00,8.994276955830080578e-01,-2.764055517728819300e+00,-2.757660525113229788e+00,-1.419119209888243027e+00,-7.972093253304068927e-02,-3.198290948315151150e-01,2.769492315598983456e+00,-3.395361426856337239e+00,-2.215202187954696367e+00,-2.070588074518140420e+00,-1.026013568349286142e+00,1.674101131346288129e+00,2.525039346409161389e-01,-3.006803259193384203e+00,-5.877094493073948822e-01,2.244096499845043446e+00,2.622456318315499413e+00,1.021744041238077827e+00,-2.686653232095648658e+00,-2.860566028120668847e+00,-4.457955727193747997e+00,-7.325933271027463833e-01,-1.181930996323278027e+00,-7.774052841138598957e-01,4.007353744138930196e+00,1.529494663314276304e+00,3.597337589918377265e+00,-1.139458542708697841e+00,-5.393464454254528473e-01,-9.486687432598215342e-01,-1.621467170559309778e-02
2.891272871306185266e+00,1.109306833596005681e+00,2.116053777616286435e+00,-5.115946847933224184e+00,-1.730494294737768612e+00,-2.196554724235133094e+00,1.528874659293721072e-01,2.178351481930674627e+00,3.607152648149187790e+00,4.660170285937251577e+00,-2.776847538564560125e+00,2.329030322359486149e+00,4.154090267146588467e-01,1.005706315243106053e+00,7.561407570129082822e-01,-9.472011754984501763e-01,-9.689890104001883664e-01,2.279805822707460017e+00,-1.859366682058736009e+00,3.063062831940492892e+00,-3.443767367409093172e+00,3.921312713197589339e+00,6.841097192430790619e-01,1.374659407573629144e+00,-3.602066478438090691e-01,1.529193166847233165e+00,2.582686756515109927e+00,8.385209826280570766e-02,5.282522276673096151e-01,-3.684247458167215772e-01,2.080248168017689192e+00,1.613923509630455388e+00,1.115050000566436772e+00,1.592089722240462191e+00,-1.714164456464146058e+00,-2.241009508884346690e+00,1.390020778123810308e+00,7.747916628662691041e-01,-5.080909332881411444e-02,2.246610987560730965e+00,3.902328557828211864e-01,-2.001302087314010603e+00,-2.963922956513949991e+00,-2.661971132511402605e+00,1.879606036651950696e+00,3.370319611427216255e+00,-4.575969291323435328e+00,-7.918908546809830806e-01,2.767034269358545018e+00,2.191038871255826415e+00,2.796312452950296956e-01,-1.962299032084468875e+00,-3.680989920956232453e+00,-2.134925526762365688e+00,-2.027873451028940455e+00,-1.740917170852215090e+00,-2.688494673104123489e+00,2.916539485871525894e+00,1.574691792711793603e+00,2.913875896171782998e+00,-1.031135777862236758e+00,-2.339814855461533338e-01,1.442588766918970089e+00,1.198206926338913014e+00
1.053373831426720697e+00,3.575042013471397828e-01,1.111706905679860524e+00,-4.165476560228364988e+00,4.214896366058868971e-01,-3.154462317140350969e+00,1.799364850784851866e+00,1.637480956973630386e+00,3.088508906505759377e+00,2.075808831145923516e+00,-1.385528153913420990e+00,1.989565803933187604e+00,1.554713439670848629e+00,1.681279092048116652e+00,-5.418970635028365068e-01,1.445670413177566171e+00,-1.658978071518690589e+00,2.678121838373420882e+00,-5.853607674352341306e-01,3.955919334545777488e+00,-3.229005863345708160e+00,3.791680197779438988e+00,7.215841807071220471e-01,2.864606633374213174e-01,-8.861106552480922938e-01,4.762016212076882749e-01,3.884219940780772262e+00,-3.724877073077672573e-01,4.743529218230440492e+00,-1.500428281046578549e+00,2.505834873943683316e+00,3.474464697792205126e+00,1.372071153695084034e+00,-1.354682631910729018e+00,-4.341224077574497020e-01,-2.418411799500157056e+00,-1.575049068545682829e+00,-1.593781916660897968e-01,-1.293785936439703743e+00,1.875317415880727312e+00,-2.441958434886748908e+00,-2.419676807652617612e+00,-1.819531649625289571e+00,-3.827779112129696681e+00,1.036583441808184514e+00,6.219546433857542356e-01,-2.067892718918658446e+00,-1.677170605586795205e+00,3.884619864096387154e+00,3.402599962285519197e+00,-3.886059142143136885e-02,-1.597908911191299186e+00,-4.511122705691656520e+00,-4.049609207882556738e+00,-1.634564776834634969e+00,-2.141621279000202271e+00,-3.521909277258720827e+00,2.998142923930643189e+00,-2.135033432421240551e-01,3.766949403643450101e+00,-6.011526669959299518e-01,-4.705587478790526634e-02,4.064851047184419031e-01,1.207824285156195998e+00
1.111016890038411864e+00,1.199304746373735409e+00,1.326746434005402930e+00,-3.254957290434101758e+00,1.141939858488216775e-02,-2.585380034359324952e+00,-5.705821054807579396e-01,2.980396006365594541e+00,2.251099972362565094e+00,2.475546340413243396e+00,-1.226707324518231612e+00,5.079306944109571731e-01,1.630079619800499202e+00,6.679866268163004994e-01,-1.053615591761164066e-01,1.694356056014451273e+00,-3.221168916672838556e+00,4.169498201044158359e-02,-2.367802194300447027e+00,2.053505249614190120e+00,-4.395762435735242946e+00,3.081457535178409923e+00,-7.159569882645644423e-01,9.418180622659725332e-01,1.476793145726305045e-01,1.319317868066047561e+00,3.003407599914659887e+00,-2.005223125987789956e+00,2.042208393082952433e+00,-1.428577483130265113e+00,3.455341468766711888e+00,2.814739244276133867e+00,1.559129278397145990e+00,1.889246037707506654e+00,-2.171577052424744636e+00,-3.413400637962797912e+00,-4.052445113514677177e-02,1.121447119499806355e+00,-5.755194359099128354e-01,1.331715736963924979e+00,-1.682561723402730580e+00,-1.750638333625065934e+00,-1.307735192467540219e+00,-3.161972990395296002e+00,6.686157250305417854e-01,1.539206179491634963e+00,-1.341297445101161667e+00,-3.048693196493484692e+00,1.888036799104292118e+00,2.126804229614285280e-01,-5.530446185891303018e-02,-2.031232054463691039e+00,-2.224522965253292295e+00,-2.730565945917120985e+00,-2.752156460384799441e+00,-8.636210278461210477e-01,-1.796902473730353833e+00,3.430671491768991999e+00,1.061464242082407416e+00,3.855312630777741667e+00,-9.217399766426471741e-01,1.321713297753865923e-01,-9.117642604229159176e-02,-4.455492587329448195e-01
2.140235945094258962e+00,4.116733504563441226e-01,9.911621080657009308e-01,-2.572953694043839334e+00,-1.494307160042095628e+00,-2.869525855126827896e+00,1.089470454382825304e+00,3.405912698359918611e+00,2.688785435945817426e+00,2.382143764648075202e+00,-1.362334070046445356e-01,1.491083429458545773e+00,2.244391035085138153e+00,1.006608830922277376e+00,1.421996934001821811e-01,1.052970516250240740e+00,-2.314848004022698191e+00,3.372870759544085995e-01,-1.989728012069689189e-01,2.867004754323848381e+00,-3.154607083414139979e+00,1.350744059512026141e+00,6.971004458345162469e-01,-3.712270568070983878e-01,-1.336929883844477418e+00,1.643424206161206547e+00,2.077476157750366870e+00,-2.077431269767219257e-01,3.501849917827256853e+00,-2.630136397642685253e+00,4.081099011450153746e+00,2.909996146396756078e+00,4.916684881264735685e-01,3.711877524849652721e-01,-1.900467280333400844e+00,-1.821413184422759457e+00,4.064105423567919706e-01,1.998581520560177571e+00,3.277888195880603872e-01,2.426343119278683069e+00,-2.437744906536056355e+00,-1.834804163911398112e+00,-2.777113972550163901e+00,-3.495263302188782895e+00,7.066097429471369651e-01,-8.895778647843510800e-01,-3.354586871534261938e+00,-2.426882469436952405e+00,2.883679497219097776e+00,7.373143933204920897e-01,-5.372050446512619537e-01,-2.391036634251273441e+00,-2.309879799805707901e+00,-3.070182246346865984e+00,-2.525199287443209428e-01,1.178366414413470231e+00,-9.952206406011381290e-01,4.736138994933021706e+00,1.581143706724347453e+00,3.071764110110353219e+00,-8.958680719754663624e-01,9.076589682816271765e-01,1.612664890349762459e+00,1.302248166068037616e+00
5.077670439614661024e-01,1.010005443237214529e+00,1.801054938439037079e+00,-4.340357593073552067e+00,-7.548373876153503526e-01,-2.750178175773498435e+00,2.859064136783350252e-01,4.449017404388810881e+00,2.880579557593793805e+00,2.006995687648756466e+00,-1.213593876807652627e+00,7.286065796412000140e-03,1.196659021582086924e+00,1.513526857410668613e-01,2.026349310893201583e+00,2.333225610610437650e-01,-2.948457020071186818e-01,-1.104751165325337237e+00,1.128698326095398663e-01,2.160385891811414716e+00,-3.763024529971289223e+00,2.611200691935860796e+00,-2.298105736291042867e-01,-4.384605356428140088e-01,-1.113288836601839638e+00,7.123984615732381620e-02,3.483680312009190594e+00,-9.650815929937964777e-01,3.436677529202939674e+00,-1.320043561613764016e+00,1.203608312705839012e+00,1.446673176176985320e+00,1.458923465159910782e+00,1.431837656831812744e+00,-2.763580473606757959e+00,-2.326204519793443559e+00,9.959036692318307127e-02,1.395284379905513461e+00,-2.101503479465180568e+00,1.519057754342396649e+00,-4.840948113370331374e-01,-4.262635863931929503e-01,4.663171496924034543e-02,-3.845699135711015959e+00,-5.650953439258032951e-02,1.702078341889006863e+00,-3.940967230053203707e+00,-3.312397634752748843e+00,2.857219935130125066e+00,1.816376909596995048e+00,-6.727539681952364736e-01,-3.004321204523918709e+00,-2.937127726735225153e+00,-1.269966080010834331e+00,-2.451127989513506300e+00,-5.229058585917227830e-01,-3.359204430842470224e+00,1.839045280987009923e+00,-4.342258171682829015e-01,2.954382499568224407e+00,-3.770384368375138129e-01,-8.981770868309790767e-01,1.480920611552005717e+00,9.485654139238681726e-01
2.580114356646379115e-02,2.083331520019326977e-02,1.116753399821805104e+00,-4.420874493926038262e+00,-1.400702469111287041e+00,-4.428492238584678553e+00,2.300806109441310976e-01,1.977307506844313778e+00,4.946257796362280246e+00,2.035889548680170691e+00,5.713338550841757790e-01,1.149473352811350768e+00,1.285521637944122997e+00,3.562232646673253456e-01,5.011363488579846370e-01,-5.989092038284273833e-01,-3.013467220936287827e+00,4.532087948990425330e-01,-8.710644806177569865e-01,2.375465855886819799e+00,-3.278437395702109125e+00,2.487607342285444556e+00,1.008099195133961290e+00,6.462735218627290168e-01,-7.553106586926111587e-01,1.090296569775524027e-01,3.996600714576210578e+00,-4.272330885994382044e-01,2.768719154360467005e+00,-2.641006980497254908e+00,1.520276788733132101e+00,2.094178676763848834e+00,1.612464184013257418e+00,1.152528685861651470e+00,-3.711446572983705838e+00,-3.254006314322653637e+00,-1.338018164681645139e+00,4.685059894771613220e-01,-8.841661464432235551e-01,1.981670068883770508e+00,-2.339333121721762332e+00,-2.629615036619974866e+00,-1.963167228310749968e+00,-2.529501866249853848e+00,-2.542824752974173208e-01,4.407292676970480105e-01,-3.130875440035087998e+00,-1.212056235717901886e+00,2.144350664783361005e+00,2.133851766338134226e+00,2.634325310330792314e-01,-3.741521640790807623e+00,-3.521805700189765354e+00,-2.849145831853800992e+00,-1.963789530703855535e+00,-2.479133785082548336e+00,-3.748053355074283388e+00,3.615079499413618613e+00,2.218401907803976836e-01,1.847444217423491297e+00,-1.794041967832024076e+00,2.238450261967555921e+00,-5.087951470943350429e-01,1.038600580703669118e-01
1.819863400361876105e+00,1.105962757267960006e+00,1.603987672543449428e+00,-2.079513744088149707e+00,-1.456382241054672289e+00,-3.674051278722711533e+00,1.039447216266261798e+00,2.924411791049630338e-02,2.826415991174856313e+00,2.527097963926907553e+00,4.768284657685548655e-01,1.808550211528713092e+00,2.222967895785377124e+00,2.565944486922321133e+00,-7.478235602164949869e-01,1.885353812164100029e+00,-2.002383202412427288e+00,1.571832517160663967e+00,2.253128622437308159e-01,3.205758060239712215e+00,-3.745472898017657037e+00,4.120247649806449530e+00,1.685202221303896408e+00,-6.707315029101148518e-01,-1.208566641813371589e+00,1.003311947776188706e+00,2.296744008775401191e+00,-1.334009873355920917e+00,1.635823646310597512e+00,-1.938986656759507543e+00,2.775245295978957749e+00,1.424315266439093897e+00,-9.890130154685330410e-01,1.355988666943676701e+00,-4.778865621764749605e-02,-4.227075242118780718e-01,5.655477466750626903e-01,1.815771723761944179e-01,-1.462341240108985030e+00,2.398002595230159795e+00,-2.976175825310999112e+00,-1.859816759943437203e+00,-1.992469567379726580e+00,-2.771235983735697239e+00,6.471784936425903911e-01,3.372350739950558118e-02,-2.268598920803679420e+00,-7.862353715704339940e-01,4.620679501177919590e+00,1.871591433328934961e+00,-9.377976719931333527e-01,-1.205230961796655675e+00,-2.197087832987113742e+00,-3.093231189698029127e-01,-2.002885160974781087e+00,-3.082673228131019849e-01,-1.525558793454407702e+00,3.523468268195661501e+00,3.091217057996867856e-01,2.240017572151631775e+00,-1.488124728488395276e-01,1.398504592401024205e+00,1.016765762077301405e+00,3.867437843301950284e+00
5.464911869500648223e-01,1.711957082553369203e-01,1.419481162898377891e+00,-1.418541696230651405e+00,-2.214310650808261727e+00,-2.431886404971589588e+00,8.698436016402029125e-01,1.983063892379571369e+00,2.078731324643957823e+00,4.489211332058702375e+00,-6.496651060469138539e-01,8.366885353382804702e-01,3.584367734930603788e+00,1.839286688247059320e-01,-5.157830336284751072e-01,-9.434289855158817240e-02,-3.606818112407806254e+00,4.828470191963172287e-01,-9.380197252869402202e-01,1.815141393050565988e+00,-3.227455368865993268e+00,2.678835593595681352e+00,3.649214104445843709e+00,2.518924703752528083e-01,-1.127369412698169482e+00,1.726819346765128271e+00,2.531173288827451184e+00,-1.084029372254453616e-01,2.750162438369772477e+00,-1.249911247746140708e+00,3.891723308807314652e+00,2.960450741599371938e+00,1.205259590174718065e+00,2.459516069603656430e+00,-2.351935002794976803e+00,-5.451216844028456965e-01,3.825374939851264311e-02,5.521922740420603937e-02,6.993419221188499346e-01,1.815697302287855530e+00,-3.175023089288684375e+00,-1.523839233539795224e+00,-1.534089936282707622e+00,-3.032848524804737878e+00,-4.898491297761109475e-01,-1.721780049814791713e-02,-4.183311586036936092e+00,-2.396904160438638964e+00,5.756092008014332961e-01,1.059605098898785069e+00,3.603926939983500000e-01,-3.740096622845816121e+00,-2.441913894260800966e+00,-1.917968421561829118e+00,-8.338720969909546588e-01,-2.950264528787823526e+00,-1.761215692760991658e+00,3.051076412287795137e+00,1.278781156937903729e+00,4.183894600263278640e+00,-7.838197816019644160e-01,-2.204060952255832984e-01,2.282318854257946228e+00,1.979672008874499900e+00
1.805118953854256691e+00,3.741381622509953875e-01,2.703728568614852001e+00,-4.333488201256285421e+00,1.811244224869701380e-01,-3.557180274822340227e+00,-6.273900126053281179e-01,3.235496939624414203e+00,2.228053762909459223e+00,3.495308602899101835e+00,1.410875078533500027e-01,1.342674820736452279e+00,2.454741497234489422e+00,9.356553695117120206e-03,-1.646512684946671135e+00,1.116721723532360544e+00,-2.821105106166563292e+00,6.132607129714552352e-01,7.400101558583351835e-01,1.169178644870160877e+00,-2.307380815296134813e+00,3.543714752568490667e+00,7.625535152952832574e-01,1.692074094948159635e+00,-1.689626038609798986e+00,1.567759737661696962e-01,3.090558915404964413e+00,-9.947224911328310659e-01,3.440028014968611547e+00,5.460073117391504027e-01,3.742767721920843726e+00,3.841561454320773450e+00,1.234029523215361968e+00,9.628145633852889240e-01,-2.410580867328085297e+00,-1.089913781329474363e+00,-8.999012199688121161e-01,1.225730306226897159e+00,-7.176264038953268365e-01,4.655873627923583502e-01,-2.426631535634188985e+00,-2.267198059847538527e+00,-2.209144702231820023e+00,-2.417374184486005273e+00,-2.310162454949593602e-02,1.608735828351459451e+00,-3.204793373295657055e+00,-3.721816445286476593e+00,1.368801800686009207e+00,1.468633579885244345e+00,-1.821287697198058941e+00,-2.473960860170217213e+00,-2.697757853006196527e+00,-2.346711282887910865e+00,-2.047876392050112848e+00,-1.565116603714767018e+00,-5.045785034175577444e+00,2.817175953870169280e+00,5.460978560321159136e-01,2.335143239437261098e+00,-3.534484083673189447e-01,-1.679508652646476641e+00,1.599775256204175156e+00,1.264549859189069370e+00
8.985011632010249105e-01,8.329086104073269992e-01,1.686715985679997365e+00,-2.494169212244845113e+00,-8.204930963009863243e-01,-2.315076161596844706e+00,-1.131076797039281878e+00,2.356381007353808510e+00,1.801122225677643574e+00,3.987736648775933368e+00,-1.247590059827231812e+00,1.273390696173898995e+00,-3.953946713766254284e-01,6.402248626019801936e-01,-7.022478933330672524e-01,1.815192799407256974e+00,-3.481601966341003163e+00,-4.657337631246318832e-01,-1.610222108937851671e+00,2.858779554875698903e+00,-2.619396405908609893e+00,2.516922594739217089e+00,1.496390191678083958e+00,2.245462237058348354e+00,1.914097166582728882e-02,3.637185984333830557e-01,3.552959326859312039e+00,-3.622018730101389528e-01,1.174936880838823861e+00,-2.227486910198035019e+00,2.312442070524165949e+00,1.578887176144292637e+00,1.153833469008474166e+00,1.781385616275102723e+00,-7.633156510173473297e-01,-2.684972044846266837e+00,5.419783130666198101e-01,1.645978137473684821e-01,-5.404144979591811726e-01,2.535076818256698949e+00,-2.327981884193239370e+00,-1.782945970285027659e+00,-1.276521416158308497e+00,-4.060160638031864444e+00,8.477331784835269168e-01,1.016225449979477169e+00,-4.206669831338258447e+00,-2.699431234959579040e+00,4.190264982385588866e+00,6.369431746121856364e-01,1.602205170624617508e-02,-9.829384615822389648e-02,-2.047490579364966479e+00,-4.274069449550816024e+00,-1.274095245976878843e+00,-9.557326402985958369e-01,-3.086729315209880031e+00,3.514502127997598979e+00,-3.647306304602149218e-01,3.020628849043381248e+00,-6.958559907006782730e-01,1.926804856250143860e+00,2.227237841010277997e+00,-5.342705019697349123e-01
8.233609770558173446e-01,1.075342874080996491e+00,1.677578732995739230e+00,-3.542994386571471921e+00,-1.590344103966322198e+00,-4.614902050339560802e+00,6.664805089308371011e-01,1.214383956017964561e+00,2.070839368777587453e+00,3.443759466637980715e+00,-9.565664441936272411e-01,1.627173811457439667e-01,-6.581225163895636499e-01,1.018461378889621294e-01,4.128121821319403750e-01,1.123458833868115736e+00,-3.463122562987644315e+00,6.490529468873309504e-01,-1.419218851930436509e+00,2.087710392620118593e+00,-2.819980922361900788e+00,4.006860792195064747e+00,1.530791201722231598e+00,3.254277459538331141e-01,-9.475457447184135740e-01,2.034776884882778081e+00,4.552371443224562775e+00,-1.352333610776249362e+00,2.231213708347524083e+00,-2.273778712727223095e+00,3.864682239204455971e+00,1.919836397496764047e+00,7.462301782152613860e-01,-4.440445284866689768e-01,-1.797994352635098547e+00,-2.835665871452671460e+00,1.229314290759734085e+00,9.710306686103016283e-01,-1.469486661795526450e+00,1.882715713563248849e+00,-1.552587472046371708e+00,-1.651645556491305733e+00,-3.591955000049484426e+00,-4.632033423373924208e+00,-2.340058340920725399e-01,-6.596149359632635933e-02,-2.245955533369977442e+00,-2.918246150979670439e+00,4.465167506731454239e+00,2.458819866102758045e+00,-8.377971493006669546e-01,-9.950861273540054786e-01,-4.347388445673449731e+00,-3.561584564925029284e+00,-1.161012114021642727e+00,-8.454989748141957806e-01,-2.801330123909191450e+00,3.249025291267594984e+00,1.604687041208615161e+00,3.368296137055744488e+00,3.180292899790944094e-01,-2.086002004702572354e-02,1.007918246756282388e+00,1.891764197514769430e+00
2.099332540815053161e+00,3.236659775241567116e-01,2.017210875116533852e+00,-4.629728862433598380e+00,-1.597492242173944144e+00,-3.685455388295528767e+00,-2.376977848407364036e+00,-1.184177832988426715e+00,2.054247990512262589e+00,3.922663972695206169e+00,6.488808918401445247e-01,-7.016213338751129402e-01,1.969163244007269276e+00,1.344883923838257722e+00,-1.540385203314638685e-01,3.547439988804854671e-01,-3.250890250790238856e+00,3.884786966324533797e-01,-9.023833377039833792e-01,3.874679215927609999e+00,-2.632265494930551064e+00,3.257280816357473352e+00,1.749533456115723418e+00,-4.765283356082251065e-01,-1.255012531605872228e+00,6.366196013593632408e-01,3.602790907384334496e+00,-1.191323502758019348e+00,2.355966963192972052e+00,-2.257909447512736367e+00,4.614570027900191995e+00,1.683659654075678080e+00,3.189353382917694546e+00,2.563315087684289839e+00,-1.368045905863179978e+00,-1.007544204853942027e+00,-2.956301003604151489e-01,1.032695490092669255e+00,1.394246123112259372e-01,2.560976957689863109e+00,-1.455621585867190815e+00,-3.366467260322550281e+00,1.987596439273193738e-01,-2.092963671883889099e+00,1.165772331021224906e+00,5.609072513874622246e-01,-2.441356010296450663e+00,-2.237779572031799891e+00,3.638198319180859563e+00,1.214595031882335086e+00,-1.076930923639749071e+00,-2.900909828364720333e+00,-2.759044195743363126e+00,-2.657750795128769550e+00,-7.780759121525036015e-01,-2.595746812172222917e+00,-1.671917906418506350e+00,3.445723736834712447e+00,5.021862401756836958e-01,3.187158339922158135e+00,1.444006440589876483e+00,-5.347405771522398821e-01,8.484380600607261957e-01,5.073265183286392865e-01
7.310994095143087401e-01,6.449999976138107716e-01,1.246342948069083079e+00,-2.486405074278771998e+00,5.484211120008952722e-01,-3.515350963369926696e+00,1.485325480704312862e-01,1.995770526593403815e+00,3.222034344252818538e+00,3.982643907103241787e+00,-1.530603757211188354e+00,1.392237580711066514e+00,2.385179849603117574e+00,5.364495409449088204e-01,-3.036179360685321793e+00,1.567413602556264607e+00,-1.993942817569715364e+00,9.831345356203899932e-01,-1.174778262652197869e+00,1.171596733067959306e+00,-4.044753962433734529e+00,1.712169841789174418e+00,1.901357431668155851e-01,-1.097678860281840807e+00,-1.057899153331945286e+00,5.970372499359775098e-01,4.853421712943946531e+00,-3.916910553924303873e+00,2.891929662339007834e-01,-1.017442677643884741e+00,2.181749616965011018e+00,1.980616337364648816e+00,1.342955923726019130e+00,-9.484244188509434181e-01,-5.581089936202505708e-01,-2.307607658483169288e+00,-1.547883819975861830e-01,5.309005767485857064e-01,-5.639504477935968207e-01,2.590628655369996647e+00,-2.479635361030039231e+00,-2.716664270042514318e+00,-3.110335220304494719e+00,-2.620497938253310011e-01,1.123371763720355077e+00,-1.621980945257209816e-01,-3.910505810452828968e+00,-1.768287636578703248e+00,1.618863535855793012e+00,4.403541452458534788e-01,-1.388448447506608341e-01,-1.587491079771978786e+00,-2.169455236097359130e+00,-1.935104388838279732e+00,-4.570603302655337208e-01,-3.062253033191032703e+00,-3.202278716223023292e+00,2.899338154508166010e+00,1.277473136827269151e+00,2.555200194246781908e+00,-1.977166392051573851e+00,-8.430354072004974109e-01,1.097262478887596648e+00,-4.510969270127621611e-01
2.446641081847173105e+00,-5.586426212720621010e-01,-2.049527611043000519e-02,-5.217418533545711057e+00,-1.403510959760016386e+00,-2.375760338436899488e+00,4.331405914335525464e-01,1.875813613381586809e+00,1.139780357806272404e+00,2.568728823958528640e+00,9.248704953966742082e-01,1.573738008928927012e+00,1.275465283135079453e+00,-1.132156849257150544e+00,7.761300368993142573e-01,7.449986365097581720e-01,-2.794771481801203272e+00,-2.710842524809150000e-01,-4.956625300603236806e-01,2.164346372412436104e+00,-1.020834407707020830e+00,2.186138994371636279e+00,1.592736851139942234e+00,-6.328666429407402427e-01,-5.450338883989012118e-01,5.899355920688968968e-01,1.964994824983900878e+00,-1.529677888082073611e+00,2.292431238042002661e+00,-2.315786521235834616e+00,3.697835104346656632e+00,2.602835245007347975e+00,-5.661684180910155906e-01,2.498427593907217581e+00,-2.758842278149737481e+00,-1.423540771566290886e+00,7.040219554295719107e-01,1.832822026976422602e+00,-2.278595513397482897e+00,1.936565999900811796e+00,-5.480336308295319370e-01,-2.127467555418906642e+00,-6.902461933967118934e-01,-3.752509388998620743e+00,2.608375517305827174e+00,1.190598442149326530e-02,-3.705543015237646731e+00,-2.277331683458921230e+00,2.722556896467292820e+00,3.707951937272147003e-01,-1.784083586617721262e-02,-1.135755883307076886e+00,-3.418889720809948241e+00,-2.685495653397549809e+00,-2.147224061404066742e+00,-3.312360041723853010e-01,-2.183955501429122315e+00,3.134036675960213181e+00,2.986149446283218545e+00,2.806723457162501933e+00,-1.046162344640717556e+00,-3.908272311368182761e-01,7.023442382006798157e-01,1.185333644015321153e-01
1.991976495022788285e+00,1.178289404299682097e+00,2.315996362077599180e+00,-1.860305815887713488e+00,-7.384876224779328702e-01,-6.450603679544315128e+00,-3.270249964490659078e-01,4.719140067273532857e-01,2.040608552247682450e+00,2.860337146998427560e+00,4.373109351280202173e-01,2.904547576549962873e-01,3.787552845758454190e+00,2.095640636124199485e+00,6.480397711603720357e-01,1.002058744748542063e+00,-3.605277607583701638e+00,-4.067185835871390820e-01,-1.536510811730708248e+00,1.790171530182130599e+00,-3.997378146679367195e+00,2.300819580067665182e+00,8.289106623091615500e-01,-1.237328239792467727e-01,-5.291213030487271762e-01,1.715423581765817662e+00,3.525709151116211970e+00,-2.942449682614451056e+00,1.544893647708802664e+00,-2.323930847060588611e+00,3.807608147533024123e+00,2.164881928960330271e+00,1.084877728098307070e+00,5.944993888000438265e-01,-1.568626158137588877e+00,-2.372716049111327941e+00,-2.440435460354383745e-01,-1.462808869528511302e-01,-7.491668393826841355e-01,1.421218815069673624e+00,-2.547613018177070199e+00,-2.913520103964678754e+00,-3.759822889018694880e+00,-3.131569802541383840e+00,-3.832221142084180077e-01,5.173658480267985249e-01,-6.064321811429289610e-01,-4.537886272339381577e+00,1.710223872922902011e+00,6.476393221643820253e-01,8.066676964151222595e-01,-3.236738134075022533e+00,-3.004829169669674727e+00,-1.416083784601876783e+00,-1.411727628157856795e+00,-3.698408833487941694e-01,-3.728931210475475044e+00,2.509355910653547905e+00,1.642738494188149101e+00,1.350773090548190281e+00,-1.456670265453720692e+00,3.879166754065976885e-01,-4.433317952387423322e-01,-1.329719925799215385e-01
1.588799600890131947e+00,1.493354349142339776e+00,2.952333337126475499e+00,-3.769073006208796262e+00,-5.993188837458430784e-01,-2.986980889527798499e+00,1.087309951082200632e+00,2.185627801005804560e+00,1.330323094538001127e+00,2.768346745546113485e+00,-1.182136625391338569e+00,1.780852046227157093e-01,1.300595789886727971e+00,8.913752209868943677e-01,-1.249217298250400038e-01,2.277506525363055534e-01,-2.162204079096905929e+00,1.964218858672227563e-01,-1.470914995866109187e+00,2.441979593067190368e+00,-3.296288699684424284e+00,1.849014321712975528e+00,-2.972557306414191913e-01,-1.562126074491794858e+00,-3.240364871780534450e+00,2.745287698990598102e+00,2.120902475326980063e+00,-5.214680380755118971e-01,7.049421939170050777e-01,-1.099724183645765851e+00,2.175497779167314683e+00,2.276340014508595466e+00,1.661858066742779583e+00,-3.507088065124086551e-02,-3.029035204772343448e+00,-1.922618057328405738e+00,4.912588415003259490e-01,1.498438503459247895e-01,-2.036606500868504810e+00,3.756812299649450182e+00,-1.042543337881715715e+00,-1.984771828905270930e+00,-2.564370814814240784e+00,-1.710670402466141660e+00,1.173974772219223972e+00,5.519217990298422860e-01,-2.656517740313809384e+00,-1.347872371661192226e+00,2.113254633350423628e+00,5.773615516933785496e-01,-3.249926504436660979e-01,-3.274426929220095150e+00,-2.974462107232998864e+00,-2.998352044762908175e+00,6.688709684297946545e-01,-1.526287409775761050e+00,-3.384173779765671686e+00,4.107691420673655003e+00,-8.888889826631174440e-01,1.143640871659641567e+00,7.307378541953770679e-01,4.392906421469252587e-01,9.597641067920348323e-01,1.240808903956716946e+00
1.928101283097167773e+00,1.346079928993932251e+00,1.366741958975708160e+00,-3.422482019058662228e+00,5.050059361295753391e-01,-3.548031724496266470e+00,-1.012581855857576096e+00,2.187025573206637930e+00,1.297139538347457322e+00,2.964156318121907496e+00,-8.404330125270396135e-01,5.063633503630946553e-01,1.375950427259686748e+00,3.171533061325263692e+00,1.563775234591400776e-01,1.065935205419403786e-01,-2.125329684373145955e+00,-1.002833708489276887e+00,-1.265510304506484607e+00,2.182140429601039600e+00,-7.386509863623083483e+00,1.977355303522406738e+00,2.569772722910746987e-01,-9.885091573888702410e-01,-4.563844044497008534e-01,1.469008083138145571e+00,4.102879077296083032e+00,-1.419030215418850771e+00,1.882806967624511607e+00,-1.690876561648506637e+00,3.004329940975459579e+00,1.547891692833911925e+00,3.530238248274214286e+00,2.121039219501788420e+00,-1.617000557395899651e+00,-3.311874205566207596e+00,1.628402778307187493e-01,7.289175009904684810e-01,-6.895011926103745692e-01,1.437201099107885849e+00,-1.271165410991237366e-02,-3.044174402102309163e+00,-2.000292014079782632e+00,-1.904533807871310547e+00,1.444273250742845738e+00,7.235434657867684249e-02,-9.001028006674447468e-01,-8.545675667894250260e-01,5.629360441797016890e+00,1.452715061390914775e+00,-3.055713699932464777e+00,-2.058787091184308249e+00,-2.177371296928319655e+00,-1.071495682035878971e+00,-2.434604640865463132e-01,-1.806380274784157081e+00,-3.038855895716488842e+00,1.392790135970593868e+00,1.034255890958085011e+00,7.541483246111182481e-01,-1.748487377880957538e+00,1.254213184948380411e+00,2.564931419825241532e-01,1.290563612433646146e+00
1.316938343913623743e+00,2.739455305205702018e+00,2.361096894510245292e+00,-5.100468937654148327e+00,-1.114881303681448665e-01,-4.052262179099860084e+00,-3.674173124469616858e-01,2.228065171838211178e+00,2.045842716015507712e+00,1.235254490434686714e+00,1.958795766862814203e-01,7.415821710243075682e-01,2.648826602808434849e+00,1.273544691316484068e+00,-7.396263061112630099e-01,-3.943855336406623113e-01,-2.314501955243870146e+00,-1.065487533255717656e+00,-2.318987264482920807e+00,2.350952037719849841e+00,-4.123070556719665269e+00,2.081663259687712930e+00,1.593608236115126031e-01,-1.131786651592203263e+00,9.623419707180047578e-01,1.394071332510469219e-01,3.266774134001639407e+00,-1.328898201447668015e+00,1.361183670964887904e+00,-1.077090125024762646e+00,3.690634308117075602e+00,3.407669342590797790e+00,2.269696217057844745e+00,9.441702941160067253e-01,-5.668848625902334071e-02,-2.591066308974125043e+00,2.888588358169237313e-01,8.953715368129575580e-01,-2.017871758732807219e+00,3.170746689261732421e+00,-2.462577976628818721e+00,-2.207631979164112579e+00,-3.112278066162627255e+00,-1.716494866571913303e+00,1.318764943561379965e+00,2.369174514299257350e-01,-3.697368541875047043e+00,-2.561611355102632270e+00,1.330274400179386696e+00,9.667692601985655720e-01,1.618219768910333090e-01,-3.574669253398853108e+00,-3.519966031399104356e+00,-2.713607738475953379e+00,-1.068229523171648543e+00,5.290227415964787738e-02,-2.630550529119391356e+00,2.344517328015705893e+00,4.653463980880701567e-01,4.507341365478173323e+00,-2.239951066696390658e-01,-1.395699306700127984e+00,1.932984125899362748e+00,1.375628732963754874e+00
3.450457706397762614e-01,1.088222696621451435e+00,1.223370470890702055e+00,-3.466298497065426698e+00,-1.101398275312515107e-02,-1.561297095514621702e+00,1.821282616192757109e+00,2.495254404658576952e+00,3.062539907362439529e+00,1.281396560438770926e+00,-7.335108926706179755e-01,1.065855709364338377e+00,1.155197768490154875e+00,1.071892540877489308e-01,1.395309722026009669e-01,1.116184703459914163e+00,-2.532672962853907084e+00,-5.136957599157891963e-01,-4.647552127827385693e-01,3.969356841957503157e-01,-2.662612434868089295e+00,1.983052710104079575e+00,-1.076904819871570940e+00,-9.162036123783385833e-01,2.381199862281446755e-01,-5.850412864579301875e-02,2.792168992593857091e+00,-1.570741823696536699e+00,1.495109888116671115e+00,-1.630243580564014083e+00,2.221837222202284856e+00,1.249790036963811080e+00,7.333323560802070817e-01,1.465389401800079039e+00,-1.282855332082223576e+00,-2.891077964769924069e+00,-1.540843766015752347e+00,2.332327472314043249e+00,-1.806839571692573365e+00,1.394679617167224439e+00,-1.229379093723035110e+00,-2.149854347047978287e+00,-2.366707834934159038e+00,-2.644495638236247004e+00,1.963101391819839003e+00,3.881295607142183912e-01,-4.064912231821171673e+00,-1.954303852008263620e+00,1.786107548419892943e+00,2.338093629316324584e+00,-3.225895277782480502e-02,-1.715258520534333808e+00,-2.326824308255624807e+00,-4.043857411903410970e+00,-2.408074237317736621e+00,-2.213196488466167011e+00,-4.089391116900817913e+00,5.108626168453744398e+00,6.395537814238314578e-01,2.036489957103777115e+00,6.417510557698380413e-01,-2.810317551374219014e-01,7.794160073370779429e-01,-8.293570882177003778e-01
4.433610668155097301e+00,-8.406748922744142760e-01,2.652253728415443934e+00,-4.393662668660931025e+00,1.158288027443670209e+00,-2.866014925263725477e+00,1.970967638893638962e-01,2.814975132226324561e+00,4.034501375819485425e+00,2.252461144457558184e+00,-6.040142096631581081e-01,1.205116230024692481e+00,2.251164992540863441e+00,-1.199423838000022169e-01,7.297179594081688592e-01,1.988268567267027498e-01,-2.942092602061384454e+00,4.238783031065243567e-01,1.491369352811029447e-01,2.091387769072799330e+00,-3.906080980628490629e+00,1.508531118299024198e+00,1.956202387545122878e-01,-1.442398327437220407e-01,-2.183136281196771833e+00,-1.915071984481249157e-01,5.130864557333620901e-01,-5.440907427251395756e-01,3.328786747907832133e+00,-3.181065457021552412e-01,3.458628147806450226e+00,2.937871897734495974e+00,1.428620354788000535e+00,7.530506354790043044e-01,-2.199286767877461912e+00,-2.788161498855559195e+00,2.077791450434482545e+00,8.173466365758670360e-01,-6.721841397387160466e-01,1.800268992911484789e+00,-7.119200424694406282e-01,-3.172669574789286351e+00,-1.398559036168050884e+00,-2.247381180365588094e+00,9.010933789886328427e-01,1.397703289038010777e+00,-1.724211605441475115e+00,-2.552521188942422192e+00,1.767152538414778373e+00,8.081473962086540563e-01,-9.782355723169574580e-01,-1.251600692038926654e+00,-2.975876308961579841e+00,-3.964910000396295153e+00,-1.039262889229465525e+00,-7.171832213484299334e-01,-7.143067346964953046e-01,2.359062748741123983e+00,-1.130036648495950535e+00,3.600203856377562239e+00,-3.198064979577200928e-01,9.642551653116100407e-01,2.440068673880742445e+00,-2.559789185853287297e-01
1.819719064005811848e+00,1.917691035340209904e-01,1.862203264552950488e+00,-3.320920783871460280e+00,-2.760505130328593237e-01,-3.612627498976985319e+00,1.343588257008147824e-01,9.676394490879849375e-01,2.085976768270033421e+00,3.253702440848960542e+00,2.043488916964535385e-01,1.080773365986018364e+00,2.148340828704661476e+00,1.715532960479472901e+00,2.625862886271768670e-01,1.380238505423071249e+00,-2.539752094623816348e+00,1.791031322046325591e-01,-1.375115217940132029e+00,2.291119040122997053e+00,-3.296232226896392614e+00,2.137582385480200742e+00,7.946122810594616892e-01,-6.356054994045469142e-01,-1.746270959423639191e+00,1.607452833702392114e+00,4.291500667230289778e+00,-2.460328892381154375e+00,2.021502488305896073e+00,-2.190949881748454064e-01,3.151596071829835033e+00,2.422004055600909478e+00,9.710898465912792821e-01,1.310099184296524388e+00,-1.075497168137329540e+00,-6.210270871745044996e-01,-4.809218517564775031e-01,1.153820428861422664e+00,1.108532268175123070e+00,1.188540871018544109e+00,-1.949711043456522797e+00,-1.108298586236826200e+00,-4.545464406659244005e+00,-4.102783513249098846e+00,2.297915845182244343e+00,5.982798861166480631e-01,-3.974746501386458242e+00,-3.213055737174578930e+00,2.986442362374368553e+00,1.266960732798495748e+00,-2.271589927367848316e-01,-3.735952769559255593e+00,-1.974107001698167885e+00,-1.631157414474011302e+00,-1.435726337132810615e+00,-8.597755522773370407e-01,-1.933969633815112887e+00,4.562173579716481520e+00,-5.891930594008221167e-02,3.229483694806349892e+00,-5.969391393250206290e-01,-5.249918245977109876e-01,2.066629215925090968e+00,2.254889394823222482e+00
-1.571858875352403206e-01,9.603934625127912295e-01,1.762263974553415879e+00,-3.121041115499616936e+00,-2.822771347174995338e+00,-3.302209239995987922e+00,-1.739456650125961401e+00,2.822954889600115536e+00,3.122050788601743232e+00,4.089081388191402766e+00,-5.941142487878940948e-01,-1.264499577149794662e-01,2.273506077867720965e+00,1.356121831339842432e+00,1.901184620185411844e-01,1.107588295536712675e+00,-4.048174593387714459e+00,1.551508492845936338e-02,-1.183044828392401326e+00,2.003614961957694174e+00,-3.270590950833982546e+00,1.473168993635176172e+00,-9.517455402652834628e-01,-1.027856471359827606e-01,3.997382558826325649e-01,-8.943149123880824725e-01,9.738237896311998654e-01,-2.062560143431302784e+00,1.674630629293516026e+00,-1.472546794672584758e+00,2.735042578141836600e+00,3.647886200472763463e+00,2.631198048261471634e-01,1.757631649589077361e+00,-1.263359586630522280e+00,-2.210574366905456056e+00,-9.231155800540137291e-01,-8.084521771116868205e-01,-4.369340635639136217e-01,3.258291170793504055e+00,-1.485833506206968302e+00,-2.546463293510122128e+00,-2.986966889721044627e+00,-2.873737240479088406e+00,8.122999862584829867e-01,-6.504093521319818105e-01,-3.950948249967365822e+00,-2.351895711984159032e+00,7.546238946287890936e-01,1.854682170799560437e+00,9.120690060136832367e-02,-3.930272653310059372e+00,-2.358623447875596746e+00,-1.981711701474158538e+00,-8.801785093960181605e-01,-8.549215213972094496e-02,-3.064918764649538829e+00,3.653473656326248431e+00,1.030755014928724123e+00,2.691188905732958769e+00,-3.589470066166815521e-01,1.451298872410145657e+00,7.640341300935864499e-01,1.668892015935940165e+00
1.353797466071680500e+00,2.034734406369524073e+00,3.017021287211815395e+00,-2.527532127524927841e+00,-4.963405618841660871e-01,-5.015512476339159420e+00,1.683143258672446185e+00,2.091875236989589215e+00,1.516617082452788701e+00,1.801392615085083637e+00,-1.207913619164970420e+00,-2.341912600132859401e-01,2.275863267285825664e+00,1.814601819039914243e+00,-1.224983743077305176e+00,1.687728580689167313e-01,-8.182687302958777664e-01,3.486739372130949199e-01,-2.835607946163664073e-01,1.045989643546429981e+00,-3.316553007302403877e+00,3.499790136659172823e+00,2.356143084953461475e+00,6.229724240153911019e-01,-7.023132753022800490e-01,-1.397731832008464625e+00,2.749311718656670234e+00,-9.296030415452313234e-01,3.524308905365548306e+00,-3.318062279630005218e-01,4.942855906459547199e+00,2.520954152524180980e+00,6.522437935755670546e-01,-3.275641264599762348e-01,-2.491304135868537717e+00,-3.285229466694372213e+00,-1.467786599184305762e+00,1.170741707976054258e+00,-8.479088520835911247e-01,2.516210866269862567e+00,-9.102340279408180912e-01,-5.286622302114674099e-01,-2.942212440301099186e+00,-1.771420641276432839e+00,1.233796849063443890e+00,9.741236379895387154e-01,-2.758616955007194615e+00,-2.900942434827201932e+00,1.075795379927372508e+00,-2.120694323608931509e-01,-2.689353910125685254e-01,-2.387495638598820857e+00,-4.753095411069685916e+00,-3.674951782657832844e+00,-1.027985045954556309e+00,4.888775696306162377e-01,-2.370112276372871474e+00,3.560007830117320804e+00,8.273400393910435024e-02,3.079297166240750450e+00,-3.105026246941389179e-01,-1.182034195043359492e+00,2.931408015358460961e+00,1.098944409974960568e+00
6.095971287679573525e-01,1.154463144846337386e+00,1.877299381164943437e+00,-2.302706870247475113e+00,-2.100775188583189568e+00,-3.018886762033184290e+00,1.119648845127640541e-01,1.099079188055581024e+00,2.920297872242866521e+00,1.227521061185691043e+00,-3.053876334809989546e-01,9.373037502481630368e-01,2.045429798838595659e+00,4.366857393769592477e+00,-2.782231729304037726e-01,1.398385081097897054e+00,-1.039377032716703342e+00,6.661176747157387945e-02,-2.865949828887925932e+00,3.241570514105561074e+00,-3.465553020487384561e+00,3.445699394383366254e+00,1.491319928593544120e+00,-1.927519917059279109e-01,-7.044209997418147129e-01,4.786442548027872723e-01,2.489593807043502416e+00,-1.651002655904850958e+00,1.519556191273528478e+00,-1.838785995226540404e+00,2.097328541245571110e+00,1.344396033213578701e+00,8.371857257049859502e-01,-3.514234520397456762e-01,-3.412276640058575339e+00,-9.779908637434771013e-01,-2.501325417839834753e+00,6.879523337034847419e-01,-4.714870573296731648e-01,3.018445185518941365e+00,-1.610063077054047387e+00,-1.448201970969895225e+00,-3.241861627632633081e+00,-3.101541741328967650e+00,7.815886468156179046e-01,-2.632730254960063965e-02,-3.145042017421868952e+00,-4.389437446395504594e+00,2.766351420483292856e+00,2.602560430848767759e+00,-1.408411951566815201e+00,-2.166535744668474095e+00,-4.858486921517446433e-01,-3.307236253367239254e+00,-1.266920213169899778e+00,-4.984938284508488859e-02,-3.958986512166443816e+00,2.431388060581889832e+00,2.323065925776975349e-01,2.234899895208873222e+00,-3.941965376092226858e-01,-7.363170080755354618e-02,3.189354934507372619e+00,-1.332786441911546493e-01
-5.499708514251517855e-01,8.751904167747509566e-01,2.436966154714759636e+00,-1.874464222561791571e+00,1.833314274516713027e-01,-3.997417725478246808e+00,-8.258402692057332795e-01,3.366615056954680441e+00,3.015148755925488366e+00,5.831113214692307700e+00,-1.108773007656775889e+00,1.915331937373026872e+00,2.698760899523696022e+00,1.479319105148809710e+00,-1.315197861899886078e-01,1.641088732481551515e-01,-3.300036454827955268e+00,-1.653374217024438098e+00,-1.319306474053264955e+00,2.885898660253474635e+00,-9.989954539954983836e-01,2.681900967236241495e+00,2.496155211479006431e-01,-6.844786833535955184e-01,-1.701847380849338620e+00,2.802323961639408445e+00,4.268190013883035761e+00,-2.916772729734379510e+00,2.516675932484398359e+00,-2.201198308915830015e+00,2.475114047024655761e+00,2.883188379209825847e+00,2.081791569520250462e+00,1.823852508750691381e+00,-7.736836668433377806e-01,-2.875303329502377547e+00,-4.465787581253731764e-01,1.429686571092677050e-01,-1.211448764099743336e+00,1.273898820435807933e+00,-1.900407715632531636e+00,-3.543729528991730326e-01,-9.174141767903007949e-01,-1.560165228222329503e+00,1.358009069486577847e+00,6.559972853566653495e-01,-2.838156421123916751e+00,-2.884039718720798451e+00,2.825142692246674248e+00,2.684151133745829920e+00,-5.909217230197403303e-01,-1.891483563352110542e+00,-2.119794407455173779e+00,-4.076968109173080279e+00,-7.891747126544457203e-01,-2.356547410765035266e+00,-3.222105712245284970e+00,4.313028844860971489e+00,1.421005027175294755e+00,6.425254058333189633e-01,-6.464657915555933609e-01,-1.129750564602697072e+00,7.239232964108122115e-01,-1.369303207505086162e+00
1.446363065466529818e+00,5.994480474619565680e-01,1.415905716878640641e+00,-2.709691187791980038e+00,-1.617698912201706030e-01,-2.260595556767809988e+00,2.462439811487125430e-01,7.364923318881961833e-01,1.221437337069482210e+00,2.256168359494365561e+00,-1.064206458284101764e+00,1.886728630984306987e+00,1.547131100164814033e+00,5.618343653358131018e-01,3.847219697635944069e-01,1.435631168553454629e+00,-2.828732794927548255e+00,1.815112573739219748e+00,-1.848626435421402148e-01,1.009689281246943793e+00,-4.280653112357575729e+00,4.449592777300090951e+00,-4.335287230135900227e-01,-1.262241657951909124e-01,-5.359861166670494281e-01,2.408832115072200075e+00,2.941867619321075988e+00,-1.699676349454814606e+00,4.126732017965171195e+00,-6.230545893891124010e-01,3.263375697507167050e+00,3.630888256835231420e+00,1.362922562340262544e+00,-1.186859495545955490e+00,5.987614405149055408e-02,-3.293019541706692532e+00,-2.202132491038814033e-01,-1.367293825532687412e+00,9.885107223530398279e-02,9.906346628109838903e-01,-2.849362097537703420e+00,-3.653268702989731942e+00,-2.185857000867929223e+00,-1.023930361287274549e+00,3.156027362905054812e+00,5.358632077463657550e-01,-3.649235773800199922e+00,-3.548624626317428365e+00,4.119533135647619027e+00,-5.399578782456377901e-01,2.279241508921500681e-01,-2.974031294073287590e+00,-5.080160890349174174e+00,-2.874047628291497958e+00,-1.940016661048213464e+00,-7.422158839934902552e-01,-3.445423862266508319e+00,3.058255438392245562e+00,5.257955359915992277e-01,2.469214175510223264e+00,1.654556397692595882e-01,1.389974133950707236e+00,-8.513191886370492512e-01,1.032339965379956759e+00
5.300959688485262777e-01,1.501828921928254346e+00,2.910663854593047439e-01,-3.299115253462551856e+00,4.746041477315474655e-01,-4.178953506103815663e+00,-2.043988329162877426e-01,2.521249518241947207e+00,1.942643481155360341e+00,2.072039797882718304e+00,-5.038686268340223373e-01,6.706660317237158608e-01,2.830299654002114806e+00,2.216935356252540679e+00,-1.843028821329649292e+00,1.078307100604807278e+00,-2.168280192220437996e+00,-1.247905251693311124e+00,-3.371094653128953178e-01,2.211773851889685449e+00,-3.221567949780844931e+00,1.279241043713659653e+00,1.115256971317440282e+00,-5.533869299523590524e-01,-4.516326314854078317e-01,1.246200957886941962e+00,5.966576261972278417e+00,-1.431438366658724481e+00,2.600664724163718411e+00,-1.600099524761867453e+00,4.019343215079232756e+00,3.119606625570406244e+00,1.666105280506724684e+00,9.573738604986606893e-01,-5.554309036764573104e-01,-3.174944461479455526e+00,3.320569174036346882e-01,1.212022147732350952e+00,-7.990895592683560089e-01,2.306841838101975739e+00,-8.397790307403751875e-01,-3.106128008517139882e+00,-2.121645705460406539e+00,-3.068510104032108998e+00,2.220656566823632438e+00,-3.114737637668650860e-01,-5.686859647722029010e+00,-2.030161919832854878e+00,1.944952206831005226e+00,-1.889765165930792357e+00,2.710187022796999745e+00,-1.315983219658241055e+00,-1.769282862394806699e+00,-2.245161031230341386e+00,-1.321949516575080086e+00,-1.884122782064301838e+00,-3.045012089976237402e+00,2.928768007241815408e+00,1.418787162116461609e+00,2.993007963373337077e+00,-3.452569221719474779e-01,-1.046182018841915751e-01,1.139031903951875035e+00,8.652815354689517013e-01
7.904921800445918745e-01,6.610298814372992382e-01,9.736607509172356956e-02,-4.180733401704739727e+00,-2.574525449072749828e-01,-3.459011695548022125e+00,3.698023961138269811e-01,1.138626420323768595e+00,6.100968299868831934e-01,3.218931875454797087e+00,2.074820403597983365e+00,1.212892232227520184e+00,2.586239083025302143e+00,6.746971378709799572e-01,-2.454396900804287629e-01,2.643629288768546193e+00,-2.107219289638671889e+00,-1.067995290090089977e+00,-3.547974197011988018e+00,2.710477918509160311e+00,-3.006601432150076469e+00,2.197715911420108359e+00,8.988290381482294533e-01,-1.678819147499474473e+00,-1.666194487163704219e+00,1.854674362911654217e+00,4.505723420628473086e+00,-1.012327653952127537e+00,2.946117432481083487e+00,-1.633800743015642931e+00,3.687144197970676718e+00,-1.886306600960168112e-01,1.962468597756205302e+00,-5.027700639400043414e-01,4.098714503150291399e-02,-1.297588790419642368e+00,4.744920153733704904e-01,8.365604865177249660e-01,-6.895317901105842973e-01,1.577589482326270387e+00,-1.675288684509049775e+00,-1.438633404315312836e+00,-8.793504627320534173e-01,-5.793494402421059952e-01,1.206367300376395502e+00,2.846369823510837005e-01,-4.698220716951956533e+00,-3.029039145477908868e+00,3.583862210979328999e+00,-5.623560475508728729e-01,1.019691523983063952e+00,-1.763437558688045970e+00,-3.271244624541734591e+00,-3.910770271604334880e+00,-4.780400096585789571e-01,-1.782657836288396691e+00,-1.917321401316229412e+00,3.510650746166199987e+00,1.150306611158713910e+00,3.475476996474423874e+00,-1.094363790523074531e+00,-5.362229333389842978e-01,-1.264203532780188155e-01,-1.767786954925358422e+00
3.036020827151606483e-01,-1.225554821684922135e-01,4.104522676722503149e+00,-1.762288155245392396e+00,-1.001113913488917984e-01,-2.263882432084542984e+00,-2.543834932777089830e-01,3.086363954039626378e+00,1.567256407203089452e+00,3.955129563833755135e+00,-1.580889877200653215e+00,-9.741269212629701801e-01,1.186577805029418897e+00,-5.088862821226656230e-01,-9.775642246219926612e-01,-2.082280477478326564e-01,-4.479630707915361221e+00,-2.163312779728459923e+00,-9.312461386997173962e-01,2.822623047106016525e+00,-3.101918863081509770e+00,3.041485579503391268e+00,-4.944377210672001866e-02,-1.456372013524219300e+00,4.579509981233991223e-01,7.646517785022954872e-01,2.815374661157785230e+00,-1.546930219705472176e+00,2.108886313532940981e+00,-1.701638134378691269e+00,4.369613689891571617e+00,3.333654587384420331e+00,-7.606913685576301987e-01,2.076100787440849693e+00,-2.842369016326522946e+00,-1.827297476069157600e+00,-5.274047939575070565e-01,1.569123316496842335e+00,-1.518133681100536592e+00,1.453179424261024533e+00,-2.547822558017196037e+00,-1.567499655213761223e+00,-1.416732710062543532e+00,-1.961130080400521614e-01,4.101481228043364347e-01,-2.116608568769794418e-01,-2.430155958515153092e+00,-3.060770229869334447e+00,4.008853509811417304e+00,2.510258736796138646e+00,8.743420171982224653e-01,-2.749553117821549986e+00,-3.563488024741948923e+00,-3.448973913227735277e+00,-2.388215985281742171e+00,-1.163893383566634299e-01,-3.768465052609606403e+00,3.315715883483776771e+00,4.582876647663780556e-02,4.017793877543764935e+00,1.447779010212675299e-01,-4.050638155773708116e-01,1.274707662484254600e+00,1.037156488333593529e+00
2.378849736317890873e+00,1.492523729850105951e+00,1.142346645519567438e+00,-3.063217506962785830e+00,-1.927226675056915139e+00,-3.993076783480944858e+00,3.065714383825345890e-01,2.700896153459059867e+00,1.582341029152169787e+00,2.298220389759225046e+00,4.208310955175584844e-01,1.481343906771672270e+00,2.662406847636754836e+00,4.376379530281762076e-01,3.609266162405724843e-01,1.266741081549433767e+00,-4.668173146993521705e-01,9.627356601090363286e-01,-3.393125098347793411e-01,3.076764420945156342e+00,-4.220979624770800243e+00,3.326292744933712964e+00,-4.307039407068320447e-01,9.339998377963232290e-02,3.264585632693708384e-01,-6.406959328593839764e-01,1.807761692877655646e+00,-3.885366004228361092e-01,5.932409971513068481e-01,-4.034269939283417372e+00,1.994864541783802236e+00,1.795524476204952258e+00,2.952482896590963302e-01,2.383636111462265061e-01,-2.996706235197564183e+00,-2.440190901966370784e+00,-9.180894024557504363e-01,8.357646854652063251e-01,1.375976279085119547e+00,2.208560232878150842e+00,-2.841676748415378206e+00,-2.264407968047466913e+00,-2.021830610665321881e+00,-5.013468283996656005e-01,2.058906523606958139e+00,9.736546095829486935e-01,-4.899939816916893953e+00,-2.226557604624749942e+00,3.008747184722669665e+00,1.714987533071965720e+00,-1.026725887560321210e-01,-3.119407133474614735e+00,-3.045000172448554920e+00,-2.049477048199104701e+00,-2.098664213769752873e+00,-1.814277152564241380e+00,-2.749277095954563599e+00,3.464186706545863803e+00,9.180642856454224177e-01,2.282895183733937294e+00,-9.433657112344444595e-01,-1.229185363622199212e+00,2.892856247935757352e+00,-7.146992980327238065e-01
2.455256373904250111e+00,1.577733090221243195e+00,3.642672657280485282e+00,-3.719052008674980314e+00,-1.171479986624204495e+00,-4.830671669134998680e+00,5.540555464714681522e-01,1.570366636110353209e+00,1.836205861670435313e+00,3.309689075635381617e+00,-1.786600538065350907e+00,-3.948158263555878733e-05,3.054097790343119900e+00,1.415913535423097391e+00,9.693066884437920860e-01,1.355011436301390315e+00,-1.871576263855085021e+00,5.622243342172981162e-01,-7.973428086895324451e-01,4.059132834368133658e+00,-4.437692105779643015e+00,1.246367550867042207e+00,8.378672576900876301e-01,-1.059493418835334211e+00,-1.806692649322263700e+00,5.391607888011276106e-01,2.130119238957103533e+00,1.326971081366561389e+00,2.942789221222401608e-01,-2.127519871496802217e+00,1.565633035819394170e+00,2.411462445384633835e+00,1.652767672715352631e+00,6.457613490633906661e-01,-9.838479360339291713e-01,-2.824702756810725912e+00,-5.494637055239872669e-01,2.519867302988865188e-01,-1.135501473275694506e+00,1.577289871569184765e+00,-2.477785242416572498e+00,-9.499524134404168096e-01,-1.667763225836747187e+00,-3.298625941178971566e+00,1.385391073337719492e-01,2.271733269033246738e-01,-1.672265893746880394e+00,-1.050424713777836638e+00,1.936798874724281472e+00,8.038388619173314487e-01,3.973804574347054586e-01,-1.637381620445951480e+00,-3.843837386334997497e+00,-2.213078821466493373e+00,-3.161766500509567202e+00,3.153630192100276286e-02,-2.769992613839222795e+00,2.968023775126873431e+00,2.002713760610522753e-01,3.717248518523365242e+00,2.730268751186148979e-01,-6.168869781976440980e-02,4.590584307645871220e+00,8.872875195314080532e-01
1.845292307041817015e-01,1.804842684818081633e+00,2.663869774515715605e+00,-1.619101023864690569e+00,-1.585649317455595675e+00,-3.744755728231931258e+00,9.209858540815992756e-01,2.281892546786359333e+00,3.328644637351658275e+00,2.802386726239182835e+00,-3.753436571495596397e-01,1.470461598289580785e+00,1.997131550235301090e+00,1.837786090051829690e+00,8.671416349632877774e-01,2.751014023891097393e-01,1.030044764970368121e-01,-1.384444113884881533e+00,-3.185341568608189178e+00,1.361952225993877441e+00,-1.104669076359503510e+00,3.425957193068439821e+00,-9.815515036108097835e-01,1.198820458849565451e+00,-1.202127794866336696e+00,3.027780785950521469e+00,4.449550316388621418e+00,-1.042515353007966272e+00,1.225515918841440621e+00,-2.615924867357938055e+00,2.075842066127791874e+00,9.344172519169569036e-01,2.084853040175066674e+00,-1.213062468458927068e+00,-2.172827050130409443e+00,-3.331254516820256306e+00,1.162227760199072479e+00,2.121485702909759574e+00,-1.475079784301879915e+00,7.572199734314826181e-01,-8.715432559853766303e-01,-1.893717842605961765e+00,-6.967119951672631206e-01,-1.055110534666851674e+00,1.833190161369185667e+00,6.100926879279964243e-01,-3.178487004239340497e+00,-3.414574819503420677e+00,1.110960688165900656e-01,6.951053917878576849e-01,-8.028733802788649010e-01,-3.028713333575756561e+00,-1.258617122631605190e+00,-3.195949697677545220e+00,-1.823079418048354050e+00,-1.123853086434200010e+00,-3.687968504522824098e+00,3.804048029821090804e+00,3.764319624338162695e-01,3.290890347916249237e+00,-1.775386219027312196e+00,-1.467294571636602374e+00,1.359758888035398350e+00,1.154541447390578179e+00
1.306685164619760808e-01,1.688153102391202642e+00,-1.103864546151631654e+00,-2.679844447367208726e+00,-4.799392851784195502e-01,-4.682418614277765734e+00,1.330320837938298029e+00,1.667522869339404190e+00,2.264347401027342777e+00,2.899847065920746925e+00,-4.165658550482681521e-01,9.058532580252457445e-01,1.531946609773419565e+00,4.127895114389569242e-01,1.595002922306281379e+00,-1.239431640764405707e-01,-8.569127645954937034e-01,3.885956209312776966e-02,-2.360711574980522975e-01,1.143551519244694115e+00,-4.051247786679962104e+00,2.489532723900075961e+00,1.032662997254476522e+00,-6.172406420939710037e-01,-1.480432029398466742e+00,3.485924906667499101e+00,3.938631916182435244e+00,4.084094242404558983e-01,1.158234750430122917e+00,-2.039270685744517309e+00,2.337415457555828802e+00,2.390743338876878177e+00,5.402740695725991582e-01,-1.215823934397690653e-01,-2.609043939954795110e+00,-1.439144591162136999e+00,-1.762125442793627261e+00,1.574045847809021570e+00,1.306116491971744287e+00,3.383025220171451242e+00,-1.231049451463824607e+00,-1.644405354697707322e+00,-1.969222544683111309e+00,-2.119747149050040136e+00,8.002674692941762480e-01,-9.004397354920905538e-01,-2.570861559701813626e+00,-5.968395375070505438e-01,9.290501710156569004e-01,2.618800809160358067e+00,1.819371777526214595e+00,-3.563945785250965947e-01,-3.317829208350862924e+00,-2.251239633847300414e+00,-2.193301319727423593e+00,-1.231112095118712890e+00,-2.994048196737299605e+00,3.765058212205143917e+00,1.346296866206495801e+00,3.094886118662544483e+00,-3.191060040834459710e-01,-1.432029937337662373e+00,1.151850945420376249e+00,1.925578229405313202e+00
4.257444127650123811e+00,1.594606628538892679e+00,1.155452008012683329e+00,-3.497657450332301021e+00,-1.122150431888207622e+00,-2.014502408643559228e+00,5.257973301438400027e-01,1.432072915224962273e+00,2.240808944194797370e+00,1.477635946787103638e+00,1.676236168875473442e-01,9.090633139724639822e-01,2.355332491870556044e+00,8.678291127227626411e-01,2.202956780856712538e+00,4.784384985445544469e-01,-2.461546545600107994e+00,-5.860280522660016311e-01,-6.063193307047053393e-01,2.973738420341875521e+00,-1.903738337394586422e+00,2.566705678265133184e+00,-7.912808875246093443e-01,7.165319679714289292e-01,-6.897564718977745590e-01,6.150986608841809700e-01,3.093648498218616982e+00,-5.608790153891104469e-01,-3.293369243140125135e-01,-2.405521878485619602e+00,3.306831886477685334e+00,2.862798551684266446e+00,1.906593217210268865e+00,-1.357478513757264249e+00,-1.475478701734892262e+00,-3.411792395867468297e+00,-1.322599815518526567e+00,6.299104658504997012e-01,-3.236671165509353187e+00,2.908348816703765216e+00,-8.397311199220778288e-01,-2.027969722814787712e+00,-2.802324248447441324e+00,-3.705011879862775359e+00,1.447564734501448180e+00,4.404150758757180428e-01,-3.258269335379976095e+00,-3.458041241863905491e+00,4.644255990691537050e-01,2.742737320190045569e+00,1.228996843392827110e+00,-1.403904366578466067e+00,-3.290883965574512349e+00,-1.735690765243313116e+00,-1.763873553571424724e+00,-9.110740958343389595e-01,-1.934961574756421054e+00,7.376281037277481190e-01,6.267421765878928852e-01,3.548325693428233230e+00,-4.112373086354459417e-01,-1.501144478111407166e+00,1.770035930296230742e+00,1.057785912473332646e+00
1.605742816086376035e+00,6.722819763322513964e-01,2.022066163815885886e+00,-2.677191022404335374e+00,-1.854436605385586523e+00,-1.494334655364443876e+00,3.266993979592884845e-01,1.829550217439404713e+00,2.139039364334461624e+00,4.991080577085242886e-01,-1.026380860831371145e+00,4.135467570978640373e-01,2.955796324731979396e+00,9.006541565105830038e-02,3.011843911684797259e+00,2.161029240935031126e+00,-2.252835552128297447e+00,8.613249622411582873e-01,-1.867309578282359217e+00,3.953192657765025597e+00,-1.456800503347803533e+00,3.271751389101095864e+00,2.994108768209879923e-01,-5.958979799567133417e-01,-5.626819024939638814e-01,2.059959903078332211e+00,3.921818867598194647e+00,-6.807349646454832204e-01,3.668904681059486528e+00,-1.204322229753221229e+00,2.112969580790942992e+00,3.502547997510507827e+00,1.765567915130293875e+00,1.729905672743246692e+00,-3.269650842874639807e+00,-3.955661458246956030e+00,-1.371870262913431615e-01,-2.141421001361979437e-01,-1.206681010466343462e+00,1.209175693435973642e+00,-3.049012387797287005e+00,-2.361350753690918403e+00,-2.451999372365991636e+00,-2.626705933701398710e+00,1.337353966458883603e+00,6.101956905056351577e-01,-4.438839186777299162e+00,-2.906151601378550442e+00,1.336208742065140509e+00,1.636083048014752350e+00,8.650129672474169418e-01,-2.480294314027602365e+00,-5.311263927957330822e+00,-2.602312567309466473e+00,-8.427175615897697369e-01,-6.872539281768028641e-01,-3.241889355501387016e+00,4.007107958079422438e+00,6.711422198415750717e-01,2.626580613294021926e+00,-6.593745710528360338e-01,6.987301361993709659e-01,3.218650680212733484e-01,-1.262104014710052624e-01
1.042750608878427965e+00,1.670463398104583108e+00,3.832065902846786276e-01,-4.487284618815834847e+00,-1.127907320995963358e+00,-3.514543539435602604e+00,-1.625769210130135534e+00,1.218905296365213609e+00,1.790789458434432380e+00,3.870419173434597404e+00,7.235769482068041825e-01,-1.480572253086507306e+00,2.198478497599598125e+00,1.750159992637106088e+00,-1.444788864641573189e+00,5.045015601019116058e-01,-2.848882514624150541e+00,-1.281966501874908460e+00,6.818068870038094254e-01,2.718670969986045627e+00,-3.183538614257244603e+00,3.083136955579444116e+00,3.159030158727786031e+00,-7.548900344055975431e-01,-1.986298685702575506e+00,1.260038361957920072e+00,3.335601696898643276e+00,-1.899596515977977962e+00,1.875540018853331103e+00,-2.334952533010842046e+00,2.586216546584993559e+00,1.258671609446612161e+00,9.697172858597999934e-01,2.719351622141882530e+00,-2.969129081555323957e+00,-9.764808068168597810e-01,-3.125611908711713571e+00,-4.310832193766416243e-01,-1.744429570836714793e+00,3.101808097820700105e+00,-1.555564948709484696e+00,-8.523415349264503726e-01,-1.805092326059319241e+00,-3.525125305423920885e+00,6.837570202625071758e-01,1.869940166609602272e+00,-3.384089602553157938e+00,-4.586421726261276532e+00,3.026741267955979087e+00,1.077829274607993160e+00,7.175565637665772822e-01,-2.987461665109056863e+00,-3.930381441783759477e+00,-3.432491225532193990e+00,-2.751384294964799526e+00,-5.084852593270977605e-01,-4.033553209924660266e+00,2.696159983598720444e+00,-1.132464059195708028e-01,3.514419346143482947e+00,-7.377425669078327974e-01,-3.474249426713474920e-01,6.934777737246129448e-01,8.545305052827696368e-01
3.808413732794500461e+00,7.396380822610452155e-01,1.961081043104892840e+00,-4.404871321870571066e+00,-1.189539414714061660e+00,-4.931176474776938434e+00,5.646340351561949245e-01,2.180685785151508682e+00,1.621186258798682944e+00,2.234473698131395292e+00,-4.416695551632444650e-01,-7.059380362580691681e-04,1.276353475298662943e+00,1.517333433441263590e+00,-4.773226483905668172e-01,-7.741162737472759847e-01,-1.348156624381803725e+00,-3.170170090158793696e-01,-1.863719231404313836e-01,2.644300645771133773e+00,-3.518640325848209738e+00,2.081339976664438929e+00,9.168490679498051410e-01,-1.027749479238600383e+00,-1.616891319039061914e+00,7.157425587022849811e-01,1.857706736617452448e+00,-9.898453473130564007e-02,2.665532079488139861e+00,-1.191361788508572106e+00,3.405269434122490946e+00,4.504308553591648945e+00,1.547872715589366788e+00,6.754181679697379703e-01,-2.447424319994254915e+00,-1.603337952545587530e+00,3.273284825035001622e-01,-3.475970456249597440e-01,-1.638220940528784419e+00,2.654090930668890902e-01,-9.158329509315481509e-01,-2.884258437859901214e-01,-3.323183130298076549e+00,-2.928994647328225565e+00,5.756837227706248505e-01,1.402028777740069287e+00,-5.386554549541360259e+00,-2.467961969408561718e+00,2.269587995443037798e+00,1.021828663587754038e+00,-1.872033586663288673e-01,-3.660209822371035315e+00,-3.737769417999013299e+00,-3.703276743521572101e+00,-1.682254110752885001e+00,-3.090584401644521417e+00,-3.179122103950648093e+00,2.029917285350489653e+00,1.486508337954162595e+00,1.896982958035505762e+00,-3.314818128871069303e-01,4.328279252294842117e-01,-9.739448756954185438e-01,4.197541217416522752e-01
2.756159838649638871e+00,1.218610617681320507e-01,1.876156650324188879e+00,-4.440175526498994607e+00,-1.202133763592276861e-01,-2.915014095208639855e+00,-8.331408909049506928e-01,2.184402527145994810e+00,2.866662609464969425e+00,3.737787132945520785e+00,-1.067612943276499360e+00,2.005125280234818064e+00,1.867930492805444098e+00,1.346678251274720406e+00,8.621826277557420593e-01,1.435642188402189712e+00,-3.394695097426650321e+00,-1.898875667679591484e+00,-6.194049861576025329e-01,1.839191753680843533e+00,-2.795663620295247842e+00,3.455960467570423855e+00,1.715990567035480696e+00,3.377068517392579905e-02,-3.601907695677148968e-01,3.433401787355795154e+00,2.399714172364914688e+00,-2.823251036578237283e+00,2.285740430804046763e+00,1.132737211500061569e+00,1.761621952000420377e+00,1.956421337822840778e+00,2.025280158751592285e+00,4.806582485479570788e-01,-1.349903809874439808e+00,-6.742827588099482572e-01,-7.385319710465094722e-01,2.798790979514621524e-01,1.095588113706869704e+00,-4.259522098466890228e-01,-1.877104078054654845e+00,-5.726936562856643764e-01,-3.283109361210610366e+00,-2.278625755025702304e+00,1.708483898468579731e+00,-7.714035113815513878e-01,-3.450198660717152865e+00,-2.740693413086302321e+00,3.124032105530699432e+00,9.146976823822239311e-01,7.629573375068888774e-01,-3.785626822079974918e+00,-2.420983505242091827e+00,-3.268436242618376397e+00,-8.505110293972233393e-01,-1.545175845156500749e+00,-3.215430392174375651e+00,1.667820319281950736e+00,1.152496014076586639e-01,3.606334330968571145e+00,-1.572056525413903838e+00,-2.991965303213155458e+00,-5.863199145843938087e-01,1.061018713286773218e-01
1.431257105675575181e+00,1.119146562763389419e+00,2.742615329283995429e+00,-2.211217812564393981e+00,-1.451467219446629819e+00,-2.203301243554509625e+00,7.791252193404671345e-02,2.059052989229492869e+00,1.532926634062122151e+00,2.245354458568492806e+00,-1.994463265526693174e+00,-4.405135841020157983e-02,4.574290446211412231e+00,-1.714593751340539374e+00,8.803950426240592098e-01,2.277234078460104172e-01,-2.700903906195468274e+00,-9.009464052979005988e-01,-3.660288135664035991e-02,9.198438056975855037e-01,-7.415587043424838321e-01,3.696734147516074653e+00,-9.954400936218819052e-01,-7.959405179721081025e-03,-1.061720306634603261e+00,1.450224777602378667e+00,3.670733288986386178e+00,-1.361614290645019043e-01,7.320057993092421444e-01,-6.548327025054829775e-01,4.364867709687601405e+00,8.275418264143643565e-01,2.114428108979697019e+00,-7.871712243414641375e-01,-9.558542005856510704e-01,-4.692075641954097875e+00,-1.333169518702868872e-01,-2.545654350393867782e-01,-4.060544431523482878e-01,7.052762560262273439e-01,-1.442440561809200217e+00,-2.269097199678073995e+00,-2.271943508901919540e+00,-3.418367317449163778e+00,1.843678398268962848e+00,1.941079773541565912e+00,-3.372295534330115974e+00,-2.353105627355664975e+00,2.209268030681800887e+00,1.743527217620673309e+00,9.152460426592919918e-01,-3.062469805924171062e+00,-3.160953537646265854e+00,-1.898769904392725749e+00,-1.921691182591257929e+00,-1.426255898877448081e+00,-2.412356220931961559e+00,3.013414407025296615e+00,-6.827761035634929421e-01,2.664724490045481176e+00,-1.183243328963636154e+00,1.130468041542124880e+00,1.227223926164319412e+00,6.818486796606983980e-01
1.418740508795695021e+00,2.349666959132157285e+00,4.068002151535959676e+00,-4.332624459098333602e+00,-1.678372744629764712e-01,-1.833540142516318250e+00,4.804321078222760777e-01,3.144665518986168085e+00,1.609850999768988711e+00,4.039378261898558975e+00,-1.013455297126705790e-01,9.978353749705328735e-01,2.538194708666856592e+00,-7.805139176165143411e-02,6.638180812704488343e-01,9.579664458024079732e-01,-1.789865211538660628e+00,-2.127465320880123634e-01,-1.936690232997662520e+00,1.307227894669077184e+00,-2.757824744180151555e+00,3.359037149852314830e+00,1.310175310626043865e+00,-1.944493675495756024e+00,-3.268613782676394464e-01,2.104033893644313702e-01,3.010329759450298237e+00,-5.977170063777017539e-01,2.035276446314690624e+00,-9.217373409277017648e-01,4.487726563454262241e+00,3.359732547345753328e+00,6.009578155241788178e-01,-1.535784991840682956e-01,-2.257655853192912510e+00,-1.878173546765979252e+00,-2.164975697313731573e-01,1.209241171294590966e+00,-8.041801954117188123e-01,3.789107330183998812e+00,-1.824721121992746831e+00,-1.963652787408659339e+00,-1.171092129051748865e+00,-3.326896468171039345e+00,-4.038910826252657404e-01,1.516200409589007592e+00,-4.110912148860984772e+00,-5.825970264874033688e+00,2.633576180979831260e+00,1.354678305224621626e+00,8.004196312627906984e-01,-2.274197029820258287e+00,-1.288612570149981984e+00,-3.975790037193640103e+00,2.099355701364591376e-02,6.455532828121193223e-01,-1.620123678496707909e+00,3.054599696653001573e+00,1.146101441436879087e+00,2.788125458106012644e+00,2.379664934062182269e-01,7.421614241023071212e-01,2.422898121157747831e+00,-2.189799848203521915e-02
1.195021644879194378e+00,1.036091835076434542e+00,1.770126345770112408e+00,-2.049627473479417539e+00,-4.082772792653913130e-01,-3.370764452469209527e+00,-4.732930464887619149e-01,3.922997238639933659e-01,2.770323277606287160e+00,1.776359310577912520e+00,-8.418012262105527554e-01,1.646675769853859661e+00,2.111616968317464593e-01,6.921844036230031527e-01,3.881350238306692235e-01,1.611111381914682061e+00,-3.044264643294241957e+00,-1.002182804296253726e+00,-1.683051579558283439e+00,1.971170010442612197e+00,-3.754533798213505413e+00,2.420661897822165898e+00,1.811387461773735996e+00,-1.270349735278680781e+00,-4.530371515466363186e-01,-2.915337378388305201e-01,5.193817602136553191e+00,-1.531193009746115941e+00,2.048362179409590755e+00,-2.683492673643205872e+00,3.465546514066816020e+00,4.098135950288316565e+00,1.613324250883812150e+00,2.376220664012574701e+00,-2.660147367939897922e+00,-1.902881305976900972e+00,-1.348944558177310959e+00,-8.246120329207573540e-01,4.520463692040110892e-01,1.627960487268275580e+00,-2.006963286153722326e+00,-1.673877671052243388e+00,-9.443808734034231378e-02,-3.863245938950361946e+00,9.088814247283313330e-01,1.099062024447301944e+00,-3.363083570885025519e+00,-2.386865825119161677e+00,2.992941874791660517e+00,2.091638499602665568e+00,-5.653984772686665439e-01,-1.988674527466257613e+00,-2.863124032892344406e+00,-3.797161551365163756e+00,-5.392510622669780540e-01,1.991781852365441807e-01,-2.637179882252741692e+00,2.938119337564876865e+00,5.683526285709038506e-01,3.493048449537870415e+00,9.059498864271648966e-01,-1.328021779853029827e+00,2.231178635360377527e+00,8.273555277977531208e-01
2.765938181330493961e-01,-7.730652591167854748e-01,4.651636460424357633e-01,-2.926949766735310821e+00,-1.824774721904616870e+00,-3.860676388599140196e+00,-1.145690465540618153e+00,4.204969163663298204e+00,1.765913745420272907e+00,1.820247194223218345e+00,-4.944815749656427117e-01,3.282900758100012473e-01,1.807549809387460238e+00,-1.402506293156242645e+00,-5.228422579532555625e-01,9.472764314438029132e-01,-3.246222348901996568e+00,1.239787341849294122e-01,-1.933707706956334427e+00,2.895994953312280629e+00,-5.095158454855616803e+00,2.480030815358079899e+00,1.759977043856821854e+00,-2.539176002270313037e-01,-8.635666878005192615e-01,3.874034187845316612e-01,3.221068901994316835e+00,-2.709561046945688112e+00,2.313152075528208673e+00,-3.200836304757766371e+00,2.820644494089038723e+00,1.354634554090663912e+00,7.084008840310576094e-01,-2.725693676101408336e-01,-1.232860849842101647e+00,-3.054778425621718529e+00,-2.514089408696175143e-01,5.594910886236386105e-01,7.616561706366504758e-01,1.206631165736693490e+00,-1.770135397669940547e+00,-3.086118540289266132e+00,2.422425309055551423e-01,-2.596073069815383771e+00,1.603639039908292707e+00,6.976475741236856098e-01,-4.787871276294636047e+00,-3.066177442882620507e+00,3.680248292673300003e+00,2.126904105416194568e+00,1.947865066328917372e-02,-1.990665523641345080e+00,-1.373215163310292031e+00,-3.080332955968932751e+00,-3.219012572483524792e+00,-8.282407859232255865e-01,-2.799547574420875318e+00,1.471470732215380606e+00,-8.584791955580362011e-02,3.641471849229872326e+00,6.957720172342747311e-01,1.862813037270282468e+00,-1.551551690355178259e+00,3.880222426965052041e-02
2.130071445342391900e+00,2.878230191215213063e-01,1.914217945692854750e+00,-3.045143653905042491e+00,7.292454757599025061e-01,-3.295530519462002150e+00,-8.113961633195183598e-01,1.106781122099143033e-02,1.847826668482565049e+00,3.257569484668244364e+00,9.787867243237813319e-01,1.426265453119240245e+00,1.224207710958927775e+00,1.042035230966539272e+00,-8.625797449902404546e-02,3.499475092098333739e+00,-1.831337831401835370e+00,8.416317193080576908e-01,2.348871856370724487e-01,3.595739659982608138e+00,-4.073854532278862628e+00,3.827707620888111784e+00,1.700334572162046420e+00,3.018064191092795778e-01,-5.424909558600622406e-01,1.287987031715963182e+00,3.206786240157578849e+00,1.210942431700576805e-01,1.995004557019403713e+00,2.821236075143884747e-01,3.902551349009571791e+00,1.882199172927793596e+00,1.287571519721684821e+00,2.093648602785492141e+00,-2.952390740281700232e+00,-2.017633651848293574e+00,-5.946871117855928590e-02,1.333819069106517485e+00,-3.106376744734795636e-03,1.185288351533628326e+00,-1.461044943683438291e+00,-1.652687400653233496e+00,-1.195890653012863680e+00,-2.970141420998297921e+00,9.695138603350814677e-01,1.468968327471609658e+00,-3.705441049882360005e+00,-1.624055289432710936e+00,1.679745935947257962e+00,8.653252776273581137e-01,1.358716524938435644e+00,-2.391490041906462860e+00,-4.038749079976709844e+00,-1.258761155463230752e+00,-3.153134274582024776e+00,-5.683807744464475231e-01,-3.140211170351073555e+00,4.331472969234407167e+00,1.194500519719815301e+00,3.242156882523688832e+00,-5.462782798399028472e-01,1.093794831465430217e+00,2.682163107967391547e+00,1.074856165430120747e+00
9.916931080698790923e-01,6.803791248389057245e-02,1.205586454074585312e+00,-3.317089399387752380e+00,-1.414909684593548711e+00,-5.333258360806528486e+00,-1.214566720654705945e+00,5.976403952988931234e-01,1.442256483573027159e+00,1.224631421388378660e+00,-1.015624384965554849e+00,3.669170749102428908e-01,6.796759950570103737e-01,8.402079880937798340e-01,-3.974088725495179553e-01,9.794821975319840668e-01,-3.001134644984764677e+00,8.469387220110434766e-01,-1.160094512132936018e+00,2.481370181543133935e+00,-1.870909282506185489e+00,2.140913077359441807e+00,1.214499693878256181e+00,4.297458335672601493e-01,-6.816839850369159626e-01,1.977977278352865298e+00,3.054454498249751015e+00,-2.168420600877399629e+00,3.328082163894776180e+00,-6.667362084068471084e-01,3.017146391756737600e+00,3.187892030643005192e+00,-2.549837109347330433e-02,4.133061217899311468e-01,-3.180185254891782609e+00,-3.631988597492896709e+00,6.756440462980960460e-01,6.490186934695130194e-01,-1.391795680638754362e+00,6.180202127965803705e-01,-2.196584550383438916e+00,-1.748057314210276658e+00,-3.336647868053737032e+00,-2.350160649508438393e+00,2.315866021194856295e+00,-2.184314842010528501e-01,-3.634021473571581229e+00,-1.946658279584366547e+00,1.978473809632322444e+00,3.296051023393018475e+00,-6.141706322701099285e-01,-1.218283719260892850e+00,-4.155726463184977959e+00,-1.860491904274425234e+00,-1.705936726118574054e+00,-2.079888847699122412e+00,-3.256844877768882096e+00,2.640612789485694112e+00,8.011481272037849211e-01,3.541509372083036844e+00,-1.279385007674673780e-01,-1.897949063087072341e+00,1.349087815425103587e+00,2.398409688957592323e+00
1.579310427682892648e+00,1.069269951945747144e+00,-8.596603732300267531e-01,-3.866831160712437487e+00,-2.191735249726685986e+00,-5.300563050751405214e+00,2.020917099206707146e+00,2.979632303568655161e+00,2.716262074973236906e+00,2.858204443495127922e+00,1.433885065247837209e+00,1.533183108058016053e+00,2.449213424191670985e+00,2.433507587313273213e+00,-1.583542700682810944e-01,1.743522575946594433e-01,-3.231921627402932984e+00,1.876801415455518207e-01,-1.663035658061593036e+00,2.473876809303070967e+00,-3.377860729491074299e+00,2.682210710530863018e+00,6.311379459895503086e-01,1.225164815393319451e+00,-1.003598327304816795e+00,4.252710553071689104e-01,5.039063908675140979e+00,-1.567117338657208592e+00,2.709521934833210910e+00,-1.786631234196018436e+00,3.539652495379580266e+00,1.700583324302230803e+00,1.072952048316152096e+00,1.705573905916142774e+00,-2.271499964553172379e+00,-1.081382844313030667e+00,1.171449506543316699e-01,-1.341400721795777073e+00,-7.633497748963555818e-01,2.702739514939723531e+00,-7.563286337215588961e-01,-9.974090244179485421e-01,-1.845871566579132761e+00,-1.653168334111695170e+00,4.720209166296589487e-01,-9.325783300129812936e-01,-4.098430780252143357e+00,-3.283913366697515990e+00,2.398859964531674827e+00,2.288236711454603611e+00,3.817927246142934217e-01,-1.689656367470443676e+00,-1.953219418874095226e+00,-1.153670773582491593e+00,-2.157856475882667269e+00,-7.481538359752123446e-01,-2.992347245435205139e+00,3.347930758992109013e+00,-3.620218894155006195e-01,3.032739993977717319e+00,9.217810196529843125e-01,6.907330796912805049e-01,8.921200832620219678e-01,-5.289209822903331304e-01
1.594053667499067961e+00,9.748474777431377358e-01,2.200128862447404465e+00,-3.596486696520730941e+00,-5.634711424606692054e-01,-3.582184613153319486e+00,8.536647701580765135e-01,5.366261744844844639e-01,2.641038777118846159e+00,1.562153188722770203e+00,1.558337528110298464e-02,-1.105640139791206344e+00,2.310937625798588080e+00,9.441280171450983083e-01,-3.098418961254976178e-01,-1.277751217459466293e-01,-2.035831159671913859e+00,-2.070138265459005922e+00,-1.484316680641376562e-01,3.038469239472293193e+00,-2.327066991133976082e+00,3.046690355647967419e+00,1.702470410391042854e+00,1.219415201334395293e+00,1.910475326956805331e-01,1.881153918796405922e+00,3.539805379725633472e+00,-1.258889683061784615e+00,2.318742822165065220e-01,-2.998927262155925977e-01,2.542732630715623277e+00,2.075464289550322583e+00,3.710683101418362773e-01,-3.677615114364380933e-01,-7.725181268696479364e-01,-2.071239375962219409e+00,-1.889255999788949925e-01,2.739893176082818238e-01,-1.940989040704111934e+00,2.012852459934068250e+00,-9.625995813384776723e-01,-2.488031302659456045e+00,-1.565160502397387132e+00,-3.143622976737347585e+00,5.929110902470027256e-01,7.925348693947935619e-01,-3.793206956026806242e+00,-3.484865781285185093e+00,4.460106289125556955e+00,1.196482781184462496e+00,2.575352827959309088e-01,-2.083263722938071716e+00,-4.135528373471908381e+00,-2.227284511775607712e+00,-2.188795236966067481e+00,-3.209492217600780073e-01,-3.816904277807037449e+00,1.302853130190570807e+00,7.114537016583645235e-01,1.825882451202238466e+00,-1.570263549514927970e+00,-1.087996560119292244e+00,2.708356387391778419e+00,1.260545152297448235e+00
3.084164326963596103e+00,-8.854424285149533613e-01,2.392722909088725203e+00,-2.507803415033548866e+00,-6.881406036450494756e-01,-3.829251113756277469e+00,-2.053958240827071305e-02,1.912956844543726387e+00,-1.900092945352782614e-01,2.875675259110213933e+00,2.103712824541821291e-01,3.894659347900919499e-01,1.986146627451277791e+00,-4.246513584991529200e-02,-1.339578053457930462e-01,2.675088743827496174e+00,-2.145241442060797254e+00,-2.520189039308585177e-01,2.457450915761079102e-01,3.506364179053757635e+00,-4.336425834882354557e+00,2.791836020765389836e+00,2.260011785729503231e+00,1.624687172153706616e+00,-4.625493119297786060e-01,2.798026342665405508e+00,2.486897017896044559e+00,-1.286366245688746801e+00,2.009118905074319006e+00,-7.945575652758927188e-01,3.185480470503595285e+00,1.864488893905775768e+00,1.723803707455541234e+00,3.041584520462574659e-01,-1.825250554476794740e+00,-2.059598137262966588e+00,6.915296788432397923e-01,-4.997729183068877479e-01,-1.996327841326661412e+00,3.605136613509711374e+00,-1.887193575910893761e+00,-3.788749074768640313e-01,-3.211284856673432664e+00,-3.200867510522511505e+00,1.969056955567990430e+00,6.513837071720347538e-01,-4.735553137583557337e+00,-2.444958785344670371e+00,2.278985666904276730e+00,2.646860420653544210e+00,8.690010069149431415e-02,-2.909451471905889264e+00,-3.799899418620438674e+00,-2.474721714175106335e+00,-2.409964048845985918e+00,-1.499868272638754441e+00,-3.208165155919479705e+00,2.056699469297820215e+00,1.234249363779837294e+00,4.386490731236476037e+00,-6.426023612530884499e-01,-1.484383290930026966e+00,3.215610041237658701e-01,8.650872661552375664e-01
5.288349981208655848e+00,5.425907828555618373e-01,2.433119418965334901e+00,-3.440780347519766025e+00,-7.625430902443269821e-01,-3.908231169239979597e+00,1.276032371955936606e-01,1.687572920605577842e+00,1.954890716899599257e+00,1.813483543201895642e+00,-1.030289128492828943e-01,1.240909630814539533e+00,3.155221239569914182e+00,1.563481421495398926e+00,-2.137610054617627764e+00,4.033927340795332661e+00,-2.078876976569172363e+00,2.108095802720736378e-01,-3.354829263775870318e-01,1.340402382921092261e+00,-4.642308852586264578e+00,2.355692929055342777e+00,1.950607137973029204e+00,1.498230470954845073e+00,-9.719568303378967045e-01,1.095979283985573538e+00,1.064507478227945558e+00,-1.058846671581050503e+00,2.581677732319507257e+00,-1.749170472131252874e+00,5.236741015377596398e+00,2.146279898808533204e+00,8.830303653164839339e-01,2.309757227561453075e-01,-3.245371979343553370e+00,-3.754599864203164827e+00,5.628584657709517769e-01,-1.338178224905537395e-01,-1.501499327393952532e+00,2.776926237919833618e+00,-1.047764589675181490e+00,-1.940726053170753529e+00,-9.441140743197746765e-01,-2.933849885106920130e+00,2.197839551260059920e+00,1.151611504854878731e+00,-5.771552309691420746e+00,-1.893053964248800458e+00,2.939921307749579604e+00,1.663299133335672808e+00,1.917813685643755539e+00,-2.608069595384451045e+00,-1.436823940355621998e+00,-3.400060000139965233e+00,-1.768713860699225204e+00,-1.228263486285210426e+00,-2.990896904239113585e+00,3.807704883601600088e+00,1.618333768534292005e+00,2.723325407051523595e+00,-2.268709454556518068e+00,3.454127807392961547e-01,6.846021212270017031e-01,4.642000470342920737e-01
7.032477743984837382e-01,3.560723750731217052e+00,3.707355141658239539e+00,-2.140890432434194857e+00,-1.511028167978011094e+00,-5.052671293477962955e+00,-2.811410572858400236e+00,1.618649231213298734e+00,2.576497890628155929e+00,2.563430694118161490e+00,-1.934030030701362479e-01,1.889471687692544921e-01,1.194544959504179937e+00,6.792335510447590208e-01,-7.696533125569899880e-01,2.378685124261711969e+00,-1.726188080748398246e+00,5.022598064474006474e-01,-7.995502588608901506e-01,1.767217223997423092e+00,-3.402393413009013656e+00,2.365388111066194732e+00,9.797716609477968852e-01,2.520702129942355985e-01,1.189512501779980136e-01,2.376438311989970131e+00,2.723460076076397840e+00,-1.688610863447222554e+00,2.268036585592396737e+00,-9.703284035873538382e-01,4.757195095311170796e+00,2.189962910355149894e+00,1.535426464247060085e+00,-7.024984964958178590e-01,-1.109553975292575156e+00,-3.674392261644781943e+00,-2.216042997319886521e+00,3.043003771568986715e-01,1.192204907614793363e+00,1.768098876068665781e+00,-5.303239222042810397e-01,-1.353459594208295869e+00,-1.944650206031111050e-01,-4.069471580756847118e+00,-9.303247708673278993e-02,1.350192448563467096e+00,-3.224020884779498886e+00,-2.158542163804916481e+00,2.283332455586525089e+00,1.604170779276061998e+00,8.865888894864702996e-01,-5.825053396303151665e+00,-2.820713284521800812e+00,-3.183467108381486277e+00,-1.048606375610594554e+00,-4.014109254998744492e-01,-3.568951696847710853e+00,3.800745316173837374e+00,5.259750246373744442e-01,8.133450375251110032e-01,-6.441568033685141081e-02,-1.474669649524452009e+00,6.358919449601350138e-01,-5.313007914735370374e-01
1.482598080495862725e+00,-1.220742813294658280e+00,-6.373124235394667103e-02,-3.450033018909962390e+00,-1.990523275349489696e+00,-3.250589204294186185e+00,1.248572457069088149e+00,3.174250171343152793e+00,2.278890664169487490e+00,1.459407925670185735e+00,-3.282240802366822585e-01,1.201077404487774780e+00,3.265366804379001842e+00,2.425429775196938031e+00,-1.501994976710676610e-01,7.541348778934633401e-01,1.204525020724838136e-01,1.081448403140029768e+00,-3.206875499675820862e-02,4.607673568682919552e+00,-3.769406239921810453e+00,3.818139607633832533e+00,5.492412406181713669e-01,3.748993171696564652e-01,-4.451217624079935598e-01,6.794979525282645039e-01,3.631711941723937187e+00,1.955976128495702238e-01,1.978719398952383468e+00,-7.239992255001727051e-01,3.835752148649178572e+00,1.673421982716595036e+00,1.491061537459548614e+00,2.425081890453270717e+00,-8.441904461551028582e-01,-2.163127801340723799e+00,7.968862805313845499e-01,2.711557972670559646e+00,2.299418142698955725e-01,3.355925850109778175e+00,-3.457767048983067859e+00,-3.013938547535141232e+00,-1.976441490875055385e+00,-2.817446366752778264e+00,8.282537573911445961e-01,-1.122978331130302543e+00,-4.085885179499911146e+00,-9.152266192383962107e-01,2.446617604962246340e+00,2.783751673607865129e+00,-6.360148408949446441e-01,-3.447888386997437493e+00,-3.123062615594955016e+00,-4.874011157465940158e+00,-1.436696163359434397e+00,-4.110346398236613963e-01,-3.931715751303879181e-01,4.243304166729772398e+00,2.033489258779025199e+00,2.659775216069264925e+00,-1.099612678884976269e+00,-2.985622742766014248e-01,2.327389900868552797e+00,7.827093976434751355e-01
1.689043098904053908e+00,1.338875817332797258e+00,2.078851416129861907e+00,-4.051206984037236225e+00,-2.026978358291559701e+00,-3.345739991985803297e+00,1.871222654424093745e+00,1.180675203649512950e+00,3.600963628297026986e+00,2.192329957969032961e+00,-2.801838641293642240e+00,1.297249295431473382e+00,2.041017441163020862e+00,4.821242992108805692e-01,3.280195675728567184e-01,1.984714781002093753e+00,-1.521174288580461553e+00,3.774429233786121274e-01,-4.642357450533903807e-01,2.691738955399398669e+00,-2.883941612407309840e+00,1.884558985582076573e+00,7.409600154864088850e-01,-5.666975000472985746e-01,-6.024182306127489062e-01,1.023111880805085416e+00,4.420423918159482213e+00,2.025168808874149295e-01,1.418635191972642318e+00,6.525618584683958723e-01,3.505705765198100288e+00,1.188754873887449603e+00,2.172855577866648957e+00,2.399292834456363988e+00,-3.064027775546377619e+00,-1.450492849915907101e+00,6.220833018688203264e-01,-5.127940062849623004e-01,-1.047232842071256664e+00,1.802660559336724200e+00,-3.420457867752277892e+00,-2.559581468728205245e+00,-3.188723616233089864e+00,-3.505103576573045832e+00,7.673672654347767352e-01,2.643136901977354292e+00,-5.083173490561972763e+00,1.386327268688368530e+00,2.887903152002877949e+00,2.440675453406047524e+00,-1.904367504482431528e+00,-2.305701423454294741e+00,-2.640742501897316075e+00,-3.391218052699645824e+00,-9.158571624133384770e-01,-8.023494678919119716e-01,-2.964459576520992456e+00,2.854352178904992154e+00,1.589167327128278684e+00,3.796255092975314938e+00,-1.031517675808557133e+00,2.647682907509445460e-01,-3.210956149881603050e-01,1.623271949950936488e+00
2.059122369965075805e+00,2.007460558345723456e+00,1.438112650522440639e+00,-3.177611787169498658e+00,-1.424672462651797922e+00,-1.551658145977494518e+00,-4.978087707180124943e-01,2.355771160463997482e+00,2.009900991040186824e+00,1.078919569319602756e+00,2.020439379909150901e+00,2.427426502816650622e+00,2.413686574239041871e+00,5.448294782153388915e-01,-9.862497414452273681e-01,3.205091448483828875e-01,-1.807426689808764753e+00,1.023757295226796760e-01,-2.352685233824900024e+00,1.444687504955281199e+00,-3.376801673060076947e+00,1.497835170860817078e+00,-3.654496838050742546e-01,-5.726172806823124350e-01,-2.165704335171592110e-01,1.718101250841828076e+00,4.277205036503261226e+00,-1.578522794668839158e+00,2.653763680354177978e+00,-4.665579644667932069e-01,4.661175576612253124e+00,1.124151336802305723e+00,1.892177570209301329e+00,2.961503923446423547e-01,-2.338177376929640339e+00,-4.151875835123510328e+00,-8.433951419487701884e-01,1.729193593782555327e-01,1.018385615292483282e+00,3.243350450782193750e+00,-3.175295429582768669e+00,-1.454816028538823414e+00,-2.268197029811585441e+00,-2.385921941302624916e+00,1.267249660106401610e+00,4.253387816123906928e-01,-2.951793241523827493e+00,-1.747638987344878991e+00,5.385970695420925658e+00,1.530655906072771799e+00,1.719195213353053253e+00,-3.807070564238406618e+00,-2.849888313523168293e+00,-2.842001825453321473e+00,-1.193564960011177511e-01,7.667866072476003936e-01,-1.685003970601005818e+00,2.768848958876985122e+00,-1.397262039577175097e-01,2.972668274490033458e+00,-1.502274876546656479e+00,4.817963003365087760e-01,2.381683187858385953e+00,4.646276273433697090e-01
3.212196197997582381e+00,8.254526005408909795e-01,2.805582678933382645e+00,-4.388045854936774681e+00,-5.755176724300705704e-01,-3.181529189379376898e+00,-1.015278490483231044e+00,3.837492552238651378e+00,3.229033841045191533e+00,2.049581520450205918e+00,-1.873377877294780003e+00,-7.087428472044818850e-01,3.569080060048426262e-01,7.705898782419451365e-01,3.623064286936580336e-01,1.683330274076799915e+00,-1.024732571439479933e+00,6.021548536013657804e-01,-2.435062005226993342e-01,1.529891024537588295e+00,-2.516133126827406752e+00,3.214631084201638789e+00,1.029799017661304550e+00,-2.033903711574272244e-01,-2.777035918790866642e-01,1.173165120119728844e+00,2.194666029831808807e+00,-1.159680820663623990e+00,3.690917502180854903e-01,-2.753070033105509573e+00,3.953691867840458674e+00,2.211127672190654980e+00,1.864828409328273207e+00,6.656441790370211109e-01,-1.065855454994945717e+00,-2.132920700421857330e+00,5.394552763927804584e-01,1.207764116597404569e-01,2.715251870439902016e-01,1.811802973219216462e+00,-1.865895423552191401e+00,-1.982965249344698311e+00,-2.922181105046677718e+00,-1.960225947522105994e+00,-1.851972345992629609e-01,1.089406882264704945e+00,-4.052297746525377775e+00,-2.702136632503759461e+00,3.527723640063483934e+00,5.618425009748991839e-01,7.968294684094850977e-01,-2.403432134907645956e+00,-3.534337338111614990e-01,-3.740709472756318821e+00,-2.565562235872314023e+00,-6.458735329141074288e-01,-2.166858937974919463e+00,1.552996870956939057e+00,-3.681270084325050096e-01,1.896328962045912947e+00,-1.378468989695973868e+00,1.089324125262887133e+00,1.480926776361167763e+00,1.865696514018700958e+00
-3.584204856765538239e-02,-1.367710435568388672e+00,2.657402919307900291e+00,-3.105025219235490130e+00,-2.883956637855724203e+00,-8.107537862937408413e-01,-6.496865125395974161e-01,3.023485044703422719e+00,2.916367609538707661e+00,2.144632157618718615e+00,1.939974210334051152e-01,1.959737796818086242e+00,-4.058099988742833730e-01,7.132450094703224330e-02,2.557335784936232703e-01,1.836984942990469660e+00,-2.057601507552266895e+00,-5.507618865553648435e-01,-8.832542746482671125e-01,1.898524034069190902e+00,-3.611610311781006555e+00,3.683692194405935538e+00,1.985920103450566465e+00,3.977398207556956944e-01,-2.064408527257908688e+00,1.609809371712182635e+00,3.843078140732108405e+00,-6.408571629856198992e-01,2.580049558602087068e+00,-2.198806801972628566e+00,1.778292741431117596e+00,2.468269823894374326e+00,1.519373886496196091e+00,1.590457967020491470e+00,-1.926124270708510444e+00,-2.145451487528109435e+00,-2.605335531838191554e-01,-1.561203580942980285e-01,-1.382089554306702439e-01,3.246647042916504411e+00,-1.304898971006092312e+00,-6.658647492647551402e-02,-2.799962180266972744e+00,-9.397551565082937763e-01,1.317648081886181100e+00,6.522639283530540233e-02,-5.113709428708069105e+00,-2.666623984280850124e+00,3.223135845325391102e+00,2.056892884306739333e+00,4.718284005129422809e-01,-2.641459529165918418e+00,-3.103905981162219607e+00,-2.994040597516769431e+00,-4.370304513307555760e-01,8.222460717343964554e-01,-4.168726349333143233e+00,1.699720882828219315e+00,-4.597469103904905374e-03,4.072423686286203548e+00,-7.731629598508559242e-01,-6.403276373794679621e-01,-6.156808412905840910e-01,2.286438264876418991e+00
2.151189393220052093e+00,3.587744175943158309e-01,1.149360104546488515e+00,-2.265981663477787844e+00,-4.141442671006169141e-01,-3.475946644373683281e+00,-1.537380147726149782e-01,4.014291239147803836e+00,1.161959478334146034e+00,2.908160831938310320e+00,-2.801696303255916121e-01,2.391298345947383552e+00,3.049927339979558560e+00,2.445563510475741609e+00,4.236561378969103120e-01,2.611959484900288953e+00,-1.793583252903434344e+00,-1.016176876267045559e+00,-1.099393622477257804e+00,2.830770161111885841e+00,-3.696370198239618876e+00,2.120011190687877800e+00,1.268172086108458441e+00,-1.316302398527361195e+00,4.236884375277183423e-01,1.345482837479458516e+00,2.627737254453407889e+00,2.447590760234388263e-01,1.595868076119659085e+00,-2.218742170806740965e+00,2.527741418805178331e+00,1.109129408530087790e+00,2.008281514304910864e+00,3.356462068942001942e+00,-2.085300472921232107e-01,-2.862022594019396848e+00,-9.326852730132766389e-01,1.420152458775683968e+00,-1.902115558369465997e-01,2.191616765336963368e+00,-3.016326787293615030e+00,-1.303684631817486617e+00,-5.981501237735467047e-01,-1.148780873799825519e+00,2.488277248436510547e+00,1.092033043549457183e+00,-3.529904375026232888e+00,-1.698986411216091508e+00,3.293000828140708602e+00,2.905530225122194832e-01,8.077506779487021726e-02,-1.325455790151410795e+00,-3.352085445695201393e+00,-2.834701124665982785e+00,-1.192318265271652633e+00,-6.095604391288783619e-01,-3.579989089859491713e+00,3.904992159179679678e+00,-2.148393037585127896e-02,4.340333794528465461e+00,-2.143955240494089587e+00,5.630858334930399778e-02,-2.862930131147025659e-01,-5.085048971196757250e-01
9.058859012503596153e-01,7.678187114314581896e-01,1.987981802075917237e+00,-3.518861074442755310e+00,-5.913247931861147499e-01,-3.035682268207769319e+00,-3.997453822707229265e-01,1.469133537039406523e+00,2.971739192518940254e+00,3.077452266910195355e+00,-4.068039803885579730e-01,-8.517139202419370392e-01,1.862426761726960756e-01,-2.547841261021430714e-01,-2.133708866208260946e-01,3.133554305551724983e+00,-4.005085007731139513e+00,2.478798463589810375e+00,-1.456276073517587033e+00,3.863048505715712899e+00,-2.322163446505090878e+00,4.797038622073348968e+00,6.325765159243513791e-01,6.103743741894209762e-01,-1.489590577104116242e+00,2.365522082810787019e-01,2.911702729782760457e+00,-1.100518441058440988e+00,1.431350151002066529e+00,-2.118625206658996341e+00,2.572700051552912370e+00,2.275592339983374846e+00,1.340023790866144093e+00,-1.272547611975328063e+00,-1.528335264536289984e+00,-2.980971376566209585e+00,2.531777272064626993e-01,1.575889645293928609e+00,-6.702011256037960774e-01,1.725587753347907816e+00,-2.735586079605661691e+00,-1.836106679006312969e-01,-2.778925974475906724e+00,-3.550854962299087703e+00,-1.364490609185862180e-01,-1.896681378353278769e-01,-8.940037522877433140e-01,-1.853887384135985528e+00,4.537651322008431798e+00,6.442583727172479513e-02,-7.818741853068208458e-01,-1.664649459144043941e+00,-3.136683773620577043e+00,-1.884421835468310213e+00,-7.275818669453468779e-01,-2.210508186874578840e+00,-4.002511552365489500e+00,3.578344468244707421e+00,1.550470383028512700e+00,2.808085377017587536e+00,-2.229867736448742921e-02,2.658713221841363605e+00,9.033660804540635247e-01,-7.855200503826109681e-01
6.847237235291570023e-02,1.250269102462805870e+00,2.216309592323308042e+00,-3.667991505868269275e+00,-4.062243269729422512e-01,-2.350473081927663799e+00,8.280686412818982767e-01,1.315034403466739388e-01,3.136066871076851115e+00,3.990192610518889182e+00,-3.794188568184558852e-01,1.964229613513870598e+00,3.807287337830780771e+00,9.526805921795584720e-01,9.533252613507281481e-01,3.798905533399856704e-01,-2.026573201917138967e+00,1.170522209897505661e+00,-1.220017146320485191e+00,1.353770089557223777e+00,-3.669741827774472220e+00,3.869570569044349373e+00,8.218845488113151188e-01,6.783977737270671104e-01,-2.116618008419147046e+00,1.696331558201042755e+00,3.040715677945663664e+00,3.170158931734174956e-01,1.105334686902869734e+00,-2.718593614050023533e+00,3.209661733651625326e+00,1.971785256541449316e+00,1.276515829573068306e+00,-1.788205200619874091e+00,-1.927597810422564617e+00,-1.433894997060804366e+00,-2.087549948945886413e+00,1.091291865570904962e+00,-1.455183690718401257e-01,3.160537764293743557e+00,-2.562599223743200483e+00,-1.297599950072997999e+00,-1.396425545961598402e+00,-3.748394567043055403e+00,-1.599230178996103646e+00,1.468861837453452890e-01,-3.184833633786642082e+00,-2.641012027097801251e+00,3.959116281106346058e+00,-1.663752553790374122e-01,9.504436357148269288e-01,-2.601570123226023323e+00,-1.571977194511170683e+00,-3.729745799361247727e+00,9.751568479290684266e-02,5.016874496543155537e-02,-2.727877166972346501e+00,3.216313056119121772e+00,6.089597612114919789e-01,3.518733273665489492e+00,-8.503413356131102052e-01,-1.038362248212644778e-01,-7.036947108435442910e-01,2.703531275013833390e+00
3.106814928757991812e+00,1.184669434524511455e+00,2.757346937107202578e+00,-2.179333694506844221e+00,-1.976383793012840284e+00,-2.923290866475801053e+00,-8.916581618322144687e-02,3.042911720116554974e+00,1.824881337100572765e+00,3.729951385291188082e+00,8.884371270175901447e-01,-1.034629580941232918e+00,-1.685634059223417580e-02,5.369059781156870770e-01,2.814588027481704224e-01,1.721453094853093946e+00,-3.374291394937017241e+00,-1.547801652331301403e+00,-3.137735233448772920e-01,1.891889503367702119e+00,-3.702955006073839872e+00,2.445157685400673575e+00,2.265368617087548664e+00,7.142607442698081233e-01,-5.002481955046969020e-01,1.736130733373677959e+00,3.314327865622384905e+00,-9.615201915450996006e-01,2.158267103793669150e+00,-1.544669696817337012e+00,4.277061578379933948e+00,2.406850242004736629e+00,1.297725863708404148e+00,1.250506885096849263e-01,-2.742981471953698236e+00,-6.545408187842158831e-01,-7.680720006361669849e-01,1.782642195586708445e+00,-1.934237990922459849e+00,2.196116707854165906e+00,-7.535110293520498326e-01,-2.002120809204319229e+00,-1.250817415119248821e+00,-2.841150066752334169e+00,6.161297893289764405e-01,7.672817479338311930e-01,-4.444839957415148923e+00,-4.414688367548162518e+00,3.983182360786708287e+00,2.469895158294302284e+00,-4.605487869240217358e-01,-4.869965974273726683e-01,-1.538322585103340856e+00,-3.135966591214300436e+00,-2.255316800940360800e+00,-3.416018268124630941e-01,-3.701323530309017062e+00,2.189445362955053653e+00,4.988790191928957340e-01,4.741858354955287069e+00,-5.624642560074439857e-01,-1.843432658027444271e+00,2.093421627370116944e+00,-1.403679805578717632e+00
-3.877232029502546418e-01,1.243496582619626922e+00,9.172222070338937883e-01,-3.736227665740983639e+00,-1.313086948296394052e+00,-3.194916796597167874e+00,-7.050334433845081294e-01,1.270787490916112095e+00,1.527409740607198252e+00,2.970668096098680433e+00,-1.173152685052590627e+00,8.972180270384201295e-01,6.559728900964878484e-01,1.037569955565803559e-01,-5.080637013283235692e-01,6.666574576098405203e-01,-3.143226554832108111e+00,4.852620134218314507e-01,-7.199216963037204930e-01,2.632372261532656132e+00,-3.048447553727790194e+00,4.269661171386864851e+00,1.739466607118370423e+00,3.792967075716666692e-01,-3.066623771791774922e-01,1.027145040865952819e+00,2.317323076456580200e+00,-1.796221810758336090e+00,1.502420336149166147e+00,-9.681278526945450436e-01,4.385132397364900569e+00,2.463260355249752287e+00,3.168014275690084869e+00,2.044659748462039239e+00,-2.039020511724376039e+00,-2.110753980514168848e+00,-1.493614285000901987e+00,7.805384772940481275e-01,8.862540653027690674e-01,2.137523492792599011e+00,-1.045986885873265715e+00,-2.252869872349859914e+00,-1.499004863085147132e+00,-1.364395974172195158e+00,9.625871452601308942e-01,6.212337622963282069e-01,-2.800918720605519940e+00,-3.385923841612405560e+00,1.584628979689312489e+00,2.495851071710551317e+00,1.238773353097790464e+00,-7.238173927107351968e-01,-2.627682413691837304e+00,-2.473109680870242411e+00,-1.863108844228637206e+00,3.854685805750834859e-02,-2.663472244529659694e+00,1.318115998224527630e+00,2.372796327231381674e+00,3.693606211791117033e+00,2.730128935411604729e+00,-1.902226124151328968e+00,1.488698174568104937e+00,-3.651545573133057054e-01
3.084844982869872076e+00,6.375267095546033325e-02,2.594787735029373543e+00,-3.513340888468045264e+00,4.676973409140645632e-01,-1.314496222539735637e+00,-1.412119859398343502e+00,1.349962173215624395e+00,3.054237029827241656e+00,4.162538373919077550e+00,-7.338872299607178684e-01,1.098299448074349538e+00,3.330292909170772475e+00,1.373955230046224996e+00,1.429171392946624541e+00,-1.493921039197654288e-01,-2.577695645814478187e+00,-9.421857541786421431e-02,-1.121786867921759967e+00,3.259039803646155420e+00,-2.170575203146764665e+00,3.361322708592896280e+00,8.122029688981777795e-01,7.372171432027766480e-01,-1.536153713319744929e+00,9.751482480044434409e-01,4.520853259021741621e+00,-1.082396097099201038e+00,1.479558802883008894e+00,-2.192030766113548523e+00,2.717167248118037115e+00,2.148702091878918807e+00,3.927933244164194093e+00,-8.889484509231722065e-01,-2.632176092159867142e+00,-4.526276257861210794e+00,-1.029885957351306836e+00,-6.797054263551938202e-01,4.696580437011865783e-01,2.787278153144136628e+00,-2.454036941180591125e+00,-1.172415769232185934e+00,-2.089597935017723618e+00,-2.827301465716391959e+00,1.244825174008069357e+00,8.701687860675564323e-01,-3.873703923119847570e+00,-2.377954807626708522e+00,3.061474742239811420e+00,2.615239270263326699e+00,-1.393777981852953207e+00,-2.853410113440664198e+00,-4.385642097017899310e+00,-3.871220263896117952e+00,-1.783519593362849598e+00,-3.032357277502327531e+00,-3.425783539524256849e+00,3.442187763248675925e+00,7.522922050005631522e-01,2.571552794422650834e+00,4.552818248404537638e-01,2.018151892381599977e-01,1.038477849516914908e+00,-1.387469193796715405e+00
2.483856213701497229e+00,-8.308092415828891575e-01,1.973665321068629463e+00,-3.777820990941049839e+00,-1.105208270412085358e+00,-2.602320149918508463e+00,4.928371021789996753e-01,1.991284989237910530e+00,2.177488477402663936e+00,2.058359003471000648e+00,3.093271350181021617e-01,1.542993932461013351e+00,1.999093995511062927e+00,-4.892814002983971733e-01,-1.250630144595411553e+00,-1.266547216612051052e+00,-2.243549471161085940e+00,1.065409221638953241e-01,-9.391520615767737779e-01,8.490455606710511915e-01,-3.344395921864580234e+00,3.162748596332748630e+00,1.923089307283280203e+00,1.463262075801662121e+00,-1.822787828094313278e-01,2.585583012518261059e-01,2.453075142092782546e+00,-1.194264882484184831e+00,2.106084720037920022e+00,-7.914925320235610684e-01,3.171639938811470216e+00,1.669610315680162715e+00,1.026947113559754987e+00,1.194866187807787083e+00,-8.458101375993822835e-01,-1.538754043291414630e+00,-6.460227651124541559e-01,-7.815594502191589577e-01,-1.312704108742353881e+00,2.061107759058749433e+00,-1.186566399005264394e+00,-2.093627437832230598e+00,-2.059897087493318679e+00,-3.840488882106576796e+00,1.516642742693838697e+00,-2.797597317532429795e-02,-4.140627878000399775e+00,-3.490005660125854003e+00,2.806610069300044863e+00,-2.522769695893998243e-01,1.024559580231728440e+00,-2.717914900845298742e+00,-2.503059926227131804e+00,-2.165454117765865050e+00,-1.632117515304882804e-01,-1.772495055936553765e-01,-1.510100941723810264e+00,3.318762362336770799e+00,1.007364268557293663e+00,5.641941697035917969e+00,-2.639672402688616470e-01,-1.468408717908404437e+00,1.383644910242381121e+00,2.102055581616687263e+00
2.667698894469492821e+00,1.545777270609899112e+00,2.609647494961485847e+00,-4.520363331383083327e+00,-6.159193936274113268e-01,-2.843044997446067423e+00,-7.081884415210140116e-01,6.042194270539238410e-01,8.902098077012337018e-01,2.504250611875524335e+00,-1.952960223163572095e+00,2.899835355823859873e-01,1.445875325045191673e+00,1.217257376834151916e+00,-1.363828041148583026e+00,1.228034495565753614e+00,-2.939085089402827311e+00,4.904882524351298484e-02,-1.302298095947095558e+00,3.076095559139166991e+00,-2.319830536937049548e+00,2.192474014552937778e+00,1.436077383158141929e-01,6.506504797006147367e-01,-1.417942758563877526e+00,1.164077912505850687e+00,2.648781779420060545e+00,-1.750298236453817324e+00,4.070531697675284555e+00,-9.728757559353835571e-01,2.225250331154168926e+00,1.530683348286872691e+00,1.302259870721671486e+00,2.074669971329560880e+00,-2.523395306409022432e+00,-2.308748644978696696e+00,4.382909002362724848e-01,-1.443839698682935158e+00,-4.142959243870498742e-01,3.066290669721285944e+00,7.559453719678144168e-03,-4.516658949714000393e+00,-2.009574774466288183e+00,-2.244788823565100344e+00,1.376511704028104965e-02,3.810487241764691779e-01,-3.924519425467479561e+00,-2.419963198194904574e+00,3.382803748010157818e+00,2.024884602721629623e+00,1.442197046919154069e+00,-1.857027258325585795e+00,-1.985852344093599342e+00,-1.336774187542855374e+00,-9.444027490192865582e-01,-5.194526340082039617e-01,-4.412570481937124534e+00,2.736536442121006552e+00,1.880844012930255049e+00,2.931592505718040531e+00,-2.041112243240914559e+00,-1.448398425790492938e+00,1.077597532037797512e+00,2.159440961842790108e-01
2.092501714454373385e+00,2.518974207369915064e+00,1.593356860418012388e+00,-5.557392686403256121e+00,-7.584867576706201264e-01,-3.354003866694565961e+00,-1.315290413923288604e+00,3.904614831114885387e-01,3.476990598403785437e+00,3.627062847440192250e+00,-6.792604624987413908e-02,6.484614743700445327e-01,3.209634359455666441e+00,6.090128308952175162e-01,-1.219665359995403930e+00,1.213579875384088957e+00,-2.059482911395562166e+00,1.619230817716988513e+00,-1.910207370696981322e-02,3.216941719141265033e+00,-3.009419504573715987e+00,4.090509161593352871e+00,-1.393137086184996765e-01,-6.607011523771122441e-01,7.367956494762541997e-01,3.064316713882989651e-01,4.624738012226824679e+00,-1.657383027214281324e+00,1.369644627949859750e+00,-2.451452158076202537e+00,5.102094887004672508e+00,3.442604321436478099e+00,1.338760629795299639e+00,5.945604006550622156e-01,-1.684218970282891803e+00,-1.688997627184225081e+00,-1.427937148703692372e-02,-1.925849877704605140e-01,-1.415258340359821343e+00,2.278631318174334730e+00,-1.717001039996857825e+00,-2.263604512162107785e+00,-6.613025654340169979e-01,-1.552326143363603972e+00,-1.340789526064143367e+00,3.726234579333251862e-01,-3.328917481281505442e+00,-8.887879789660622087e-01,2.811559641106135654e+00,1.714718532731786205e+00,-5.048906813455948939e-01,-2.596389422952767756e+00,-3.135582137508408085e+00,-3.819211467443024421e+00,-6.742721530676387687e-02,-1.769437465922075070e+00,-2.832968048641207215e+00,3.500337098481606013e+00,-2.427647451605661200e-01,1.553095843960779154e+00,-8.616049088104227316e-01,-4.336071554232175940e-01,2.684391613371056806e+00,1.419044955807521768e+00
3.150432444510531838e+00,1.925355584377287377e-01,2.677812613820642174e+00,-5.701459192656686881e+00,-1.684694232258094004e+00,-3.874793100234958043e+00,2.257296252515478940e+00,2.193062576050424983e+00,2.670895609490494316e+00,3.582907237095381170e+00,-3.629666198133859600e-01,7.169099120695882066e-01,1.353617989488098416e-02,2.028235019580346687e+00,1.767736780781946071e-01,2.117939999231062576e+00,-1.234020975333449899e+00,-3.474391879561840035e-01,-2.224592057709747106e+00,1.486320505450064333e+00,-1.973160570190646723e+00,9.366611748342499322e-01,1.725723312606520343e+00,1.327807191527992980e+00,-5.488639005296491735e-01,2.128462672763360430e+00,3.135686690703703317e+00,-2.480443196986821697e+00,3.637415389585752834e+00,5.345435551022270637e-01,3.831687119435237321e+00,2.097388371048221956e+00,2.215637456769308677e+00,9.111254601984544177e-01,-1.407950401198190260e-01,-2.307651151385731847e+00,-4.687195367030702609e-02,-4.676987107137808852e-01,1.683530202074516424e+00,3.044952522255171434e+00,-2.694787915415132851e+00,-1.745954930126310423e+00,-1.791417330188038948e+00,-1.499165558585574098e+00,9.583959566880040359e-01,3.674321326956030420e-01,-4.895334538266818747e+00,-2.880373827925805763e+00,3.427317253810433506e+00,7.005556098209663185e-01,-4.153711351204550373e-01,-3.033572642911486650e+00,-3.736637706460341324e+00,-4.146550704942217891e-01,-3.270703932164839012e-01,-2.044689816508983071e+00,-3.516672549955359273e+00,3.720249855687155716e+00,-5.367913992200525897e-01,3.401112933754584233e+00,2.633256232050351642e-02,-3.933131319721574481e-01,7.638875022555271510e-01,3.793173669123042213e-01
5.918460485856087416e-01,-1.693510626183132306e-01,2.229870573337436657e+00,-3.041169357893369174e+00,-5.036843991786736918e-01,-1.765082531516664055e+00,-5.442859713194313498e-01,1.286447638552270956e+00,2.775466582327470011e+00,1.126868269192932814e+00,-1.400836414364904914e-01,2.173384557379511861e+00,1.791826802258167151e+00,-5.603487125850077355e-01,-2.370798498585086067e-02,-2.708157286499393024e-01,-9.869985784743031676e-01,-1.820116396878534992e-01,-2.273331961504076126e+00,2.581374299390759131e+00,-1.586186483693538429e+00,3.379013699392357850e+00,1.985567070997862338e-01,-1.526822398520998103e+00,-7.610003595197589732e-01,6.869101375784122387e-01,2.053396547320193832e+00,-2.499489188867070055e+00,1.142732230710610253e+00,-1.453599576595985488e+00,3.016067149979186457e+00,1.294048401141565829e+00,2.046986373536116677e+00,-3.769210656620596289e-01,-1.508020570738611177e+00,-1.218680203675672757e+00,-5.962228861026035442e-01,-2.539084378408112741e+00,8.851475645486337473e-01,1.986569632503948579e+00,-8.306780524616154127e-01,-1.529215471888359712e+00,-2.247682914150732625e+00,-1.982105781000259803e+00,1.219291874852181490e+00,1.418120547126135333e+00,-2.882387793309295621e+00,-2.467255559571009726e+00,5.621036588340203366e+00,-6.744022598352272801e-01,-3.578131469915113994e-01,-3.421042343067931313e+00,-2.728455914083972367e+00,-2.206827380939596406e+00,-1.421867916514317098e+00,-1.322001904142068751e+00,-3.802831574308142670e+00,3.376232393288225442e+00,2.187970201500920808e+00,1.187767368667021595e+00,-2.126444050590388990e+00,7.257368849998813154e-01,-5.130106572758199590e-01,-6.292549124917812264e-02
1.897663927834338127e+00,2.614254588696883097e+00,4.099319659381197578e-01,-1.991688693849881009e+00,9.984367778524507742e-01,-2.790397812496080210e+00,3.911671134344458234e-01,4.828888085044331646e+00,3.348576068196537747e+00,2.700735517234746919e+00,1.772597493457884088e+00,-7.248892945175251512e-01,2.470659172275244231e+00,-5.367697536953155435e-01,2.260262184508696481e-01,1.855035647285060207e+00,-4.029844561116249224e+00,6.325947229389439208e-01,8.143780815862611266e-01,2.221432501134128490e+00,-3.282411692852816198e+00,3.197603894012756243e+00,4.250577373430799999e-01,8.815037460365882094e-01,-1.071545830263350929e+00,3.525596912931628246e+00,3.429827819240085951e+00,-1.906423398402018909e+00,7.388888211700284092e-01,-2.447481999520989326e+00,2.225165841663376387e+00,2.196111951468314949e+00,-5.720714827398227786e-01,-2.737273697684055040e-01,-3.855286232128737112e+00,-1.883444064251072581e+00,-4.068149999469594658e-01,-6.756153027010858292e-01,-3.405420782295143223e-02,1.261242237265693067e+00,-1.156084252111647448e+00,3.866508395625856132e-02,-2.596400069070835315e+00,-3.287070537931853220e+00,3.073297201363263120e-01,3.501030941727945045e-02,-3.949219876243025951e+00,-2.709887061628923455e+00,3.007923592062633489e+00,1.014512109159118936e+00,1.505048061496077283e+00,-2.870578721131495481e+00,-3.402460857550961393e+00,-2.278996613103759117e+00,-1.286637638660009353e+00,-3.746431750519648496e+00,-3.906340299191102261e+00,3.424697057542487766e+00,1.648903472694467576e+00,3.674484180534340894e+00,7.577533973277086332e-01,5.477551115495519207e-01,1.280655137010503930e+00,2.015729356908407599e+00
1.181761791479442714e+00,1.384607067726522311e+00,6.200552925787188308e-01,-2.797353597487819421e+00,-6.707974644068834813e-01,-3.256841101077192491e+00,5.044021841371945092e-01,2.953832777367448870e+00,1.079576549630928861e+00,2.320759112735131691e+00,-4.420362310183978960e-01,2.362978832775492144e+00,1.786429289236960427e+00,1.447767412124028263e+00,1.156636478367059517e+00,1.500399930126368853e+00,-1.348348304430024402e+00,-1.330099704801382954e+00,-7.738200971029396413e-01,2.125387319944034736e+00,-1.002679733762958048e+00,3.462373451774624300e+00,2.015767241245875585e+00,1.063918002796089002e-01,2.217379024764876139e+00,-3.588946875282221782e-01,3.401847311953934305e+00,-5.893421107450389496e-01,1.940791658124833008e+00,-1.784511545741598315e+00,2.888062478804206190e+00,9.989381878240859436e-01,3.512518876777591448e+00,1.676428951779568965e+00,-3.470894039258081598e+00,-1.576243356358451919e+00,-3.925783880433307838e-01,-9.451132141161204814e-01,-2.845802542610700314e+00,3.040525848779757290e+00,-1.323255847508826299e+00,-2.771912443243448099e+00,-1.108587282572179866e+00,4.117887697065438779e-01,2.814897979561909125e+00,9.536204326008143051e-01,-3.029394913627843522e+00,-2.043327741970192513e+00,2.704048601364645865e+00,-2.102555663703209454e-02,-1.222136127488484769e+00,-5.231207902569157131e-01,-4.290149574596577864e+00,-2.814836458295274291e+00,-2.148312686330971388e+00,1.137019182456961985e-01,-4.682354115385992444e+00,4.420050124299703675e+00,6.116000025084441516e-01,1.971315685601276568e+00,4.213834848240380904e-01,3.922053444964312963e-01,-5.681375716188139524e-01,-8.221035397201637007e-02
1.948903872967774120e+00,1.464213183134842833e+00,1.976806063695331961e+00,-2.658615716466133705e+00,-1.094021394261126767e+00,-2.229446115463898703e+00,3.957426000222603046e-01,2.248962101784489409e+00,2.597223021468051396e+00,3.120581387293483999e+00,-4.758421062849689798e-01,1.259480975956967619e+00,6.785433138928620433e-01,2.180583822368641123e+00,-5.150365445519764496e-01,8.003613661789449329e-01,-2.576090689295265523e+00,-2.748604793489767273e-02,-9.509805756163897117e-01,3.355182640878951794e+00,-2.529938992446873147e+00,2.561361161571430234e+00,8.004865699011701752e-01,1.910930229420363946e-01,2.046407122351006080e+00,2.430924062524764118e+00,2.722401492996968209e+00,-2.769883665551170493e-01,1.833002972841708766e+00,-2.062132137591712322e+00,3.983038714896180110e+00,8.179071926129672931e-01,1.402839798251042769e+00,2.398540353757061538e+00,-9.171366482464161640e-01,-2.641578814846307299e+00,6.628275762292401563e-01,-2.500408229623493073e-01,-3.787279646552981216e-01,3.746644549133712587e+00,-4.037473512907972406e+00,-1.736024910036554125e+00,-2.669654089588110679e+00,-2.959626150713509318e+00,-3.168875211841120088e-01,8.121733165451272551e-01,-3.487017017573142308e+00,-2.869504279386213774e+00,2.246065021645238691e+00,1.844961865972346793e+00,3.952272974183022591e-01,-1.994240787019880390e+00,-3.778015845413574603e+00,-1.650095831270483426e+00,-1.726804838920283913e+00,-2.750578679341397770e-01,-3.690045525065913434e+00,3.057735200426970223e+00,5.464617286221555847e-01,1.636500134486037483e+00,-2.059094965558801782e+00,-3.461879547988817585e-01,-1.393241465553527902e+00,2.506868737927084645e+00
3.951267252962102905e-01,-1.120309361027943762e+00,1.453864053706317216e+00,-3.480361441459626448e+00,-1.388706647688513485e+00,-1.749397242308824652e+00,3.657332417694205695e-01,2.214732189609310176e+00,2.464845953610693918e+00,2.715030930829818168e+00,-2.222894450511853748e+00,1.133624405426544746e+00,2.722457727858789589e+00,2.866846802289000351e-01,-2.786783996252023554e-01,-2.065946005555696630e-02,-3.057431344985092281e+00,-1.860679900150566946e+00,-5.035142008443848072e-01,8.857781107874524995e-01,-3.706828215242567115e+00,3.682158865443968310e+00,8.377473104463248887e-01,-8.692004188666194731e-01,-2.002589198967040796e-01,1.782241006600767452e+00,3.597676473405933439e+00,-1.043559464992103392e+00,1.818477809696360747e+00,-1.321214010926184068e+00,4.757358151225496101e+00,3.310869784124893300e+00,8.363013527376006451e-02,8.480174430099451932e-01,-1.922078982904666056e+00,-1.101291943971683951e+00,1.077250442420772281e+00,1.696735707529096748e+00,-3.683295668595351069e-01,1.278696399354096291e+00,-2.510442396749703597e+00,-1.404937605303038017e+00,-1.364053390941808663e+00,-3.117699163213786928e+00,5.864089517634636373e-01,4.517652119522632681e-01,-1.620589430492412220e+00,-2.660668533591843854e+00,2.431712962928576971e+00,2.589710602676791318e+00,-3.861027100142363500e-01,-1.084873411847597779e+00,-2.463347516900702416e+00,-1.556956026793071768e+00,-2.027489841844491547e+00,-2.565273371985250517e-01,-2.583567357612490678e+00,4.137442673289182693e+00,1.547342368475177032e+00,3.760619286282894880e+00,1.450978358949821079e+00,-1.006496863420391907e+00,1.439271778418383274e+00,1.906056344967548943e+00
-4.144956531342018913e-01,-2.314569495572840196e-01,1.197958574158238587e+00,-2.385147181022532870e+00,7.555535230998720042e-01,-4.093780065728536144e+00,1.310659229292086891e+00,2.813534235323762900e+00,2.584490305392669107e+00,2.377198878192152254e+00,-9.687539017253259388e-01,3.630030332913121716e-01,-2.435142470461819642e-01,2.436982481640108222e+00,1.700597305026296802e+00,2.711341042927288836e+00,-2.845217797692107364e+00,-2.695077723955978388e-02,4.606869207960109236e-01,3.596733862472158982e+00,-2.576576337211074819e+00,3.310960964913181037e+00,1.415686734014833359e+00,-5.468269218897053863e-01,-3.782506949808957519e-01,2.905452874253465545e+00,4.202737630288144288e+00,-3.501570265142425420e+00,3.076393334531373647e+00,-3.237602026898102281e+00,3.043272886551328771e+00,1.048878193179056728e+00,2.075102367264866299e+00,2.327874760158761269e+00,-3.981826840598177597e+00,-2.346125483166481729e+00,-6.592069018450424922e-01,1.914848252035281195e+00,3.137073383320149178e-01,1.809273247531487883e+00,-1.598489391393609571e+00,-2.005576857643439403e+00,-1.860823671200593887e+00,-2.484138776040532015e+00,3.773486450116245727e-01,1.530299689145675046e+00,-1.391310789694288896e+00,-3.843158212319210953e+00,1.858211901252643905e+00,1.476823268902267561e+00,1.472466253509982614e+00,-3.009154934480925192e+00,-3.465277252746353120e+00,-3.191518797222214765e+00,-1.111094629174346649e+00,-1.510069763070053472e+00,-2.885757441509966714e+00,2.951745803389805634e+00,1.267989896263892469e+00,2.078821749686252662e+00,1.586128433445119779e-01,6.434252441604021433e-02,8.168790652356064941e-01,1.406843843663635463e+00
3.863422056891425704e+00,4.195535310938870444e-01,2.789467191180393435e+00,-2.669964025574415256e+00,-9.200672121698477701e-01,-5.485108598669225621e+00,-9.453300809625758694e-01,7.463832937029415415e-01,3.430845703453363260e+00,3.157003312573249953e+00,6.514775666825063372e-01,9.891956516615483253e-01,2.980003278163922964e+00,1.265512911822806119e+00,1.602408805200882802e-01,1.855902357457936080e+00,-2.935739921876154401e+00,8.161547892527093451e-01,2.178087755409618964e-03,2.374981012493733612e+00,-1.990167616313603505e+00,2.630925849761050372e+00,1.335537880363755203e+00,2.311250776286667974e-01,-1.233040066945600977e+00,-2.428171245187964455e-01,4.311292602611024094e+00,-3.022522930770960237e+00,1.512578319241660640e+00,-1.614097236769840293e+00,2.972389245135793168e+00,2.666715785489444546e+00,1.595892553316429208e+00,2.960944560631190381e+00,-6.965243171694970314e-01,-2.350964454706729434e+00,1.466073387628855862e+00,1.112868615419812635e+00,-1.730824380589269795e-01,2.473141518759658819e+00,-7.778108397220122594e-01,-1.610617055171058354e+00,-6.912332111468031393e-01,-3.465570849923770513e+00,7.279817941636466117e-01,5.651345232252332762e-01,-2.641517214828010829e+00,-5.644568721155680535e-01,2.524571312373780074e+00,3.154386789001072611e+00,-8.487429394527531423e-01,-2.597262723693222863e+00,-3.979092158350400865e+00,-3.358782502533516734e+00,-1.170233368045966227e+00,-1.222928109229098004e+00,-3.214997237821833220e+00,3.350470945587638028e-01,3.786124794157034734e-01,3.185766523087177671e+00,7.147621714327831999e-01,1.457090662308608398e+00,-1.762584210102440263e-01,2.755339421868509553e-01
9.911755008738587502e-01,1.448336169718702493e+00,1.233501218868581883e+00,-3.597230345403956253e+00,-1.996242338841533792e+00,-4.689434856448951194e+00,8.834088134530998504e-01,2.006897095796005281e+00,1.966011804707138655e+00,5.304783627332817275e+00,-9.324165209520414166e-01,4.781555761143243544e-01,3.146902273413873630e+00,4.670669419392774468e-01,-1.936159224513470944e-01,-3.187069637662358623e-01,-1.975052496505165012e+00,-3.754726512507431391e-01,-1.543503506365532685e+00,2.367442134885175520e+00,-2.887171550016011334e+00,2.541433550396059893e+00,7.309365545085166893e-01,-2.275599804303007345e-01,2.730849925725886695e-01,9.710035583375935531e-01,3.340341383664214181e+00,-2.994265824823018285e+00,2.444646143160103868e+00,-5.401795301197354071e-01,3.711964888845446620e+00,3.527530014542842096e+00,-6.278343806753339251e-02,5.269802636966589571e-01,-4.038763081378553110e+00,-1.866127807384847070e+00,7.353346129743251192e-01,-2.007980499539429697e+00,-2.461215609664405335e+00,3.021411133336156407e+00,3.375391239431042578e-01,-2.542438427662359501e+00,-2.488279443579180406e+00,-2.611751689876205429e+00,1.090415081978482359e+00,4.464951646044466038e-01,-4.492920350000602525e+00,-2.846899482243125057e+00,3.537678905960490283e+00,1.229173376575195320e+00,4.655962582542431949e-02,-3.460371779486015598e+00,-3.033607273027112416e+00,-1.880520926194468423e+00,-1.616139308010184017e+00,-5.688196031276289144e-01,-2.720751904854460168e+00,3.543378742155538497e+00,3.993148675738963371e-01,4.566117756675787120e+00,4.613288904439381000e-01,-6.568700489141676702e-01,6.978452560982754127e-01,1.989489725529267838e+00
1.892033153133175105e+00,1.909294915155890893e+00,-5.077591581219391692e-01,-1.092467521691647736e+00,-2.522476551676246181e+00,-3.801451665125849644e+00,1.411824133701905293e+00,4.324882476214903626e+00,2.638916124297952415e+00,1.966813006569192446e+00,3.818594717492044266e-01,1.201247037544911356e-01,8.864017919034303805e-01,2.167800505467631922e-01,-8.279103538524543726e-01,-9.221951873260580967e-02,-2.057174920023769893e+00,-1.620486665326794418e+00,-1.388846604845448418e+00,2.886372838177625688e+00,-4.249896459855815323e+00,2.702330797493774917e+00,9.853293269662000142e-01,-3.879595102196720657e-01,3.744947928652835323e-01,1.995995276802666529e+00,2.125597897075051090e+00,-5.831265521004336261e-01,3.259355170853123429e+00,-2.753330699313084828e+00,2.397986032287943381e+00,3.025636400274217763e+00,1.558688443189846895e+00,-5.406354403036162104e-01,-2.449962569194031214e+00,-2.058364808586983230e+00,-2.432152919742889274e-01,2.400124977922320491e-01,-2.804035689189190439e-01,3.531232208575015186e+00,-2.163855508463881527e+00,-1.344774013795352996e+00,-8.153505879694020742e-01,-7.201010308999100662e-01,-1.645782313264383401e-01,1.512773114990126344e-01,-3.401185538781139162e+00,-2.902688035430439406e+00,2.012121865594537873e+00,2.424253499291606495e-01,-8.313892805175990275e-02,-4.207845892755845085e+00,-3.153564109174723296e+00,-4.314200565352178884e+00,-1.453847871679684545e+00,-5.952313663922065290e-01,-3.642723755980373568e+00,4.526254900094712319e+00,-7.556721674740929373e-02,4.361522498428688444e+00,-1.708047249031592330e+00,8.194443054014057815e-01,1.406751721119645193e+00,1.122844354132817690e+00
-3.005160592372835282e-02,-1.765468746835115343e+00,1.029928793215634020e+00,-2.132730483969012880e+00,-9.938724197842584429e-01,-3.042795732784367324e+00,1.743638778164222913e-01,3.269622800727541190e+00,1.951979883020130924e+00,2.868304908022521804e+00,2.195549667215747291e+00,1.443018755143968601e+00,2.006199367555713042e+00,1.470993407906175943e-01,-5.061030451345789327e-01,2.721855566282131988e+00,-1.576409421742401840e+00,6.525421149019465794e-01,1.605978032974046954e+00,2.762867334846527356e+00,-2.921463053303702928e+00,1.874223423359458574e+00,1.090768127966829981e+00,-3.621658431494585995e-01,-3.432832877024489804e-01,1.174436081813264421e+00,3.506147690765482938e+00,-7.877107395236886411e-01,3.504484560514178337e-01,-2.127433421573066141e-01,3.311675599749320131e+00,1.961360347070010501e+00,1.951413456134004409e+00,1.652515916094267734e+00,-1.678233057672222417e+00,-1.535551707844327929e+00,-1.959300828697754793e-01,9.989124177472603616e-01,-1.763581398647470211e-01,1.682343496491896184e+00,-1.189010830625088166e+00,-2.041671371951141456e+00,-2.556375782019324472e-01,-2.160439778689671186e+00,5.006990017982828611e-01,1.543687638561775710e+00,-3.240621382906984760e+00,-1.245609712283545223e+00,1.871700265974760580e+00,1.051272985907944602e+00,7.165305289235363029e-01,-2.451836201263176029e+00,-2.456165869781526290e+00,-2.642292111613531169e+00,-1.338491706104971035e+00,-5.136607091906937317e-01,-2.087065506234030199e+00,3.166250564076667828e+00,1.898972186568344211e+00,4.054597370187602579e+00,3.456283320572721696e-01,6.894296050333102999e-01,3.546878006773155345e+00,7.824562147293026015e-01
1.291609639283564093e-01,2.833136075839358003e+00,4.808950956721986358e+00,-4.597614085388332938e+00,-3.494165617512213773e-01,-2.255287956997239274e+00,-1.117373893338986374e-01,2.457444869438617285e+00,3.811120512376398928e+00,2.402010156202976088e+00,-2.033200911207553863e-01,4.755693178880895933e-01,1.968068375734644437e+00,1.405446892520857194e+00,5.105497508491779052e-02,-7.380227792805216236e-01,-3.109247682237606725e+00,-2.249589153296791544e-01,-5.690296962320955387e-01,2.111923205592719732e+00,-2.399801211625175235e+00,3.032590949967688410e+00,1.252165918671223288e+00,-1.914290401533364605e+00,-5.939362108928710748e-01,2.805734151218896244e+00,3.368459449113031745e+00,-2.240837438210657950e+00,2.916736552853266495e+00,-2.823805820338171735e+00,4.117763221428557330e+00,1.278481094729358780e+00,2.153372241309266855e+00,1.461988336406062849e+00,-1.042435638483046656e+00,-2.123432024591393574e+00,-6.669872753324036507e-01,9.165408915272488244e-01,-1.009373421589462749e+00,1.686725964943085243e+00,-4.226985208489629997e+00,-1.039240794219683739e+00,-2.311572600414545597e+00,-1.802147029815232226e+00,1.620937172866252052e+00,-1.506746472890035493e+00,-3.459400265962714105e+00,-1.841384367705281466e+00,4.808025015012700187e-01,1.934081103381195543e+00,4.431761510065286847e-01,-4.209999973836963783e+00,-2.424290110267541820e+00,-2.979593755352402340e+00,-2.084804315961053867e+00,3.573765266167674426e-01,-1.540773635495737981e+00,6.265404840576511702e+00,1.134619532271659015e-01,4.007961127770294674e+00,6.889595419275138521e-01,4.829396786405112385e-01,2.588605538176496523e+00,-1.783126666924344406e+00
3.457233270561119731e+00,-6.668630367499983613e-03,2.609006605764395026e+00,-3.365405064142038327e+00,-1.865735467876096454e+00,-3.685447769687074437e+00,1.133827773631092439e+00,3.498156307586888669e+00,2.210812468304437672e+00,2.962283232973124569e+00,-1.819023728436325982e+00,1.310639470863866229e+00,1.187558073107103152e+00,7.263771010847168697e-01,-1.233326985711574730e+00,8.619624357647719393e-01,-2.414964053400061150e+00,-4.023763931970406049e-01,-1.602153687233865753e+00,1.526845669800964256e+00,-3.886350871224688586e+00,3.021494971489409043e+00,1.864790542822534647e+00,-8.110974512542117321e-01,-1.350900869117815262e+00,8.685220555523196495e-01,2.613931550253887792e+00,-1.051654332094813959e+00,2.997298148935704898e+00,-3.326515115289041535e-01,3.488385474687127452e+00,1.357488485869207118e+00,3.480005377282753276e-01,-7.861043082237069157e-01,-1.550905567808049001e+00,-3.444120637805076157e+00,-2.026616608644056683e+00,3.875170512383008248e-02,-1.662074293311205375e+00,1.357714911629106957e+00,-1.486349447470110441e+00,-1.513569422698546774e+00,-1.976373486167325222e+00,-1.115490492533283140e+00,2.811295226656620461e-01,-1.410226807932130955e+00,-2.952028533677191646e+00,-3.232977375738748549e+00,3.627836041218427177e+00,2.847583003823010550e+00,-5.069178515639389815e-01,-1.414548862470977220e+00,-2.079183740657249757e+00,-2.460728307187311614e+00,-8.733149058990179459e-01,-7.702212692886110101e-01,-1.986260823771375028e+00,1.185829389323732386e+00,1.501309650656776684e+00,2.818905653562616465e+00,-1.009945357058533721e+00,-8.335048634039299298e-01,7.484401847761977811e-01,8.974840534534207492e-01
3.110119845456922771e+00,-1.933253487570516516e-01,1.308642948875799350e+00,-2.693491162484986212e+00,-5.374938520997687430e-01,-1.916768383796622732e+00,-7.416063792087469464e-01,7.454433911605637952e-01,2.528205272555513083e+00,4.282620550796936598e+00,-9.408350453548823822e-01,1.147280376177845840e+00,2.376940604827836534e+00,4.414097998454146188e-01,-1.300931641753783508e+00,2.473102286173118891e+00,-3.967229268553579047e+00,-5.044256506923381345e-01,-2.592661026228261889e+00,1.363057094816747528e+00,-1.325942509688685433e+00,3.684734614038906120e+00,1.642395807317454715e+00,-8.571386587244171906e-01,-3.217458032742011032e-01,2.482127165262485446e-01,2.634260551356120139e+00,-1.596218701171444820e+00,2.623514383226160707e+00,-9.474732487082118126e-01,2.788390553198016431e+00,7.919281029164018104e-01,1.824905742819214138e+00,7.649538286320423097e-01,-1.204520427737319821e+00,-5.511004679272111240e-01,-1.035476165165434836e-01,2.321805503764069467e-01,-8.885897154693439548e-01,2.879687760213050396e+00,-1.773289873555942586e+00,-2.122088575227808693e+00,-2.448918975288755018e+00,-3.591834582156368416e+00,-1.271321956139888076e-01,3.593130319141102369e-04,-3.950727997649908563e+00,-2.094296210699754912e+00,3.547539995188583983e+00,2.809391527734039329e+00,-1.366318153548223557e-01,-2.969358208214251782e+00,-3.708551904622912954e+00,-3.442506117285276446e+00,-1.389192732297571453e+00,-1.212651807973854190e+00,-4.000155170225675683e+00,4.018217964009358489e+00,-8.575592802589016017e-01,3.452533937354387739e+00,8.714198232514647202e-01,-8.355510557513323722e-02,1.382702834281689386e-01,1.394525765846085008e+00
1.412725000785872487e+00,5.792112506642811409e-01,7.524084375473835129e-01,-2.153039801389273755e+00,-2.818023304465681056e-01,-4.419695267406282824e+00,7.290964040650809164e-01,1.905514019731757713e+00,2.366677694100721041e+00,2.944726062758187712e+00,8.375689687768503866e-01,1.762346336840370453e+00,3.720667911492903102e+00,-1.820138553491565947e-01,-3.129411975238465704e+00,1.912855978439159443e+00,-2.104610739987141432e+00,-2.280498052557269895e-01,-2.170328199874244079e-01,3.969476717543416466e-01,-2.198986893107394813e+00,1.382212282522438995e+00,1.257607183292773989e+00,1.198586178732125029e+00,-3.252329320181073791e-01,-1.536040711627888466e-01,3.110726203123199696e+00,-7.166585457062194520e-01,1.291968052199675032e+00,-1.850967260943081394e+00,1.736525777529220660e+00,2.291804598310049457e+00,1.201673474736773217e+00,3.233489258059265570e+00,-2.910582620709445845e+00,-3.999489002256693126e-01,5.629584525237606440e-01,-1.928034000232403677e-02,-1.280573773833682649e+00,1.478537040587604601e+00,-3.453086783485401767e-01,-2.442493768554384381e+00,-3.687060543043882532e+00,-4.475098549306290252e+00,1.173815420171354429e+00,1.253081668630418699e+00,-3.287538389261838390e+00,-3.974846367503360955e+00,2.998472702743477658e+00,1.777190930361415955e+00,4.938427555184122797e-01,-3.715002265709423934e+00,-3.487650431578543930e+00,-3.616096091240523780e+00,8.048634016346620790e-01,-4.242347202282346630e-01,-1.587838058668154195e+00,2.787139390116420756e+00,1.168772447035863138e+00,2.419715505952032775e+00,-1.859425628550522847e+00,3.065483968632454204e-02,3.091028689864314671e+00,1.415315380679061485e+00
1.527120729013595746e-01,1.296367504305035556e+00,1.457893712322121615e+00,-3.346113794735165126e+00,-1.262779218545953430e+00,-3.650850594343765465e+00,7.743761990773888604e-01,2.776558246554432507e+00,2.863393973369807277e+00,2.238399041979257653e+00,-1.630875461551234862e+00,1.438098395515806427e+00,2.218977307606218474e+00,1.543071684641937891e+00,1.132020217062821965e+00,1.707165828873635771e+00,-4.358709123888877546e-01,-1.543128819552173736e+00,-6.750959234915752116e-01,7.612695256524366627e-01,-4.711938178764460972e-01,3.201605312503073897e+00,9.714802899984771312e-01,5.550403516477646626e-01,-7.984494206462515731e-01,-4.803059602200088207e-02,2.669825538698416878e+00,1.041389234051568469e-01,-1.452238137885771607e+00,-1.505702837362829394e+00,3.643753562514827848e+00,1.771818074919848662e+00,1.105042862012920235e+00,2.943319568997824209e-01,-3.537558705519000313e+00,-2.346309755654150120e+00,7.539985442358236867e-01,1.293240703869155350e+00,2.490524827975744149e-01,1.591194144765293084e+00,-1.468257607838776790e+00,-1.903760425281181501e+00,-1.585359591913311883e+00,-1.914592526310336718e+00,7.452234620228193052e-02,-6.476565805306486734e-01,-3.968646808026554673e+00,-1.509181979874524071e+00,8.240394270215161132e-01,1.373825673600008734e+00,3.064242612635931229e-01,-3.087348301553155316e+00,-3.909668002092834271e+00,-1.477681947451774391e+00,5.525999797213732023e-02,-8.173813595904013685e-01,-1.820206686102814331e-01,2.454387318423032482e+00,1.724559707158545563e-01,3.390973780534777049e+00,5.160179026069475761e-01,8.504114337628447817e-01,7.653173709701199812e-02,2.567332860528101612e+00
1.961086779789911194e+00,-2.064403689853864243e-01,6.345566131980324709e-01,-4.031750963821315814e+00,-1.327120249923587458e+00,-2.921093938933762235e+00,-8.096639085954276949e-01,2.615379120830021442e+00,1.674682784158965099e+00,3.297935063611975970e+00,1.538750358947615915e+00,3.026595755025481282e-01,3.391884571944470572e+00,1.148260881597783500e+00,-7.559281195960654287e-01,7.943963472274091497e-01,-1.580118436108176372e+00,-1.761001634749851941e-01,2.382478860042949176e-01,1.905158536462703722e+00,-2.291786874367932381e+00,3.451375258133398294e+00,1.813566346556564124e+00,7.971443477250697018e-01,3.809512374065331386e-01,2.663130932619316216e+00,2.593439412727785331e+00,-1.148190233802490745e+00,5.839188245889272988e-01,-1.784813746165209158e+00,2.216165970647794303e+00,8.647481916135690838e-01,8.368140286768606106e-01,1.782785710149684455e+00,-8.787823816637452268e-01,-1.673730544467630699e+00,-1.388069801134909076e+00,-9.124068850965749711e-01,-1.680991621753789911e+00,1.458821634915503207e+00,-1.289532087596827248e+00,-6.796692863984217237e-01,-5.474064685091264426e-01,-1.852784284696396444e+00,-1.446865472584817347e-01,4.165279143816005836e-01,-2.906021010044376851e+00,-2.271484118495908255e+00,2.800195613958935237e+00,3.189669267251431961e+00,9.091547318403728761e-01,-2.766817266212695081e+00,-3.032991205151749803e+00,-4.318244466487122679e+00,-2.053390513030738163e+00,-8.429767652556396929e-01,-1.658033720641689746e+00,1.746251079263357875e+00,-3.467185143059744457e-01,3.173414216728482895e+00,-8.256125175263135940e-01,1.681967774636422552e-01,-2.422169591145473255e-02,1.464688128215656970e+00
2.322000021269474246e+00,1.368541922297050739e+00,4.990015139464845095e-01,-4.756789261365273802e+00,-4.628324977638564874e-01,-2.586378443811134797e+00,6.538829910259518208e-01,2.802074312537377931e+00,8.185522471539057321e-01,4.249234868095330242e+00,1.228744456672702379e-01,4.684613119748096133e-01,1.760389972315058449e+00,2.416225137130184608e-01,-1.710382955451638320e+00,-3.882120242635229701e-01,-1.411812164448934093e+00,-1.010352795257833280e+00,-3.053840428981093869e-01,1.711053029268279291e+00,-3.705124325252313611e+00,3.446373975204356732e+00,2.632504733860314694e+00,-1.682642281944495832e-01,-8.938512377307366030e-01,1.466644286837967215e+00,2.092325035176040515e+00,6.737032884650051567e-01,1.106054205243025779e+00,-1.704480804546902206e+00,2.256167538662203320e+00,3.784396101636209764e+00,9.156567307537517575e-01,-2.087622705600311601e-01,-4.010077746913875529e+00,-3.622191865985949555e+00,1.163131208710705522e+00,7.619685192306540067e-01,-2.635801227051575601e+00,2.556128619530589230e+00,-6.818010884721991127e-01,-1.679870925427996875e+00,-2.216692892299648943e+00,-1.995500081561657701e+00,2.858191795585836914e+00,1.245816554933084852e+00,-1.595468020944919241e+00,-1.866719516337969953e+00,7.468678065984653003e-01,3.436926262717014957e+00,7.383294605754440187e-01,-2.842533735290904584e+00,-1.743132263871982168e+00,-2.942303103351185722e+00,-8.809935848141139392e-01,-2.271013354543167218e+00,-2.058473801938756953e+00,2.760088445375209698e+00,6.000095519458022997e-01,2.463213162405732071e+00,4.489727578607549674e-01,-7.416348913144261701e-01,2.250976289750639570e+00,6.846055436112892245e-01
2.465562688420239734e+00,-4.877493196147684174e-01,5.744154655001996179e-01,-2.722549590173504619e+00,7.533886613574514168e-02,-1.878577154933617210e+00,7.515308768990577315e-01,3.266039360250182710e+00,3.195165659422039894e+00,2.863282901820444426e+00,-6.573273050184282873e-01,1.284939860692077662e+00,1.075630933456339422e+00,7.760060337153109611e-01,6.393343943384494077e-01,3.474385961109088150e+00,-3.200484015185211195e+00,1.740760813751049962e+00,-6.321104943976787460e-01,3.682950321483478007e+00,-4.615141264280389066e+00,2.266409498465054462e+00,1.859918980461595872e+00,-2.531781218042568060e-01,-9.484755710200138967e-01,1.703835685228850316e+00,3.356442177773891977e+00,-3.863709244436384083e-01,2.752817980541764076e+00,5.355860357327639765e-01,2.367294145550344453e+00,1.601502765863370037e+00,3.620080145358171020e+00,1.695003867779409257e+00,-5.441983416364757353e-01,-4.634786429403650487e+00,1.453580635723500158e+00,-1.590476311820353539e-01,-1.209684071375645598e+00,1.310030587738536756e+00,-1.677629632361596679e+00,-1.605319461551693916e+00,-1.687840089607132610e+00,-2.061897641315378671e+00,-1.057031621676488786e+00,1.173220340654807625e+00,-4.009091119343239029e+00,-2.684835691190037732e+00,2.947565711099173758e+00,3.174848148775362144e-01,-1.517868035980079577e+00,-2.223930791946327368e+00,-2.659875458969730211e+00,-4.331353598994679643e+00,2.817091171479173539e-01,1.372929001391072212e-01,-2.257258728498890310e+00,4.518591636954512047e+00,1.255065302019012119e+00,7.448634501995443635e-01,-9.848463974438514956e-02,-1.326558051784488379e+00,1.431216652265787204e+00,-6.354310950822339432e-02
1.509259689124956560e+00,2.455777142453106521e+00,1.348654739178994255e+00,-2.348829456758515288e+00,-5.120008981739714304e-01,-3.700849677828353279e+00,-1.805273758179843258e+00,2.839081107918490332e+00,3.667919125942611380e+00,3.031656580005955615e+00,-4.294976636177957330e-01,1.132275154763375813e+00,1.360544773796324769e+00,1.279300628150267682e+00,-2.451558469447377708e-02,1.947621662476248128e+00,-1.350595538943852869e+00,1.002572107040716087e+00,-2.470444749853674793e+00,2.195201834050784395e+00,-3.115513802414783484e+00,2.629172577999958182e+00,8.262912696498798670e-01,7.943809864377611440e-02,-6.541673981816676919e-01,1.034353443822730645e+00,3.718895908239026049e+00,-1.069335742637813613e+00,2.342271722225330866e+00,-8.867660726099796387e-01,2.634796662685036761e+00,2.435384908141143612e+00,2.908332937698467013e+00,1.137450512046217943e+00,-1.033382380772104758e+00,-1.234654645054650057e+00,6.122923038051092393e-03,-6.658879066530543067e-01,-8.977343944578013435e-01,2.422493865934136625e+00,-1.525011443253819321e+00,-2.921127782939148432e+00,-2.931849802011129213e+00,-2.932651638313532150e+00,2.840365094676480240e+00,5.951959054917725922e-01,-4.090294534459362197e+00,-2.613728761496171504e+00,3.445499962590749643e+00,1.831609856415512549e+00,2.423490207879562153e+00,-1.911270049338672283e+00,-2.105235586326042796e+00,-1.512202435203631623e+00,3.534746168091662533e-02,-2.802760212147363816e+00,-3.402902197388885774e+00,2.368294038131999457e+00,3.065447940056595932e+00,2.188170773282968273e+00,-7.144512598269157078e-01,-1.228970021554677050e+00,1.457289723084597144e+00,1.157643812920338355e+00
9.471947950955009743e-01,4.100638658021360516e-02,2.644245552354269169e+00,-1.780997734522011378e+00,-1.025339983095074237e+00,-4.672090503209171075e+00,1.432889926145471726e+00,4.735964144172159607e+00,3.251656499022599345e+00,2.096622450881494348e+00,-7.537812116871774881e-01,4.575096715674143999e-01,1.526227835960873414e+00,1.361146262018866127e+00,1.094056293363177446e+00,5.043200267957472782e-01,-1.476188622366709779e+00,3.995732455949976281e-01,-5.796484714281184836e-01,2.001773742713035542e+00,-4.773441253914366911e+00,2.667850677729628472e+00,-1.337475175119223092e+00,-4.858667014541183382e-02,-5.360571694218572159e-01,6.212115624807574843e-01,3.576617325494208188e+00,-1.890664595462170583e+00,3.159809408740659631e+00,-2.661711814938570786e+00,4.179763983458999022e+00,2.585525271868099217e+00,1.006700039003144420e+00,1.896170993163781793e+00,-1.720133231713602218e+00,-3.612587879533901702e+00,3.232355045153342821e-01,1.883420879218586474e+00,3.351190612857136708e-01,1.422766322760282032e+00,-1.028986465316208410e+00,-1.321195006103478731e+00,-1.789152550525399121e+00,-3.461586835408368756e+00,2.149007123106440265e+00,1.149057998736351394e+00,-4.717075667567794284e+00,-1.419494660891131854e+00,2.256798233818229527e+00,1.548055005611529644e+00,2.094270213071650844e+00,-1.071945864199536746e+00,-4.152271996194509818e+00,-2.511692835994103756e+00,8.911315994075463820e-03,-1.715866101467655058e+00,-3.539730431386326259e+00,2.196891705195270994e+00,1.278408183518997099e+00,3.304074506561950564e+00,-8.314645197219578954e-01,-1.132333271725699309e+00,1.282744763541399324e+00,9.326910100438895457e-01
1.430127796835881204e+00,2.739808955764019061e+00,2.180534555354814774e+00,-5.115961197911225611e+00,-1.525868622245229567e+00,-3.682341935050246651e+00,-4.782026797291872300e-01,2.557041271695145390e+00,7.476070652946522621e-01,2.373390064944906896e+00,-2.105107842026142650e-01,-1.633073245280310726e+00,2.961154272240936525e+00,6.918968512501600943e-01,2.936263729652625609e-01,1.133692995300814799e+00,-1.803194912604644040e+00,-1.115085760199388432e+00,-8.252418824870189074e-01,2.456043766369292225e+00,-4.034081839370746714e+00,3.900210455198274584e+00,8.386198384704556252e-01,1.369442970476892230e+00,-1.129390093829066855e-01,-2.837839444270675582e-01,3.736612996434018896e+00,-1.072404765769755075e+00,2.815590171235499817e+00,-1.377971071774485745e+00,2.041235365159494108e+00,1.707136604166888505e+00,1.290620540599875632e+00,1.783018028256205811e-01,-2.546134576202446542e+00,-2.297584379978283575e+00,-1.546025763599620628e+00,1.709756360154230936e-01,-7.594174332520354787e-01,2.028803017674333908e+00,-1.391753856439158277e+00,-1.120542941597678421e+00,-3.691833522979309556e+00,-4.954548902406106237e+00,6.558544019634953148e-01,-3.345146926166074897e-01,-3.171991468931322000e+00,-4.239667314930795960e+00,4.593648269886368318e+00,1.499876070586431132e+00,2.770799623847721715e-01,-3.681500745085342530e+00,-3.800724718040808803e+00,-3.107991289305459759e+00,-1.790190229732249394e+00,-2.559183435625718595e+00,-2.617901843401670980e+00,4.446663781764042866e+00,4.822630582359520024e-01,1.136907910594869620e+00,-1.394283705573489573e+00,-5.213857368585922414e-01,1.115521746180393459e-01,-8.413410739698559127e-01
2.234786987872190878e+00,2.516256405944329977e+00,3.508299373295094004e-01,-3.985237793223818770e+00,-1.401141888482678510e+00,-2.149902399330646752e+00,-3.787263355127172271e-01,3.302142474945690243e+00,2.865840167279783746e+00,3.123246892476314152e+00,-6.603698088473054506e-01,2.521191016997232026e+00,1.162192713369845531e+00,5.224258924705345031e-01,-3.840293435087732132e-01,2.044439784938056448e+00,-9.643778685801143169e-01,2.187661709296812251e+00,-1.373473164499280141e+00,8.372171163324526599e-01,-3.108604872222501925e+00,2.590076253517707094e+00,-2.640260552976123609e-01,2.104344557083135392e+00,-1.251440016298377644e+00,8.387995870564443068e-01,3.794529956562533890e+00,-2.091790141572190009e+00,2.173298360609370761e+00,-1.751161336465671958e+00,2.934081340040901154e+00,2.331995814170891634e+00,2.893160744116808125e+00,1.517433757593080523e+00,-1.268168177570058841e+00,-3.191599065292540338e+00,-5.827085959256703696e-01,2.490625129944331384e+00,-1.135356649486718439e+00,2.734959898236989595e+00,-1.664523657138578638e+00,-2.309812022400031584e+00,-1.433141844694411526e+00,-1.786209670900297031e+00,1.852025338245403496e+00,-2.790505015005970701e-01,-4.399826194092519849e+00,-1.026941071116560522e+00,1.762248479819523705e+00,1.317452978959344545e+00,1.761843309941717894e+00,-2.011770946981277230e+00,-3.445174299875212398e+00,-4.397423832797036525e+00,-8.554363037761971711e-01,-9.448757706460837458e-01,-2.323531713074029614e+00,3.559246693676842987e+00,1.378630984546728389e+00,2.305364503180360902e+00,-9.710196386966369886e-01,-1.242434305166719044e+00,2.797533511488250468e-01,3.172082688306611775e+00
1.580104876745977105e+00,1.074463221193723061e+00,2.735232883011592175e+00,-2.684091742053114071e+00,-1.560973878810281157e+00,-2.408621789429800319e+00,-1.569220228789943494e+00,2.798727019993404230e+00,3.593507948825403808e+00,3.300653060642777525e+00,-2.725809557731898591e-01,1.196213790959054002e+00,2.209073295246022806e+00,2.103833868809776408e+00,-4.965341088229561217e-01,-3.322408009501207626e-01,-1.877109136309842441e+00,-2.751433250432476774e-01,-5.280632031225648282e-01,1.607015748153394430e+00,-4.409614465041362230e+00,1.162127704447272425e+00,4.157813567383608078e-01,-2.326501134565764350e-01,-9.506475543894348235e-01,1.251563181999365115e+00,3.843902031754673487e+00,-2.779898635567032983e-01,3.079631335392384095e+00,-1.804401300063904978e+00,3.297784781766829987e+00,2.763619780233725898e+00,2.175066960987798392e+00,9.342771746859176440e-01,-1.765460447742570826e+00,-3.427111965766115986e+00,-4.111219492268485265e-01,1.101395910347342966e+00,-5.797608584979763169e-02,2.109092107598647292e+00,2.476640180902951460e-01,-2.671373528139446840e+00,-2.789487577836663235e+00,-1.590468112316414384e-01,2.258847328258543286e+00,-1.903990755851924233e-01,-3.484259328375486575e+00,-4.683912479044202826e+00,4.290841155686231367e-01,1.594439113063040647e+00,1.795051175108500763e-01,-2.116732666308174693e+00,-2.365166737234534189e+00,-2.745926949167475595e+00,-4.507076439512641697e-01,7.790859812309658405e-02,-4.983936132826066512e+00,4.855503396343459954e+00,-1.377096515232419938e-01,3.378185098640035022e+00,7.004551350524779174e-02,-1.605473389666814521e+00,-3.591690720398759140e-01,1.265704818494549855e+00
1.780383061849608373e+00,3.366458394337760174e-01,4.139451917918950397e-01,-3.320695114114052160e+00,-7.620062939894726162e-01,-3.226828918501360555e+00,9.409133747419693439e-01,4.760061936041282138e+00,8.351846124792448034e-01,1.996124573777700029e+00,-5.113933648284353373e-01,1.339616305741602176e-01,3.653656475516745328e+00,3.898528674201449107e-01,1.403784440094819896e-01,2.363493852808720597e+00,-1.950499872275967217e+00,7.285491069930626340e-01,2.414023111198602134e-01,3.888747594206607872e+00,-2.911521599357898449e+00,2.839470551685982613e+00,1.826497162855308165e+00,-1.722428690239505289e-01,-1.372135255387311403e+00,1.233342008953283830e+00,2.938024441774760742e+00,-2.519805574056329434e+00,3.402627808213649629e+00,-1.389788772517730253e+00,4.594937536233527631e+00,3.051747091492621244e+00,2.291935388562340137e+00,-6.095140313677565036e-01,-1.042942646800800954e+00,-7.250208924005938638e-01,-8.549727217312687311e-02,1.025937366374566340e+00,-1.311474877872997435e+00,1.690018692513721055e+00,-8.195384051758335398e-01,-2.266806325918191423e+00,-1.191207427166924404e+00,-2.902675768773975484e+00,2.876583913580931906e+00,1.343273171099551799e+00,-4.045861824314840760e+00,-1.976932168298603854e+00,4.804047954247485208e+00,5.453271271091011396e-01,1.930436981062676471e+00,-1.758473505130783376e+00,-5.248793491744681461e+00,-1.919903353602995466e+00,-3.061438177358952295e+00,-1.199831395353327945e+00,-2.562417343558772487e+00,2.172668556002444795e+00,8.257358616988001998e-01,2.979975530674519035e+00,-1.542477402330663772e+00,-1.147044999294699164e+00,-2.733628384783435283e-01,1.264554399053403833e+00
1.550486970432414235e+00,1.296561579053089774e+00,4.277621076474751316e-01,-3.522765928365025001e+00,-9.800316254647514214e-01,-2.039298359579938769e+00,-1.263213274453324653e+00,3.346159466334962307e+00,2.129025284496859349e+00,1.755674668964517737e+00,2.001594864788006412e+00,8.882045546880531495e-01,-5.668343732769103305e-01,2.780317917528911220e+00,-6.070944006182478203e-01,9.071881305397712092e-01,-5.505046002344511358e-01,5.959632188682070231e-01,-2.060696062412310070e+00,1.241053353030440842e+00,-2.269344151576158097e+00,4.311589192271887860e+00,-4.823296790660625000e-03,8.267274642196578149e-01,-9.031398356406994399e-01,-2.372282306544206687e-01,2.504890733943597070e+00,-1.037120655568439798e+00,2.093803884123400127e+00,-1.029993084365225187e+00,4.356616780601454408e+00,2.132736061133166494e+00,1.914322943965373280e+00,1.472889551321524548e-01,-1.056711104408772695e+00,-1.940166058391232351e+00,-1.338103250700838132e+00,2.707880569088271461e+00,-2.185919757335452740e-01,1.552329238399650979e+00,-2.394130384494514097e+00,-2.025191274044388479e+00,-3.293672299161599426e+00,-9.501311374037331170e-01,-5.770462328533145779e-01,-3.111878816648149249e-01,-3.309430421729671945e+00,-2.586723453931728756e+00,3.811922574896144944e+00,2.298354955692653689e+00,4.898768028937814378e-01,-1.267823568004749824e+00,-3.405102101100080159e+00,-4.032014889358492837e+00,-1.520943735708197631e+00,-1.299335790861144702e+00,-5.032958568206566952e+00,2.961354002350487402e+00,3.281971736819940810e-01,2.491469079839922607e+00,-2.368659315755976991e+00,5.972894333778367981e-01,9.895873392801118884e-01,9.271313625159477434e-01
2.251506850516560743e+00,1.601804751417603701e-01,3.121879140284207210e+00,-2.761188176686934614e+00,5.033126934976475120e-01,-3.751675743231415172e+00,9.764718417938391681e-01,3.750422030007739771e+00,8.453462071565225333e-01,1.396314332008642856e+00,1.666756393779793566e-01,1.747715328876549012e+00,3.578712033975762097e+00,1.467303020309486783e+00,-9.097378842216435890e-01,2.259631878005924577e+00,-2.097711933663038764e+00,2.929041291439734573e-01,-1.012910248677717062e+00,4.249470748630714834e-01,-2.017088126481368260e+00,3.630149023414487530e+00,-5.038618164290320500e-01,1.693927865800987087e+00,-4.128542491497033673e-02,9.375788367304851434e-01,3.822260879003188005e+00,-1.627078413077091668e+00,1.265633833652116458e+00,-8.389111600212687536e-01,4.521521844630841613e+00,1.108488834331025075e-01,1.595415455699901397e+00,1.685441834718822474e+00,-3.092070928484072390e+00,-8.273865364274062273e-01,1.782254231121216614e+00,-1.802767792367979904e+00,-1.425167330561170953e+00,1.944004011584729241e+00,-6.583525944479164949e-01,-2.105205714645078885e+00,-2.143453119372269011e+00,-2.533599439961165878e+00,2.619201607782182251e+00,-1.985673502624272224e-01,-3.226951064962057192e+00,-2.287699788445548332e+00,7.445665771350351569e-01,2.167139977337214862e+00,-1.542294978487944279e+00,-1.438383267829486112e+00,-3.320525273072480132e+00,-5.815461098500456671e+00,-2.143992422922115892e+00,-1.470755460039880447e+00,-3.343469311354906992e+00,3.822284942214818848e+00,-2.083843370256825089e+00,1.871902949123205095e+00,-2.275631135188837195e+00,-7.458512697300341276e-01,9.237860430624187380e-01,-6.718247487560129461e-01
2.541739767367684255e+00,1.037899015748871001e-01,2.112498830723162246e+00,-3.474166446706644873e+00,-1.434542663530906426e+00,-5.562851304597867141e+00,-6.946832863014141823e-01,3.128837917288518788e+00,4.813639792881380330e+00,2.014716115999411805e+00,-4.981847589346227734e-01,8.276219708859178237e-02,1.854102014146987720e+00,2.075795902829337791e+00,-9.101940143385977011e-01,4.937126840400968275e-01,-2.835517356274424916e+00,2.424178795296591526e-03,-2.154168327966093255e+00,1.756998553158241494e+00,-3.710498218483703425e+00,3.795696070423451474e+00,8.663126122441738852e-01,-6.340651373504349042e-01,-3.028263693687190394e-01,1.472991404127593995e+00,3.394466108537431914e+00,-1.245256905868364017e+00,3.666643935628639106e+00,-2.705578839183441886e+00,3.791945669223000248e+00,1.498556492326301726e+00,1.081326480820877789e+00,-4.896645631477232197e-01,-2.599930177037911516e+00,-4.501414116952669353e+00,9.454408193532817251e-01,5.403346394378347739e-01,-1.524532057567255627e+00,2.093371425397065444e+00,-2.492271048058872118e+00,-3.305252752963392382e-01,-1.982692924204124463e+00,-1.544223442667241653e+00,1.261898084266507070e+00,5.499317868637807472e-01,-2.319343318946773813e+00,-1.347505923772418512e+00,2.483047085185352998e+00,2.588532674291268876e+00,-2.126732948078670915e-01,-3.446056410705140571e+00,-3.243288259891162095e+00,-1.999336660390027554e+00,-3.627495006694532176e-01,-1.674233110739111297e+00,-7.167474958767492410e-01,1.645683931806146694e+00,7.546905828598741151e-01,5.113575473398570992e+00,9.019626889055665231e-03,2.254133635852115791e-01,-1.086524752563163609e+00,-2.533050863059420621e-01
7.013322920728355392e-01,6.192249896606523141e-01,6.789471755785829732e-01,-4.615809434698995517e+00,-2.012339413981631964e+00,-3.234271507709252536e+00,-4.423466548534163434e-01,2.843331117976581002e+00,2.927010477272144140e+00,3.835753167478553216e+00,1.007257391536570346e+00,8.480317274249740134e-01,1.525169630032797707e+00,2.100310027288984749e+00,6.238268481963339385e-01,-3.610821409922966296e-01,-2.581146683121667174e+00,6.435032548476736780e-01,-2.004161903248330434e-01,4.105514225661766048e+00,-2.261098301846560243e+00,1.901810380483596408e+00,1.579302916749236063e+00,-1.230880525122364899e+00,-1.227675405783908325e+00,3.077669246606582476e+00,6.119713414701470455e+00,-1.186678586822679238e+00,3.203073605753275821e+00,2.048991552788705928e-01,3.254951608475014968e+00,2.757208502480275492e+00,2.443485357759565879e+00,-4.719843218798978057e-01,-4.261350151845391565e+00,-2.161304846015573933e+00,-1.070441893528557786e+00,1.458287573327217146e+00,3.551781462826112401e-01,2.874104701284331931e+00,-2.116220887119735217e-02,-2.488854692930349444e+00,-1.167106905967579600e+00,-4.162251569835866860e+00,1.286807869564547069e+00,2.546601965351280583e+00,-3.106595991495961773e+00,-1.150327638960004339e+00,4.421107055179623657e+00,8.813814145547013146e-01,4.525099861255300615e-01,-1.707439078038735181e+00,-1.355290434431676738e+00,-1.629276225127649136e+00,-1.919143958759603530e+00,-1.067262475479988204e+00,-1.716658948386847738e+00,3.608073528657860685e+00,2.028411159884830006e+00,2.277783475628797571e+00,-1.496617982733764673e+00,-9.456461778770899329e-01,1.918960850015780206e+00,-9.890285145898374264e-01
2.413244762143756272e+00,2.880757422335895601e-01,3.082946888631647120e+00,-4.346146745505231834e+00,-4.102561039849906832e-01,-6.042264058702560448e+00,5.940246884044726450e-01,1.369248237699034476e+00,3.009242385467840286e+00,1.366627682022919510e+00,-2.169198856472038806e+00,1.985931418326413622e+00,1.071753910263359533e+00,3.743145166473943242e+00,-9.578991758111937704e-01,1.784336561763724349e+00,-2.078820171722532084e+00,-2.458434659240381071e-01,-6.498730811379238581e-01,1.066790627360632460e+00,-3.718682333816412111e+00,2.110330173719905833e+00,3.784763964095411160e-01,1.451322326143317687e+00,-4.307506630947594561e-01,3.023290344370536786e+00,3.257407813765064830e+00,-1.671799711342468298e+00,3.322403791927943217e+00,1.526913625061971924e-01,2.998146203691677947e+00,2.839763055900768940e+00,6.530206751651930208e-01,1.311227406216083358e-01,-2.576167480456253767e+00,-3.153098622457903399e+00,1.075090064866291772e+00,4.687162609435250871e-01,-9.232631359545793170e-01,2.813830431324001680e+00,-4.625691770430320204e-01,-1.289276088723735558e+00,-3.087915261477848006e+00,-3.681939349750485313e+00,3.018815206363256731e-01,4.662248991153372657e-01,-3.966249602843479050e+00,-2.730322766873326312e+00,2.056437707592415620e+00,2.307424717258682811e+00,-5.447475781801944805e-01,-2.924318088371157032e+00,-3.739923684661896175e+00,-8.884972472028862533e-01,1.112565246866554780e+00,-3.771604415130423993e-01,-3.336145444430007156e+00,2.979742303777119350e+00,9.720317755187446451e-01,1.356153607378695947e+00,-1.922968985278507015e+00,-4.413997195154779618e-01,6.649896515674289521e-01,2.042743414577110173e+00
2.711926837343612284e+00,8.789766184419035566e-01,3.543695784805409144e+00,-3.048955910127902236e+00,-7.265617104442022578e-01,-3.463385396653463566e+00,-5.336033664014623312e-01,1.718234282641993405e+00,3.371884536639523144e+00,1.672821268042955944e+00,-6.529471549475291958e-01,1.108077627729237902e+00,2.384429252513978525e+00,3.171565465850286092e+00,6.609416046569517311e-01,1.333147380346645150e+00,-1.680338649377519200e+00,-6.889789040095951611e-01,1.961848538140400500e-01,2.818344673637215969e+00,-3.802864859892445271e+00,3.077182745246562323e+00,2.658353607004071417e-02,-5.126316993248454246e-01,-8.426272151995871651e-01,-2.595575741453459706e-01,3.103110355211609050e+00,7.715983142123408189e-01,3.154171509054223055e+00,-4.890512722456722416e-01,2.290665380069690560e+00,2.679773589688934088e+00,4.041118951842770368e-01,-2.570574379251033825e-02,-1.108660687866172445e+00,-2.469479938743556868e+00,-9.479613215874809207e-01,1.300329235270634820e+00,-1.882523090633340335e+00,4.998044927007892824e+00,-1.707974180930772912e+00,-1.535139199921029318e+00,-2.005597337198706587e+00,-2.381411296696461566e+00,2.697927079080831625e+00,-2.945100984503179475e-03,-3.085659853720406076e+00,-4.734019733139862574e-01,2.785756927896630319e+00,1.408662697044495982e+00,4.887250634681004624e-01,-3.081690988057185443e+00,-4.005452918104572824e+00,-3.255428672847554772e+00,-6.560704992731611895e-01,-3.352984475251488128e+00,-1.645290319836179238e+00,3.630458466261786921e+00,3.987254714045297410e-01,3.424914648702803266e+00,-2.552496086086090132e-01,3.585448397847876834e-01,1.368074132829186773e+00,-8.478453909534395816e-01
2.795790483258085324e+00,5.907547318995216568e-01,5.587680910726700034e-02,-3.495770919040516844e+00,-2.201144595440292839e+00,-2.823270752422441632e+00,-1.599217792556421713e+00,2.399087584758983205e+00,7.862645973668154209e-01,1.506361936842903315e+00,-9.400165440827399355e-01,-1.313064206429628955e+00,1.655125603480939400e+00,1.722641299218140354e+00,1.823339084956458134e+00,8.386853226637258629e-02,-1.946936971129108240e+00,1.547845898522724584e+00,-1.537499429362731984e-01,1.250589099574540564e+00,-3.668719845082033526e+00,3.833297198231448988e+00,1.123172991374043139e+00,3.457187893757715513e-01,9.336482566111035108e-01,7.172504307186726713e-01,4.443404368437121832e+00,-1.451675785505900373e+00,5.128851436973622668e-01,-6.477303229571534926e-01,3.807244667780055103e+00,1.660435972798529392e+00,2.587159993840352890e+00,-9.916056161699970950e-02,5.355175464647174977e-01,-2.929464643094509935e+00,1.426534961264498635e+00,-9.051101557641483275e-02,-1.530296806229851203e+00,3.364757223391808161e+00,-4.827885684989769999e-01,-1.427780194622060517e+00,-2.907014848104285676e+00,-2.189503944991603390e+00,1.835173097883690874e+00,3.923590921038624391e-01,-3.956464254489540089e+00,-1.091580749492749636e+00,2.538170971990616476e+00,2.666847346291126186e+00,-8.236189916991381033e-01,-7.743732906562506013e-01,-3.498147451347619619e+00,-3.718969040451383101e+00,-2.309623895342800992e+00,-2.106909577226140584e+00,-1.550958707920009338e+00,4.661611680808324110e+00,1.262156558358499936e+00,2.716877492215142187e+00,5.611953467804817741e-01,8.970807663160915713e-01,6.177717841357035500e-01,2.606953159555381205e+00
2.243366777267262080e+00,2.358124766740007594e+00,2.194845495673992009e+00,-4.279982808673338468e+00,-2.343014732355997998e-01,-2.764958549912732266e+00,9.612860273512577325e-02,1.229754594447406424e+00,1.702260588017677323e+00,2.798566090925623584e+00,-1.291447356856007644e+00,1.490966690442162568e-01,1.191905215146945807e+00,3.939618794929516943e-01,-1.290436060518769468e+00,1.853880075726517251e+00,-3.097430579911596649e+00,-3.519765317514326197e-01,-6.154969838482537980e-01,3.567780244236744558e+00,-4.737927502168066241e+00,3.677259895110315924e+00,-4.059094719014020303e-01,5.283135568387469228e-01,-1.373314913952836225e+00,7.728061370608974023e-02,1.833596288118666484e+00,5.298107766705222321e-01,1.436597007891344591e+00,-1.002352566946953516e+00,3.054907963372592850e+00,2.536126912902386454e+00,2.322237506579901023e+00,1.343312151634902030e+00,-1.479818798810510705e+00,-2.146245660799027899e+00,3.193114906375315032e-01,-9.428963076443852565e-01,-8.352970868462868959e-01,1.088544773661420217e+00,-4.085085964003640768e+00,-1.083492503518049155e+00,-6.406682970176638126e-01,-3.462721646042344670e+00,1.131033828515225048e+00,4.254963055756321721e-01,-2.822399834474525804e+00,-3.714363221537781978e+00,2.851203477628620142e+00,1.361688587579876764e+00,1.110236282584414536e+00,-3.557175905817017814e+00,-2.957835071773208035e+00,-2.800322790392635763e+00,-1.649748464135478265e+00,-1.259225044089436363e+00,-2.371181310542860743e+00,2.047994179575553630e+00,-7.443350258123810903e-01,2.056173593973525726e+00,-8.042624741817399059e-01,1.297741385737610331e+00,2.267468055261002702e-01,3.274120804939028573e-01
1.180411385846438233e+00,1.166210637461130517e+00,2.138066092891132808e+00,-3.962302428503447604e+00,-5.314518578038641694e-01,-4.886922769173576597e+00,1.409076183559474504e-01,2.057511945275442677e+00,3.347004278605698602e+00,3.020349155154747223e+00,-1.012068998104484585e+00,1.917272794783348777e+00,4.183099576043716183e+00,-1.835099139290377046e-01,4.373025081851077966e-01,7.429796861939024222e-01,-2.017729498911168484e+00,9.672614224552071871e-01,-5.667607094899503872e-01,1.386522593652980140e+00,-3.851483465002941031e+00,3.719132183777246858e+00,-1.253023392268606262e-01,-4.296767516271258192e-01,1.407878637481448703e+00,2.011059241920493346e+00,2.819399529724139875e+00,1.406309584017368941e-01,3.610884054550949962e+00,-1.062873082244197853e+00,2.391425166730311247e+00,1.187164383121510625e+00,2.046762507909682949e+00,1.207114208041603076e+00,-2.090409686066271977e+00,-1.594576670765114557e+00,6.664606321980792725e-01,1.906958576056444921e+00,-9.870940986503221604e-01,1.752259227990035084e+00,-8.100639413560988267e-01,-2.904347233015036167e+00,-1.309778452205337951e+00,-2.658731536523118777e+00,3.326316732201118231e+00,1.557943362901610618e+00,-3.991900785074407043e+00,-3.979312161726394237e+00,1.404087272402481545e+00,-6.116686765104297763e-01,2.105414291365766688e-01,-4.755176759170966605e+00,-2.300688906113965704e+00,-1.851894303638759620e+00,-9.097847164296524181e-01,-2.997880414159658446e+00,-4.228210472909608164e+00,4.060594001203752690e+00,-1.797684106518901537e+00,5.362079957222926296e+00,-2.696295107226842624e+00,-6.416859548944379155e-01,-6.633539090322395637e-01,1.244418254352884556e+00
1.854844578777543829e+00,1.793780681152829182e+00,2.049009624414459996e+00,-3.585707996993108271e+00,-1.135542598369636780e+00,-4.053519703778436067e+00,-1.738451664913253536e+00,9.535208104542671759e-01,2.893409710036000337e+00,2.821841139909053275e+00,-3.986108274354620562e-01,-4.986496357448266803e-02,1.558270341280523441e+00,1.571447110049936979e+00,6.891745663218915019e-02,1.456470781176449014e+00,-2.961876299402034896e+00,-9.823075706140278474e-01,1.029468735673042534e+00,3.500327494277705398e+00,-2.528513528251083553e+00,3.348507947482640468e+00,3.784743305255993118e-01,1.796212892086956614e-01,1.566631663823477849e-01,3.042175671092791633e-01,4.426298626872751107e+00,-1.392998298422424064e+00,2.160945222825987333e+00,-1.547988395023190744e+00,1.226887863800490752e+00,2.271926065559886077e+00,8.678460368408595915e-01,2.395108050077570105e+00,-1.644208165135853994e+00,-2.358598830203591401e+00,-3.027454783566343455e-01,8.372712749024452394e-02,-1.479894385554455072e+00,1.170823152015878499e+00,-1.168243027380726051e+00,-2.700717851148024096e+00,-1.522224056480651289e+00,-4.701222431431780535e+00,3.467542784769004349e-01,1.057449143174482575e+00,-2.742391057324532699e+00,-3.453125165829714405e+00,3.713828590707234589e+00,1.396855821584558122e+00,2.063015407802924472e-01,-1.884586832686609092e+00,-4.747705353987877963e+00,-4.932358474493954148e-01,-2.409967919997310304e+00,-1.368126543154452701e+00,-1.947766179997285851e+00,2.668245821157547493e+00,-6.633979064104511547e-02,4.740390368075718897e+00,-1.466921398505872443e+00,-2.147307550510557661e+00,1.036774404884237555e+00,6.544518449546932182e-02
1.367558661438862844e+00,7.543196183949754108e-01,6.716481365768534051e-01,-2.976865825181645331e+00,-1.788509207983631111e+00,-3.327936681388520501e+00,9.162542112389936433e-01,1.043060282027929109e+00,2.752386270526640200e+00,4.431122152087224819e+00,-1.325872809074896796e+00,2.523878919676557864e+00,2.670148855511135899e+00,1.387394338565295815e+00,6.817968896555845482e-02,-3.136698945038622899e-01,-1.995431846978363621e+00,1.210687413165555837e+00,1.340967059520308702e+00,2.916929079920604906e+00,-2.368086528422526094e+00,2.825899886337666977e+00,2.445511609565748312e+00,1.730327244297455103e+00,-9.432105396660405150e-01,1.869989199327783513e+00,2.627541355244691346e+00,-3.546803535145997444e+00,3.587539274768121622e+00,3.764454831384305145e-01,3.414863432803767918e+00,2.358167985312729975e+00,1.901551323615504163e+00,1.333352945281693902e+00,2.274386104442784884e-01,-1.242636449524563647e+00,-4.208012399424652661e-01,1.294201222842758181e+00,-8.501321128544125916e-01,1.469391528454607299e+00,-3.372602667515225416e-01,-5.799961366507393468e-01,-5.955015461607842120e-01,-1.114979167176652020e+00,-3.021353468911307516e-01,2.174486485572988848e+00,-3.984570206249792523e+00,-1.392485078475725002e+00,2.250277259851154010e+00,1.155594751242264184e+00,-6.382358745810708944e-01,-3.721321267290395252e+00,-3.764312967316322922e+00,-1.817259518403492091e+00,-2.741212496844463331e+00,7.349683899837151646e-01,-1.457018573116175109e+00,3.402241673488971330e+00,2.130799993328912345e-01,3.970278284637013044e+00,-1.254273646458769376e+00,1.498981888611258806e-01,1.362176264138053261e+00,8.771056153407794653e-01
2.511844399384962845e+00,2.742455662345619771e-01,1.694297545314892295e+00,-4.968414452599942521e+00,-1.906737977581815846e+00,-3.621604422394474110e+00,-9.889588357599682356e-01,1.216678640974974579e+00,2.715441765570841604e+00,1.925388763718968388e+00,-4.505037825477263835e-01,3.267223523970664845e-01,-2.621634744371488246e-01,1.700696958844185369e+00,-8.648433113314953902e-01,2.016165424649010163e+00,-3.757785909900608345e+00,-1.035840685732152933e+00,1.188825293734130373e-01,1.974434160598796728e+00,-2.262282047147734509e+00,1.154240703980647265e+00,4.668520538531622521e-01,6.526916955439397983e-01,-2.017124497408166572e+00,8.371013431665592641e-01,2.012658815488419517e+00,-3.198848539177949757e-01,2.374701349536227024e+00,-1.629490637076730808e+00,5.476876149355835999e+00,3.967218231477801282e+00,9.655280640549936955e-01,-7.768157926960714832e-01,-1.962370666710175238e+00,-1.079442516945358976e+00,-3.100135498970560288e+00,2.883946381802562908e-01,9.928808984824424311e-01,2.918909599409634126e+00,2.714258688048061252e-01,-1.654660320519861116e+00,-1.410475481120146313e+00,-1.063389227280934435e+00,8.915789993400907720e-01,1.418279099676690080e+00,-3.503963006399732016e+00,-3.404545746496971947e+00,1.776575947907691244e+00,1.660827539046674461e+00,1.341968803936413712e+00,-2.115055450164744499e+00,-2.546721606842706986e+00,-6.893396270495606437e-01,6.024145651504078103e-01,-6.882356870362392742e-01,-3.191517580194478843e+00,1.894799373765908568e+00,-7.422859157619843273e-01,1.732843337177030651e+00,1.191777079695334640e+00,-3.738249791997189653e-01,1.417577774663694612e+00,-6.003701940909775825e-01
2.565463508293424510e+00,7.774491084948536024e-01,1.189774074159559492e+00,-1.815531003115353981e+00,-1.063091360118744166e-01,-3.922172955617990286e+00,1.991374734437889815e+00,1.782390960171814198e+00,3.450910627025838284e+00,2.460304503151285349e+00,-5.771675570507677211e-01,-3.451597234224090816e-01,1.960761675330033649e+00,-3.513873699091465408e-01,-3.702783087133570961e-01,8.044006744341551940e-01,-3.375408508046805700e+00,9.433610453133984830e-01,-1.263291840104220798e+00,2.434799161671599599e+00,-4.912098914342351463e+00,3.245939743905448260e+00,3.153516314118006703e-01,-6.619098124788567183e-01,-7.743199891456848949e-01,2.304798635605268320e+00,2.260785282666777807e+00,-2.667405475261602987e+00,1.328212000925232061e+00,-1.021166223698569464e+00,2.955879572715790271e+00,2.357457108449029448e+00,1.464401349307173916e+00,1.397504514542167620e+00,-2.076693304038276899e+00,-1.927436093090948876e+00,1.108087607154264465e+00,2.482506344995559777e-01,-1.727944620357742878e+00,1.765323648303195547e+00,-3.948492276342483454e+00,-5.591492001088405051e-01,-1.488655700141784388e+00,-1.364981796974900075e+00,-7.297745273543105871e-01,1.509657701063940261e+00,-4.092841714354362281e+00,-4.180672774093838306e+00,3.500745431989142009e+00,2.183539645841269916e+00,9.076333765116610941e-01,-3.627613578163631836e+00,-4.017887462585714609e+00,-2.558944858704800041e+00,-8.063735427223118757e-01,-1.320459928157336149e+00,-4.726918381974564376e+00,3.984991943471444920e+00,-1.152801644600959241e-01,2.696542034129928656e+00,-8.962298204670662294e-01,1.234973986181693961e+00,1.847880750030613806e+00,-8.502491972816539345e-02
3.544686358437772356e+00,-1.214993446534176069e+00,1.104288910093298881e+00,-1.817126986035315195e+00,-2.465021193971452362e+00,-3.295622140003436673e+00,-3.203150291914788061e-01,2.907659279837293553e+00,3.204817139112316138e+00,2.767712424696939788e+00,-3.816432335474403414e-01,1.623844222716088304e+00,2.671601800418550443e-01,9.396622829134787525e-01,-1.018245990391089206e+00,2.830479381164825448e+00,-2.067046275442801395e+00,1.287684893140886189e+00,-2.287893534127900530e+00,2.257961829970494883e+00,-1.731590048871726406e+00,4.483985089581282502e+00,-2.882895898925208478e-03,-8.170157151025382314e-01,-2.161695531660065228e+00,6.390757661411716750e-01,2.703316854625911425e+00,-2.265179012019689075e+00,3.491826690225993346e+00,-1.958978787696164403e+00,3.201710498911769509e+00,2.274117276297639823e+00,-3.375834683010572324e-01,8.465388984562870478e-01,-4.124425949356840704e+00,-1.759925305027002729e+00,4.186295240661942474e-01,-8.319744769455945654e-01,-5.167624153409096088e-01,2.960463411605473993e+00,-2.177964969729027978e+00,-1.458301131380443261e+00,-3.035637243645555650e+00,-4.385644891665864797e+00,1.575368167835152100e+00,1.048562723168511290e+00,-3.474427270986379046e+00,-3.575166196346295067e+00,2.866066402746684449e+00,2.041358128457660293e+00,-1.195109114139134121e+00,-1.921833539519281153e+00,-4.265583814822278441e+00,-2.271361408058108822e+00,-8.689688940799371597e-01,-5.668243953720386585e-01,-5.314689863301339301e+00,2.379630231150812847e+00,3.531620017166230419e-01,6.060382085085104009e+00,-8.622255877207685160e-01,3.057469762686332304e-01,1.111403203429367714e+00,1.195399563961893286e+00
1.423982304935085264e+00,-1.038699122109519202e+00,2.381620800823933681e+00,-2.991771306750448556e+00,-1.887375941323235384e+00,-2.989182047371132800e+00,1.919685374898554731e+00,9.961535271318624485e-01,2.889314536183782423e+00,2.447396918304753477e+00,-1.358406290488013646e+00,1.588296562263569633e+00,7.313423487210801710e-01,-7.004066579966030659e-01,-6.285645882209620616e-01,8.808621303622545806e-01,-1.992650924422240788e+00,-1.321408997136375829e+00,1.063615409453342320e-01,3.222642342855433384e+00,-3.830292412780669675e+00,5.052184131254953137e-01,1.458771849586081970e+00,-8.142491535542825676e-02,-7.314443240446545369e-01,1.579363682718456285e+00,3.168402885079650844e+00,1.598453612375926092e+00,1.978716928813502474e+00,-4.764412565686750867e-01,3.681257090616276262e+00,3.060791936565623317e+00,1.913741382860181028e+00,7.265373107332008251e-01,-1.064296959212306604e+00,-4.611197150889568164e+00,-2.568473012611500295e+00,1.162745513889573146e-01,-5.807739520670476274e-01,3.329106223789553454e+00,-2.151140505275664250e+00,-2.673364279706350821e+00,-2.340105700150580947e+00,5.412457520725055815e-03,5.716319789399704199e-02,-1.000702270228153834e+00,-3.566717726589303084e+00,-4.226802817186614547e+00,2.276192747254362381e+00,4.511547582608850249e-01,7.772314265398421185e-01,-1.656610945967879278e+00,-3.492385154276952619e+00,-2.233836645467013327e+00,-2.328961192027465543e+00,-9.991822877169421746e-01,-1.720660151367705337e+00,1.850382694753150536e+00,5.347080952618815664e-01,3.531419274493555527e+00,-3.887813507323744089e-01,3.060715099244549764e-01,1.395589506294933724e+00,1.482639684220676823e+00
2.471923384300098725e+00,8.865039146357482913e-01,2.665621643201292468e+00,-3.557575376917046395e+00,1.449439223017001677e-01,-4.135581199652799356e+00,-4.970564956926061817e-01,2.132683875846310695e+00,4.635295952219909310e+00,2.584667453024986461e+00,-1.125368255678731444e+00,1.506543601439129798e-01,4.057067569851932731e+00,1.643943746111812709e+00,-8.706719010452731999e-02,3.313719833567503326e-01,-4.108242631198562478e+00,1.229175810402737712e+00,-1.463464207435292597e+00,3.978207081279367063e+00,-3.501604174084865129e+00,3.606815539871397913e+00,2.141690288909710027e+00,-1.756953893441871140e+00,-7.343518376687616644e-01,1.240160345305822531e+00,3.739726740863275722e+00,-8.652275733864833729e-02,2.046179237621848834e+00,-5.857711259385235403e-01,1.857952366525312593e+00,2.571504402335553774e+00,1.411027331249875116e+00,1.317567456636849155e+00,-1.953886420575384086e+00,-1.786851757258925977e+00,9.139730080310974891e-01,-8.156550013952661438e-01,-9.063093910221653449e-02,1.348768412013709561e+00,-3.186534900874251619e+00,-2.846790757985336207e+00,-3.582780860398261602e+00,-3.188211104992403122e+00,1.258546944480428920e+00,8.296016031814668068e-01,-3.882049418568831456e+00,-1.391093689197289152e-01,2.607403760723427499e+00,-5.458009854215650769e-02,-6.030767896562886365e-01,-1.444203488066328811e+00,-4.265037753884990401e+00,-4.732262861782789543e+00,-1.435711320863631180e+00,-6.176963621937017201e-01,-4.802420748885414703e+00,2.455152389030500704e+00,1.989872428093711676e+00,1.785352565481125975e+00,-8.076587492033067139e-01,1.038999008761473108e+00,-8.540516307507073357e-02,2.013133151823250699e+00
1.296569606230213445e+00,1.419152014016793473e-01,-8.363382428966827931e-01,-4.787746051766660571e+00,-1.012408914188585918e+00,-2.719087233014636951e+00,7.322894249787299525e-01,1.516176966857538666e+00,2.942848058459484939e+00,5.321691161824642080e+00,-2.479773045857398550e+00,1.956604093363531582e+00,3.519262468104975561e+00,1.202390332841976717e+00,-1.576823073209216108e+00,1.952364289790444296e+00,-1.869516512498727856e+00,1.507947391205985754e+00,-2.827162318258153562e+00,2.041146827242644068e+00,-3.632976748480023499e+00,2.686177597431942399e+00,-4.735136772421004725e-01,-1.355705656316859853e-01,-1.559576738483862801e+00,1.317036368702891203e+00,2.083997414047503938e+00,-1.781167020538383383e-01,2.777984170452323820e+00,-3.715205803804244589e-01,4.149076483869537313e+00,2.930957076042420617e+00,3.779185487292880730e+00,1.108164796116703599e+00,-4.591927055464042340e+00,-2.849454522306104742e+00,-6.889253788030453851e-01,2.247650764270047397e+00,-2.140228507213350895e+00,2.065438169382547873e+00,-3.516498386349084626e+00,-3.826987454359728424e+00,-1.337351073914913702e+00,-2.675452208021913414e+00,4.907112429535810949e-01,1.330198216539624223e-01,-3.230274377610699688e+00,-1.898503876505228005e+00,2.199717305735151562e+00,1.255298093782462932e+00,9.221483952843093634e-01,-1.339883134124445929e+00,-2.615420047002488868e+00,-9.830357137579774918e-01,-1.670583945271607806e+00,-1.141156227749072993e+00,-2.751964198905164416e+00,3.423007424684625821e+00,9.979828495398868071e-01,3.872604747316021445e+00,-2.708298440032767207e+00,1.469292358784773933e+00,1.467714556175057083e-01,-3.723893657447899797e-01
3.438855743947142329e+00,3.195172610004559655e-01,2.852409105140984114e+00,-1.063124160461235146e+00,-1.392022659689414965e+00,-2.685486870853786456e+00,-2.076826569537474909e-01,1.775224410433253075e+00,4.129313038427362414e-01,4.506198937913609370e+00,3.302561811384384649e-01,-1.793825296102835587e-03,2.219899364459122726e+00,1.381745016262772241e+00,-3.867324250887189674e-01,1.107077153077627774e+00,-2.084871245808613160e+00,-1.960641522270333947e+00,-1.529600036695404786e+00,3.999134357097405612e+00,-2.258102695369366586e+00,2.526786104321360860e+00,4.462264349205153913e-01,1.351361577659140334e-01,-9.882984233303864219e-01,1.062188607500900828e+00,2.877799018146022014e+00,-1.123597615401697780e+00,1.163473393567627578e+00,-2.441891098841159291e+00,2.032658558639460544e+00,2.253834859357902509e+00,1.198037777837761553e+00,1.176567546309921219e-01,-4.189601572857555301e-01,-1.312406209357592335e+00,8.593595872715338313e-01,1.053071704746172621e+00,2.720834270489926876e-01,3.152604664093032749e+00,-2.417237202682662289e+00,-8.543742125586284430e-01,-3.686884817473858433e+00,-2.096005013879668866e+00,-2.036157101420372761e-01,1.071311552143059398e-01,-3.165604439477896825e+00,-2.202988890174067294e+00,3.058213569207913540e+00,4.644641693659745663e-01,-2.609876977676581222e-01,-3.410974457364746026e+00,-2.499148936260927378e+00,-3.539475813183512454e+00,-2.166201404470541547e+00,-1.893137764717856664e+00,-3.991879410653673688e+00,1.789798707829052704e+00,6.662682990617969647e-01,4.091107037332674778e+00,-1.462868966615655131e+00,-5.069102430607643761e-01,2.198552702499452671e+00,3.509568115909449948e-01
1.363967197850756596e+00,8.920417023958733260e-01,1.837868560234122928e+00,-3.101394108607798294e+00,-1.952184560109923472e+00,-5.391002738149914819e+00,-1.167080721648564356e+00,2.033028140681101270e+00,2.746173681740339489e+00,3.325765032972429758e+00,-3.311989577503318127e-01,1.303046874253298348e+00,-2.700883680583472390e-01,1.920052304264594945e+00,1.652029156698651358e+00,1.916002490002191472e+00,8.129243245589234945e-02,-1.107603600445188352e+00,-2.959664740822648410e-01,3.190607670304593135e+00,-4.314289261575856571e+00,3.262128139951641970e+00,5.391141193019666211e-01,-1.574328353671591962e+00,-4.732516793621923124e-01,-4.365324966625780956e-01,2.938595493469037034e+00,8.245899502110907164e-01,1.167893696848328666e+00,-1.833151322687898155e+00,4.540552870864592805e+00,2.402784426071117974e+00,3.121304506089107811e+00,1.373709879832215375e+00,-1.243273909772204977e+00,-2.148566948688041656e+00,1.444268732292050661e+00,1.770296830417604994e+00,1.215822413604684016e+00,2.468106908105768493e+00,-2.296327574520348858e+00,-1.107608608626809765e+00,-1.437016525054795046e+00,-3.967923624505724778e+00,1.307414213242641843e+00,-8.147074135322831534e-01,-3.560003375449842800e+00,-2.143770039697931118e+00,5.394673872695397776e+00,1.511518573643599428e+00,-1.444109201671639475e+00,-2.939399893925913609e+00,-1.567890064013756746e+00,-2.211461729056562131e+00,-4.333974907017468237e-01,6.686039381039716734e-01,-2.453603155762813515e-01,3.110542250327077429e+00,1.623498808826658868e+00,2.961875555249686709e+00,-9.976022057550144595e-01,1.774025274096744376e-01,4.707624712263021038e-01,2.220605289962011009e-01
3.331762878236778747e+00,2.392248451996623615e-01,2.139230297568926797e+00,-4.518325313277077981e+00,-4.540392580101553777e-01,-2.175780568784178470e+00,4.002152185655317163e-01,1.837043979852463815e+00,2.130019614263967576e+00,3.400050178538304824e+00,1.128785621352714985e+00,9.571489072912635621e-01,1.014456586912991565e+00,1.221812909144009085e+00,9.507151997189722259e-01,2.557478814154685587e+00,-3.736298672599430049e+00,-1.098214801711386635e+00,-1.949340439220780041e+00,8.261273868170351253e-01,-2.425186995363795894e+00,1.835103832729375828e+00,-6.465666023162002229e-01,1.832125127498732686e-01,-1.342731992922930884e+00,4.570530135919859127e-01,2.998332551432591142e+00,3.252688084322208351e-01,4.153946222606401228e+00,-1.612413668866287786e+00,2.906044522641487493e+00,2.222420221853709243e+00,7.509476937588033252e-01,1.231902603406236363e+00,-6.879737076910785731e-01,-1.350012658772998808e+00,-4.476557124110824848e-03,-9.312856709923535981e-01,4.576476152729760383e-01,1.225386584964809344e+00,-2.781680900451352301e+00,-3.153844402688659621e+00,-4.492396896098745707e+00,-2.910889025138182706e+00,2.074401075736933109e+00,1.394715798984850763e-01,-5.296945895066711429e+00,-4.811877835638018297e+00,2.951934871600087718e+00,7.187328186978809708e-01,-9.896912517732283643e-01,-1.595628610779968426e+00,-3.492978997944451436e+00,-4.748942007831542078e+00,-1.219184537304238924e+00,4.108862899291854109e-01,-2.216130853766353770e+00,2.837398076259557200e+00,1.336963506354162945e-01,1.379923223277974342e+00,3.467791413374008425e-01,2.949262786514913470e-01,1.320183830422809512e+00,7.650937214065225422e-01
2.319450705415512903e+00,1.715898158596507184e-02,5.188331700739332586e-01,-3.558665305833473624e+00,-1.210273370238396984e+00,-4.097063821545716245e+00,-1.235856004965870704e-02,2.978891456222380274e+00,1.697222261912910923e+00,3.566083028877836902e+00,-1.015989055520950535e+00,7.136074250231063676e-01,1.321560644350519897e+00,1.860136068158249056e+00,-6.850462136488985054e-01,1.900783286018416174e+00,-2.287717671594350577e+00,-2.621641657421296401e-01,-2.209395266128193924e+00,4.835487987611108984e-01,-4.017090163319118723e+00,3.184411040186997610e+00,-1.164843561468457800e+00,7.631426716373747310e-02,-1.576865404871837795e-01,1.463048390515799824e+00,3.904826627721289523e+00,-6.698080624173021747e-01,1.783946495631919538e+00,-2.384124363849997152e+00,5.164304467966109868e+00,4.180228360202396409e+00,2.342611934512897065e+00,6.643941786016438478e-02,-2.430279478126580184e+00,-2.374338324152597934e+00,-1.492102318562986252e+00,-2.557614020807725819e-01,-1.990833138846629380e-01,1.515345243311781331e+00,-3.466193900683716578e+00,-1.386536203811460144e+00,-1.146446618181750754e+00,-1.945273184749672923e+00,9.143768644441195859e-01,-1.565092504748418767e-01,-2.161120650228061990e+00,-1.771376138520399213e+00,2.604655804833369892e+00,2.003103293900919901e+00,1.745071641528185946e+00,-2.951072545841983086e+00,-9.657039606917843244e-01,-4.957228015862392922e+00,-1.447869822569331388e+00,-1.529038821148920313e-02,-3.444936280656453409e+00,3.342203523297372580e+00,3.665436319027876033e-01,2.823156553255337098e+00,-4.504354456082264591e-01,1.761959538918911328e-02,1.458722197938499887e+00,2.634120616497727330e+00
1.636894702977178984e+00,1.908514447777795553e+00,4.579378278646895062e-01,-3.221774845523397435e+00,-3.097121841480833249e-01,-3.290197815977345730e+00,-3.153473795045448891e-01,2.249395462276360114e+00,2.551590075095703014e+00,2.226068845282630271e+00,-3.399480284138212127e-02,4.922146328591002762e-01,1.494268760082634540e+00,1.640405040821624194e-01,5.098195531899766264e-01,1.746110215229095042e+00,-2.861768810402946173e+00,-8.394131852241578651e-01,-1.016614844170160348e+00,3.907489474387338291e+00,-2.256069795026423463e+00,2.146933833984166817e+00,-8.599214098992953303e-01,-1.295775679428767813e+00,-2.878169686978401920e+00,-2.383011968510431178e-01,3.608490454885312726e+00,1.012430905549748239e+00,3.969182680014651243e+00,-6.935483811874009197e-01,2.661598956961322315e+00,2.108684703319445575e+00,5.050627562937756165e-01,9.916812209971852532e-01,1.991360971950615344e-01,-2.509810993774725052e+00,-1.133736045875859411e+00,2.215881178541365126e-01,-1.106722637264918374e+00,2.683434333700857266e+00,1.606865622102939817e-01,-2.038291189669869219e+00,-3.428456753554341319e+00,-2.231986741774305560e+00,1.375844084960240465e-01,1.363350072512472977e+00,-3.087184162931674081e+00,-3.741390408962839587e+00,2.541309177567074862e+00,2.059411787439530350e+00,2.160257512144115599e-01,-5.932886722934091139e+00,-4.488587953823179433e+00,-2.846637622294366565e+00,-4.342227145915855679e-01,-1.552854841248814122e-01,-3.631982113192778083e+00,3.705318023907246516e+00,8.989516842447617950e-01,2.710334573299160610e+00,-3.613637891442847971e-01,1.584833420022637496e+00,1.362907606049555298e+00,1.006946550959160747e-01
1.189489668423515667e-01,1.079134522050193334e+00,6.974282271210041628e-02,-4.025206760829791008e+00,2.569899215600628395e-01,-5.378522197240243941e+00,-8.356754968173250031e-01,2.054583559124037784e+00,4.466264432836799969e+00,2.256534994995217591e+00,-1.381130649544835887e+00,1.138829073238839307e+00,1.840318314239423270e+00,2.529134039693608837e+00,1.133190713057257604e+00,1.873206925253640076e+00,-1.802671999706187300e+00,-1.065340451321938664e+00,7.476846620809611821e-01,2.967588317863050662e+00,-3.230984902541104820e+00,3.796298399719196137e+00,-8.438165018188588107e-01,1.696979539325758513e+00,-4.738580469783925109e-01,7.761331473607593345e-01,3.228318519215056526e+00,-1.120988117981671639e+00,3.313204608648689486e+00,-6.004964753070157757e-01,3.564671483906373339e+00,3.105125833844391003e-01,8.655884320863429515e-01,6.144084950287731495e-01,-2.215334130305963711e+00,-3.905712898692790702e+00,1.131401784117444187e+00,8.233372384361965501e-01,-1.360673909168173656e+00,2.644677408519172435e+00,-2.496765942257806348e+00,-2.411807042558298697e+00,-1.000611861739875819e+00,-2.839427750652658400e+00,2.438458120219767489e-01,-6.113784852042740692e-01,-4.928759515399386615e+00,-9.916230881933356667e-01,2.422709010472963165e+00,1.164947545157135389e+00,-5.644516165083539594e-01,-4.087974454929206303e+00,-3.586471003511090050e+00,-3.296836642810547779e+00,-2.482671978926904277e+00,-1.200094337691445023e+00,-1.751498644996963616e+00,3.427009962386294184e+00,5.901539628235719093e-01,3.811479977608545511e+00,-7.708302745238033715e-01,1.197878516130563398e+00,7.594148492731533917e-01,7.443839719838230007e-01
2.079212999390346095e+00,9.978527228496527623e-01,-2.096096650444241316e-01,-2.461337684055328712e+00,4.189500424892553809e-01,-2.796161196907114288e+00,-5.688977738208353951e-01,3.007135106823356274e+00,2.095290034644871735e+00,3.149486419670029846e+00,-7.356952542346834045e-02,4.200792912075057561e-01,2.028949816915469828e+00,1.508768495333581594e+00,-6.084920224262637539e-02,1.850551810036058509e-01,-4.101403849390700351e+00,1.334053873903219278e+00,-1.778373062110812475e+00,1.123232457196538636e+00,-2.346829616541910912e+00,3.009008209096563746e+00,1.696848682990796497e+00,-1.209685653874329025e+00,1.698613716068574364e-01,1.102588860914986091e+00,2.272150955937101813e+00,-2.083531717221871471e-01,3.610866409057691406e+00,-2.164764881924570172e-01,2.230037998340262284e+00,1.434434729450774215e+00,1.614820618333713487e+00,1.252595327299227401e+00,-2.738779071417985822e+00,-3.284310520070668371e+00,-8.326639686217411906e-01,1.728356305346022026e+00,-9.100973885602436919e-01,1.566628802615066984e+00,-2.993946804628242919e+00,-1.187585419880540005e+00,-1.461074793768789570e+00,-2.992370166311161039e+00,2.645771973777886199e+00,1.095832141768650292e+00,-5.507038801659634331e+00,-1.628299494164138661e+00,2.778077277682196478e+00,2.095225095840151930e+00,1.136591613690074665e+00,-3.989257473363489126e+00,-2.191791421407192075e+00,-3.726382521927115832e+00,-3.226457217993034199e+00,2.174739278492177075e-01,-1.809196820505734715e+00,5.472468845644876012e+00,2.222878961932926778e+00,8.147043536888727289e-01,-9.451565152266305780e-03,-6.418742727183442964e-01,1.872250988171876962e+00,2.604107707652725812e-01
3.153945294777628749e+00,-3.385574401915167897e-01,1.392891307543249635e+00,-3.100526163683517744e+00,-1.729860291745977996e+00,-2.439985504193638022e+00,-4.090300030447247548e-01,2.624810689094362104e+00,1.699380665893262865e+00,1.621782056563822350e+00,3.957641604234208854e-01,1.881736935369143771e+00,1.879954449039275444e+00,8.085998963579210663e-02,-1.087262197861009527e+00,6.728949889970516907e-01,-1.645166785925637587e+00,-4.171010950598444955e-01,-1.937080484550460113e+00,3.840373059523171761e+00,-2.818484649379337625e+00,3.485427662398334459e+00,1.408926652402001212e+00,-2.519869803533054675e-01,-1.515851476939465758e+00,1.021303283173344179e+00,3.016667942886691822e+00,-9.659222555862642112e-01,7.133162040601019882e-01,-2.214730345588167282e+00,4.264268997526182048e+00,1.080250165998180245e+00,-5.761628935211198232e-01,2.217772278346101800e+00,-9.916455098960906822e-01,-2.574980588119999414e+00,2.574363617282793837e-01,4.356821052251296233e-01,-9.423750641258239469e-01,3.411576393390236550e+00,-2.831059659421260477e+00,-2.440584770234053291e+00,-3.515251948499644730e-01,-2.720512851641380792e+00,1.874983685448065707e+00,5.582885911413304481e-01,-3.069406565562957656e+00,-3.082193421170674519e+00,2.986097666484978763e+00,1.549038939934020087e+00,-2.060658679974625596e+00,-3.312943652470115907e+00,-2.938667465950579150e+00,-3.508815552710392804e+00,-8.325033075594387988e-01,-7.829615596185210968e-01,-2.101462307000233842e+00,3.223732251226737233e+00,1.838682150771256407e-01,2.821409851725564799e+00,1.338015754772091670e-01,8.164104756490873083e-01,9.560680394165799179e-02,2.076133538562102920e+00
2.829768856091321005e+00,5.974804426321020934e-01,3.522995085293014750e-01,-2.564238652407603070e+00,-6.134533129773418469e-01,-3.883358317668075266e+00,3.234391086768189094e-01,2.623988097030181876e+00,2.831751599408729003e+00,2.902263964262555618e+00,-1.651537475866106552e+00,1.676039785480697430e+00,1.869982063027020525e+00,1.298818610789455263e+00,-1.091095941704999017e+00,1.005594561011729393e+00,-1.621258495838628688e+00,-2.067955315261318372e-01,-9.866588395202335882e-01,3.705306612805866706e+00,-3.330876516375833596e+00,2.664591794439442385e+00,7.735477402164634420e-01,-1.825420396875510054e+00,-3.492543356168598123e-01,1.379506925259725847e-01,3.884746513507531862e+00,-1.100039209420574648e+00,2.327145995307461135e+00,-1.797999305501949863e+00,3.159026954205151227e+00,3.168115109307840349e+00,1.683031398623895836e+00,2.607825093425319984e+00,-1.485491854839511294e+00,-2.381908875026840011e+00,2.382794009769648169e-01,1.189410113916428702e-01,1.758222939584363154e+00,5.366982342709289977e-01,-1.864033982574284654e-01,-2.196110084129379469e+00,-3.148990104599187934e+00,-5.339598730344543576e-01,-2.011399155870471578e+00,1.588791451758703843e+00,-2.874645348429434311e+00,-3.357192143789352379e+00,1.780927100497047944e+00,2.664980560665109799e+00,1.187950780289630248e-02,-1.341850811101535479e+00,-6.767882355033538744e-01,-3.729048352259244137e+00,-7.472488752118991995e-01,-7.952989321578369797e-01,-3.491732858476371160e+00,2.455107901035909812e+00,-1.320039637480819650e+00,3.228848404425668228e+00,-1.257634174166943897e+00,-3.479877509207548458e-01,1.079111100684778668e+00,3.489785312050460053e+00
1.228353433467380906e+00,2.262142074954925697e+00,1.495339778106532513e+00,-2.056814782679512454e+00,-1.293817574356029620e+00,-2.564447450643408288e+00,-3.843670057630461240e-02,3.296012700648270233e+00,2.424493376371300357e+00,4.716459990555584625e+00,1.371018747528119919e-01,4.100739667637564589e-01,5.982143095420224821e-01,2.636329182784423963e+00,2.210351548086490203e-01,3.089160929221366647e+00,-2.298099990035004314e+00,8.295724154435974995e-01,-2.440311266534176848e+00,2.063215602753948108e+00,-3.615950802044429757e+00,3.328565659901958629e+00,1.598926544256774385e+00,-1.754859640733252013e-01,-2.828503799217202408e-01,-5.693968085627141296e-01,4.763954015756699079e+00,-6.814701516782977198e-01,1.582840673893784800e+00,-3.925786118555685267e-01,3.337951593899222580e+00,2.671818676566358519e+00,3.476259795519394125e-01,4.065139989651933572e-02,-8.336000463447539310e-01,-2.836957315583569006e+00,4.948342038480786353e-01,1.435287654564828319e+00,-5.644693933951960840e-02,2.188042596007724772e+00,-1.452506850421934947e+00,-1.823796802077534807e+00,-2.287894209806320411e+00,-2.622274232322785004e+00,1.787735453259041041e+00,-6.972463552115575336e-01,-3.278613334428623016e+00,-4.260871604974679094e+00,3.734246612914753349e+00,2.729706309673222364e+00,2.408742057349131382e-01,-2.450935784768183634e+00,-2.692122052908784369e+00,-3.497794762613225750e+00,-2.480991663834554828e+00,-6.005325188997249208e-01,-2.608887765184535912e+00,2.182084638998850412e+00,1.608822002049202227e-01,1.971662535044851561e+00,-1.083916503322156055e+00,-6.270139192559667229e-01,4.589589674757861282e-01,7.949123192380412872e-01
1.904844669616163610e+00,9.172071360178750687e-01,2.213454012875081922e+00,-3.285103761878175987e+00,-1.635233492571241065e+00,-5.418812255305228476e+00,-1.056521252174324577e+00,3.080370555543235245e+00,3.882979609521508557e+00,2.481897731576639288e+00,3.529675238787332026e-01,-1.586014965208387473e+00,2.439021920243205077e+00,1.107125386615171125e+00,-1.375286961398970442e+00,1.857209940082802380e+00,-2.240320488151347877e+00,1.446840931386292328e-01,-2.991827028300067859e+00,2.737225948077881554e+00,-1.066123762711442602e+00,2.383474218474952000e+00,-4.172121636919039478e-01,8.772387918090546188e-01,-1.014827348777531002e+00,3.633632842161010901e-01,2.570395245115131289e+00,-2.503829886343539535e+00,3.386026291011982714e+00,-2.045144882687671917e+00,4.069473055888161106e+00,2.010850838741083280e+00,3.179581670671699722e+00,1.488197557878041977e+00,-1.864432033332548144e+00,-2.629967812456298848e+00,1.378266081218236350e+00,-6.972251279303445237e-01,-6.984782147603132429e-01,3.356001018699986460e+00,-4.856583521908688361e-01,-9.605210683839954244e-01,-1.697892989695109822e+00,-2.301121850080763753e+00,1.953711996659693195e+00,-2.796301158348607485e-02,-3.366710416733220690e+00,-3.153621903618688549e+00,2.283218375138359679e+00,1.016104819058324615e+00,2.227673255565937316e-01,-3.187997109939781026e+00,-1.519228124072323549e+00,-3.323850423113820174e+00,-1.843401367983288131e+00,-2.015497824624283396e+00,-2.684042045278523858e+00,2.544880759250793822e+00,1.321777617765807378e+00,6.433659692103677052e-01,-1.563202447945252649e+00,-1.520585913484126861e+00,3.024884460928020102e-01,3.482525597730531386e-01
2.751617970739312469e+00,2.002894432622455589e+00,5.676477320579444985e-01,-3.963546560616150405e+00,-1.010176915005379206e+00,-4.518904717591849085e+00,-9.427071353008456001e-01,1.401540875398312735e+00,1.188084580568649962e+00,6.509122671198928067e-01,-1.067857488545995714e+00,-5.265830040949626145e-02,1.576633517730694045e+00,1.058572584315303322e+00,-1.360446117500988095e+00,8.026859837798849817e-02,-1.155866824760117151e+00,-2.633702908418032451e-01,-7.385365072738883097e-01,1.015256068143286061e+00,-4.431647533978159359e+00,3.014528416119099941e+00,2.129894039903176939e+00,-1.154591357364512128e+00,-1.790779939760155814e+00,-1.771295786106166226e-01,2.765798706597761836e+00,-1.397264453861238875e+00,2.420940352848436117e+00,-1.290628752126443235e+00,1.672386983769976743e+00,3.804751126960985275e+00,1.486346547632861226e+00,7.673048843447771716e-03,-2.264461248658142356e+00,-2.867914636695614305e+00,1.628979851590214301e+00,3.066559282579273127e+00,-1.981743339543585281e+00,1.088659295440162378e+00,-2.896463068432117538e+00,-2.984138450623349037e+00,-2.756853454655754376e+00,-2.927164396467459628e+00,1.907176394139482589e-01,2.346720216129193126e+00,-3.499601868335272314e+00,-2.738120134399802730e+00,3.684801170785893643e+00,1.984977798855169784e+00,-1.152148426286394023e-01,-3.949288274126502518e+00,-3.258842419614312647e+00,-2.033868727355161887e+00,-1.422655604674606611e+00,-3.227049477125139454e+00,-4.389697062240718317e+00,2.796084908268185565e+00,-2.941223254047740099e-01,2.316201995599252772e+00,-5.824767717231392750e-01,1.926960021097360087e+00,1.483478944937270283e+00,-1.095829862742782268e+00
9.736151287684065014e-01,8.367119004406745608e-01,1.411533476474782001e+00,-3.520257199313708618e+00,-7.502936158759248020e-01,-3.650898447825280169e+00,6.234603351477810973e-01,1.152779366090889601e+00,9.592271324054033599e-01,2.513813869110468335e+00,3.850657294891228766e-01,-1.778369800496686359e-01,5.123370651384182572e-01,4.268717029751333270e-01,-3.653734656934786162e-01,3.546971474253566292e-01,-2.065495429115666415e+00,-1.097380237698103222e+00,1.661828851178537292e-01,2.175233047944991505e+00,-4.961594676741826859e+00,8.020347305329194043e-01,3.547297694058292095e+00,-2.950374138499792798e-01,-1.804771261223432122e+00,1.799898516782701741e+00,1.671612786443766874e+00,-1.200422315490844882e+00,3.780387641771434382e+00,-2.008893666108353404e+00,3.769787889621724730e+00,1.293158418736463311e+00,1.265895653308705571e+00,3.487053824019215043e-02,-1.670759706654484811e+00,-2.027504592053573695e+00,-1.648511829018946218e+00,3.801058331189810513e-01,-8.687202318546842772e-01,6.529495362076080944e-01,-3.591104846734571421e+00,-1.486687845257189444e+00,-1.758886101573795102e+00,-3.922726909817122909e+00,9.473115325651784158e-01,3.157623605190378324e-01,-4.947602842780862709e+00,-3.889430093837116686e+00,4.198066352104624421e+00,-2.033145213503331217e-01,-2.391802939843167553e-01,-2.844808246331994805e+00,-1.909696028110362764e+00,-2.381386314509607693e+00,-2.517803999786481395e+00,-8.047620673270962088e-01,-1.962335492261922720e+00,1.736924754893598433e+00,1.723467722674507652e-01,3.077803120643815227e+00,-1.382641151186813300e+00,-8.427490584638224203e-01,1.599360284566223589e-01,4.151169145686492978e-01
1.416743513805545307e+00,2.121396724222925467e+00,2.539707596624567021e+00,-1.030746799974288752e+00,-1.124754956097274716e-01,-4.562868205291950474e+00,-6.996361623443614342e-01,9.206725722621098562e-01,1.762675011557775173e+00,4.057875049585723204e+00,-2.244979475281428272e+00,1.782054830262786993e+00,2.647016789435118866e+00,1.713728650060093450e+00,-1.181421911973767447e+00,2.893800123433237559e+00,-2.746013692581506405e+00,9.603982508352889580e-01,-1.734191138363620377e+00,2.007715376887984515e+00,-3.846957482041998055e+00,3.394179254925047573e+00,2.506456873867373591e+00,1.563221400815924866e+00,-2.603330222436700758e+00,1.144798397770357523e+00,4.472526622688883791e+00,-9.107944968195169633e-01,2.266000816971732945e+00,-1.748403063611773112e+00,3.057567780886768283e+00,1.640478430650986752e+00,1.815581595893709377e+00,-3.485211565968897585e-01,-2.039470780893748447e+00,-2.382757567115253661e+00,6.269179675765804149e-02,1.721334487375163702e+00,-1.023005185480043711e+00,1.777670823321706672e+00,-3.897165744822236988e+00,-1.396474785589319811e+00,-2.013891638591476241e+00,-6.017385596138473680e-01,1.584108677234908447e+00,-6.685371278506085924e-02,-3.351575792589566394e+00,-2.959139870440639974e+00,1.665643366758936095e+00,1.374045069188269297e+00,1.172950782437119921e+00,-2.494502000635236971e+00,-3.700769988204138272e+00,-1.946420426680262938e+00,1.954106363202932073e-01,-1.389937308201803834e+00,-4.360248351664513855e+00,1.600588751074399685e+00,2.327631820994823908e+00,1.904636335115644563e+00,-5.837770092450412784e-01,-1.492672896359471257e-01,1.775021117191834419e+00,-1.017834837895047473e-01
2.367848246635813059e+00,9.691205294436704420e-01,2.187358947301237588e+00,-2.648434095553426904e+00,-2.179430759873284273e+00,-3.613171804490131311e+00,-1.189866356010336856e+00,3.664280119275560299e+00,2.968542257921286787e+00,1.951617118221028013e+00,-1.594274228621876510e+00,2.058783580284070158e+00,2.475209738385921288e+00,-1.021034727295748734e-01,-1.215114533552951182e+00,1.675103550995091339e+00,-2.071456736454689640e+00,-9.097532096137316282e-01,-2.330696171751414969e+00,4.170647751207587461e+00,-4.109255201816327308e+00,1.864223512514972869e+00,-3.712668140983030884e-01,-3.438310919691175416e-01,-3.161854513627724850e-01,1.023234895245788589e+00,3.292668878941367616e+00,-2.341484901959347553e-01,2.721569967111669541e+00,-2.063006749863309786e-01,4.372447255879463590e+00,1.364200246139601669e+00,2.285777077810620117e+00,-2.655206975330086649e-01,-3.287772322294780114e+00,-9.943727528366119728e-01,5.537665579380975922e-01,4.438932339055693399e-01,-2.110438309047033556e+00,2.795282634952671152e+00,-1.699680416855290810e+00,-2.023488104249080877e+00,-3.379056985334047081e+00,-3.156980178015134086e+00,1.485084725902831693e+00,-1.553431781003158374e-01,-3.400463114067917569e+00,-3.761302394539649541e+00,2.417942272583608165e+00,3.268815726584773707e+00,1.621486998512857228e-02,-3.435427997149465007e-01,-5.447712994686227717e+00,-5.171175252793954513e+00,3.633774440072623513e-01,-1.889377008203464214e+00,-4.396697059322400847e+00,3.548151239874035134e+00,-1.443307976496266853e+00,3.458957261410439799e+00,-1.557986828551056746e+00,-4.743286979052051544e-01,-1.580522522620102510e-01,-8.914102081556247725e-01
1.757470670288714398e+00,1.144053592233151617e+00,2.587465177505272607e+00,-4.504775398514045293e+00,1.915664152905744988e-01,-2.897843617562120500e+00,-2.553793509256408467e-01,3.871230336969517349e+00,2.492361425487496174e+00,3.238281832451578524e+00,-8.882936387831033009e-01,9.671098573376633034e-01,1.613047714066132787e+00,1.257889196949366850e+00,2.205973098644819164e+00,1.283227035342675570e+00,-2.263020538303788243e-01,8.822245144239903025e-01,-6.352624822466039767e-01,9.707627251172494809e-01,-3.818401948268092205e+00,3.266354340671607570e+00,9.272697334222471666e-01,9.757056575687281796e-01,-1.757488154734975216e+00,1.815471628458385389e+00,4.329496845257835957e+00,-1.224887221464004305e+00,3.315992131360181450e+00,-2.109430796882826087e+00,2.208689140312711352e+00,2.143366564382367834e+00,1.704850528090415818e+00,-5.537515596077180469e-01,-3.371037314475520130e+00,-3.354334471260836281e+00,9.616899372644964750e-01,-1.012700157561156056e+00,-8.566665483089087596e-01,4.643491844420978509e+00,-2.809500488431703413e+00,-2.157042568979993025e+00,-9.568130021911820382e-01,-2.784411998596623583e+00,6.860590999815718849e-01,2.722912302699684872e-01,-4.905207650209852943e+00,-4.302473123238478081e+00,2.021260329641117348e+00,2.025283336940106871e+00,4.171742975867711034e-01,-2.371662867198773839e+00,-1.727503901838624234e+00,-4.252335500057691675e+00,8.311230666214375340e-01,3.621050501810090250e-01,-2.150530007775682151e+00,2.027071473941543189e+00,-1.993065722157069786e+00,3.952311224890133978e+00,3.721531283977175253e-02,1.207680843460557929e+00,-4.781690093076931269e-01,2.610770213864711309e+00
2.695709487130512727e+00,1.928251267054709173e-01,2.417754450131088362e+00,-2.431571998930572409e+00,-3.835445770702142765e-01,-5.267260762998434487e+00,-1.388927020442938531e-01,2.771827280977378294e+00,2.535532549579777584e+00,3.046456265026320942e+00,-1.032857012243615369e+00,6.027145330088223840e-01,3.405020727764951793e+00,4.198216719163435640e-01,6.162924651409413812e-01,1.125462914797859426e+00,-2.440889255512836087e+00,3.721186091810695373e-01,-8.893721855855574177e-01,1.098678335931136285e+00,-4.755144807956332542e+00,3.719001155467121400e+00,3.824175436915089321e-02,-1.909196524935534989e-01,-1.924262467687470890e+00,1.316916399046474728e+00,2.642807207640909262e+00,3.782492223299149803e-01,3.068163928868669288e+00,-8.107218660502112373e-01,1.947520689855783971e+00,2.292120982665923457e+00,1.837074849424051415e+00,1.178678727398546400e+00,-1.842893336850507824e+00,-3.648112667238473605e+00,-3.175051524583185625e-01,-1.397580157280026381e+00,-1.865724494108055298e+00,2.782736656388636209e+00,-2.747176427469703697e+00,-2.140840693729999522e-01,-1.550581188645279607e+00,-1.371309522110473189e+00,1.516810720986475403e+00,6.419167438729638242e-01,-4.383114536220560353e+00,-2.762258855003277613e+00,5.317210752177676802e-01,5.799817153964700323e-01,-8.152796093203526495e-02,4.287443730870372782e-01,-2.459098378350720537e+00,-3.310120047371907681e+00,-3.611268124813982627e+00,4.212085964936409521e-01,-2.880369787448659125e+00,3.013020692186275884e+00,-1.831861438408772802e-01,2.113083122035124717e+00,-2.856537037958783998e-02,-1.583494022016236569e+00,1.863017388329302193e-01,2.280182803724970064e+00
-5.169229344615651200e-01,1.793569557669825620e+00,1.408983543283107709e+00,-1.616889205348682523e+00,-2.230730863990104673e+00,-1.407865483606518975e+00,2.868015882777846248e-01,3.072259400011216002e+00,3.029501187474620938e+00,4.966769666266840133e+00,5.348193392330853335e-01,-1.189993760581193660e+00,1.049649440258736188e+00,1.185144178398267023e+00,3.212337477701524557e-01,-8.563119736999325049e-02,-1.995457062337391951e+00,-7.931132211241291863e-01,2.951446004929079159e-01,2.777761360233401255e+00,-4.198906561275999039e+00,2.006561596886778709e+00,4.842062320881911908e-01,7.018606725459048956e-01,-1.850568459824544876e+00,8.856578863458791639e-01,2.902772814703721505e+00,-1.385591159124421434e+00,4.595050375601445580e+00,-2.054245636600651181e+00,4.132192099821251574e+00,2.753101477757999849e+00,1.115190458069682977e+00,6.359319821561499886e-01,-2.517904549511437828e+00,8.058102209376016845e-01,3.091658359318263938e-01,-1.721370668234613266e+00,-5.683041071569896463e-01,1.708374266344576897e+00,-1.679937619080856814e+00,-3.533569330149083143e+00,-2.470459334311523314e+00,-2.847142644581021287e+00,1.095336909890577415e+00,-1.691891510841548874e-01,-3.112596621744394998e+00,-3.464802725985865806e+00,3.715265821403482605e+00,1.308828508436066906e+00,2.445834615988642935e-01,-4.123437229810349436e+00,-4.239896633584825381e+00,-3.401143101315495354e+00,-1.278891868196440074e+00,-8.506641784391348882e-01,-3.047709025609307343e+00,3.020026225466071690e+00,9.905940616803445842e-01,3.568704184595773210e+00,-5.730658169172707650e-01,9.144302929715955042e-01,1.286616786942101243e+00,-3.563948572651139957e-01
2.748606915474092638e+00,7.991419410516156230e-01,6.073371500630959652e-01,-3.477049557852139650e+00,-9.684325356217635683e-01,-2.342530890621726591e+00,1.893994521664584374e+00,2.063790160270299268e+00,2.563103991227784206e+00,3.917833842059982530e+00,-1.133629962212882702e+00,5.727355112780583291e-01,1.935092933089545664e+00,-1.183920378219273761e+00,-1.820318661821380690e+00,6.822958672011105730e-01,-3.277749264590029021e+00,3.088672608119214513e-01,2.230047629336895376e-01,2.521175747652923071e+00,-1.336243013138086244e+00,5.281503100984926036e+00,-1.361620543037185271e-01,-7.367824754666326692e-01,-4.471217582574747440e-01,2.064890144283077156e+00,3.188974638420016827e+00,-5.375890245737685591e-01,3.789823366650053593e+00,-1.504111280506256643e+00,3.649338618788195987e+00,2.485088591470781871e+00,5.101116990963650011e-02,6.426357922663520350e-01,-1.343094608720605265e+00,-2.427137816353384991e+00,5.604147816155413686e-01,1.818034264584937665e+00,2.784181218393992907e-01,1.941413159221488938e+00,-1.200556305939590285e+00,-6.124296282368577593e-01,-1.470260844981615689e+00,-2.672811568120104120e+00,-6.736374715956396919e-01,9.674119564070968735e-01,-4.089114485104337504e+00,4.564914665406059058e-01,2.828425183982008928e+00,2.025118873928410057e+00,-8.154903960140417185e-01,-2.931003592087378262e+00,-2.920228993475867174e+00,-2.617312101226754617e+00,-6.607484220956481025e-01,-1.239100780399966517e-01,-3.361774448101344959e+00,1.927726231725020334e+00,-1.907306675698658971e-01,2.458571022477745505e+00,-4.477394774987620840e-01,7.028416057200942424e-02,2.367456586489112613e+00,1.584962994112802281e+00
-4.492667521669622133e-01,-9.253110057490097073e-01,2.034082428898881467e+00,-3.182032850135849245e+00,-4.729453469906474417e-01,-4.864824443248336294e+00,1.973828073660125471e-01,2.327746921635356792e+00,2.573283041400499460e+00,3.189773840287003726e+00,-4.568022701659912865e-02,1.759224487963060746e+00,1.715893111086409739e+00,4.168910273432232527e-01,-1.017669003308975029e+00,1.486609686221373794e+00,-2.706783730954581912e+00,-1.048082656255129530e+00,-3.015261137462389440e-01,-1.075515217345595076e-01,-4.428108501366710748e+00,3.236433053281055461e+00,1.888225556990610343e+00,8.943225822416358550e-01,-5.356431714395382127e-02,3.225299844442445885e+00,3.932437007846509847e+00,-2.092914240726464037e+00,2.164449930470614625e+00,-1.445399844619990715e+00,3.922217237454386218e+00,3.361401470274228309e+00,-2.524174194128923077e-01,-4.466585809612830804e-01,-2.153753294666101326e+00,-1.144821452525547567e+00,7.436993176621021773e-01,-8.963377356023218834e-01,-1.128379576304351373e-01,2.484078460375950481e+00,5.943991330180553589e-01,-9.143438075512443364e-01,-1.982853991837947749e+00,-3.148338188756093725e+00,2.108540105744897808e+00,1.309374794675485454e+00,-3.521384497948615522e+00,-2.932736986425659609e+00,3.585093791296122046e+00,7.393808487245410177e-01,-1.925855958034075610e-02,-1.835074719092435247e+00,-2.819295184230513840e+00,-4.989577325444860101e+00,-2.796464187041173055e+00,2.265648262710253658e-01,-3.547777091447410047e+00,4.024292296865217722e+00,4.190213213392255387e-01,3.222620306176595673e+00,-9.916274234102699925e-01,-8.265535713401671591e-01,-1.177068714474598821e+00,-1.294649417546375192e-01
1.464969750195119325e+00,2.562953132098076292e+00,2.329396855917149178e+00,-3.138075241478798016e+00,-8.139072708713225301e-01,-4.825762474121070511e+00,1.706144797967452664e+00,2.054759718896022491e+00,2.563303053382368191e+00,1.962541729924769163e+00,-2.905193424067581409e-01,-9.724208506670173335e-02,2.239462458975969739e+00,-4.263075675535490383e-01,1.787298244557694593e-01,-3.222651495870862970e-01,-3.771135527091947992e+00,-9.678325510757694872e-01,-9.670568401283889948e-01,1.374087306158720878e+00,-3.643997068806251960e+00,2.757689318284328728e+00,9.695910015058977205e-01,-8.436857873261215390e-01,-1.927370356670902396e+00,2.940182219551275900e+00,2.135023700598789986e+00,-2.995970007850490280e-01,2.889169293590071241e+00,-1.325172005030425648e+00,4.152462081347334077e+00,3.581094158274835682e+00,1.697750154015300161e+00,3.010882881819383350e-01,-1.478110661189688146e+00,-1.991806229927121974e+00,-7.216066481601064453e-01,-8.190659966521427471e-01,-2.462450133699263244e+00,4.220922283743032466e+00,-1.551056296862636685e+00,-1.088803172023651289e+00,-1.939794801674197045e+00,-1.522541363503850942e+00,2.803218051027710711e+00,-6.640079550533326547e-01,-4.311293317768068789e+00,-2.292725828341127148e+00,2.227028550076739943e+00,1.456108191439369648e+00,7.742294327743856064e-01,-3.870976310465800374e+00,-3.709440715557030366e+00,-2.175355938501017050e+00,-1.175013432197445473e+00,-1.885436203294683866e+00,-2.318318480701803797e+00,3.022311132441256376e+00,1.777379819810928518e+00,2.738053067618634095e+00,-6.437468835604603923e-01,6.493497426190678601e-01,9.838141853727613295e-01,9.095077400481457186e-01
2.571220938660858657e+00,1.241475439168411743e+00,2.577570301012073184e-01,-3.128476513234182743e+00,-1.028010393157578362e+00,-3.225801793203246337e+00,1.219751906070205782e+00,2.153578935099445868e+00,2.724666160846328733e+00,2.728955347317246094e+00,-7.657648364483042869e-01,-1.032803217586410804e+00,1.701892696590667331e+00,1.140997971899469832e+00,1.918173453691005836e-01,9.559282018614444487e-01,-9.445958076692675398e-01,-1.199396963238560376e+00,2.368178702340986153e-01,2.546603776202562841e+00,-3.837134891287556915e+00,2.310709159664053658e+00,3.633314764499474547e-01,-3.368382326676937488e+00,-7.670774388274366196e-01,-8.727369078431679306e-02,3.138806829775921514e+00,-2.323838973147785758e+00,1.238782295064702055e+00,-2.349366403402855852e+00,3.474639197670971402e+00,3.747315261868823910e+00,1.289435400869532344e+00,3.115336808504616251e-01,-2.647199216800673494e+00,-2.859405657875483620e+00,2.169076916442159719e-01,-1.988768051737406228e-01,1.095698683881342728e+00,8.030469901931782672e-01,-3.375418953214206041e+00,-2.421716912644299224e+00,-4.446599999847513640e-01,-3.033961483514695079e+00,2.813815498897935807e+00,1.735805288116515355e+00,-3.869440209827586408e+00,-2.840470923049037033e+00,3.222473188630583518e+00,5.043422983935574866e-01,-6.783677266207609469e-01,-2.253815731179555026e+00,-1.812648710468094615e+00,-2.848789905323640070e+00,-1.439867020260615860e+00,-2.461014740342318596e+00,-2.551549888808980704e+00,4.701290519918549293e+00,2.864491854400770698e+00,2.459182313971170153e+00,4.760876240051628017e-01,7.430188159415482829e-01,7.939053794328971847e-01,3.452743775876081500e-01
6.175049917418531376e-01,3.489264443272624971e-01,4.185659791924386752e+00,-3.697685271790005945e+00,3.799730136017378523e-01,-2.948886287416426555e+00,4.192691300967136825e-01,2.951455935886326820e-01,2.958526171430616802e+00,2.673216213606644853e+00,-6.774147204247396026e-01,1.805182161106015704e+00,4.022972794845284028e+00,1.458485500241536226e+00,3.871620891553763655e-01,3.815852924509431920e-01,-2.574192286355289738e+00,9.051342357183286280e-01,-4.470072770019467567e-01,3.149066576067615308e+00,-1.979989272544820711e+00,4.755193298293382220e+00,-2.754723541702615019e-01,9.001306959793771156e-01,-7.396475942187363817e-02,1.360751343523315393e+00,3.217830447627012536e+00,-1.210846242775580617e-01,2.920062649362913376e-01,1.561766934356979331e+00,3.910207544450652328e+00,1.482961111318358949e+00,1.128886176883550529e+00,8.017015921627019814e-01,-1.505880784256982352e+00,-3.526211161675599115e+00,4.221184935256057091e-01,1.418905279324977453e+00,4.790071526903163512e-01,3.435664392666279099e+00,-1.318772077241165963e+00,-2.197595972349693394e+00,-2.819785670889970675e+00,-3.177007730632443572e+00,6.830113464758159614e-01,-7.565899490667185034e-01,-2.637750487987543302e+00,-2.158827736145183973e+00,3.878830408684976749e+00,1.126415107441474106e+00,-1.077280114330089633e+00,-2.028473189817006084e+00,-8.225288404987547430e-01,-2.508319288359296184e+00,-2.075306378413511954e+00,-1.578396975506710209e+00,-5.210118668813535692e+00,3.166505768793951958e+00,2.296701988445617459e+00,3.624067034370582974e+00,-5.655308078297819341e-01,4.757879210420676852e-01,1.894587885202183575e+00,5.584884216718336569e-01
1.733934209281491112e+00,1.112238321362399862e+00,1.728636231235600507e+00,-3.992760320045461775e+00,3.048965203892477493e-01,-3.091289134824586782e+00,-5.885828517145369476e-01,1.522452475702991581e+00,2.827165488609968413e+00,4.094532888579898611e+00,-9.277787986241177176e-01,-5.140065710177388336e-01,1.755263277701547997e+00,8.369651886276502362e-01,-9.114593326486599700e-01,-4.733727053093150783e-01,-2.232585546311217417e+00,-1.241987377324178521e+00,-1.246932848850080822e+00,4.634349501255884185e+00,-2.346331958392138262e+00,2.678158323627097381e+00,1.407592479531778018e+00,1.128105642190471825e+00,-2.175402483073677118e+00,3.025081107712691342e+00,1.851043934869023300e+00,-1.525531211030428214e+00,2.643290716258391182e+00,-1.793183451741246159e+00,3.311858965744135297e+00,2.521228360346929431e+00,2.120947549431670964e+00,7.602985490459933660e-01,-1.861687241140992821e+00,-2.077545510920058458e+00,8.029633477617854620e-01,1.511859245591168133e+00,-6.973497216418962363e-01,1.661349942258812495e+00,-1.139957168507289120e+00,-3.265215391029221426e+00,-2.718853911160097336e+00,-2.901149503310230582e+00,2.007070865614933197e+00,-6.643514070129359350e-01,-3.945298919695266360e+00,-1.848356926053070559e+00,2.673248069762151680e+00,3.024105003406982295e+00,-8.264041602085527849e-01,-2.399856521385491881e+00,-2.561411240983589632e+00,-3.424090534452779444e+00,-2.011476435067749868e+00,2.110399845933137453e-01,-3.033528139416448166e+00,2.260726643599745067e+00,9.973269919382177218e-01,4.274735727738921298e+00,-2.344002891880050843e+00,-5.878195292125623084e-01,7.679741106251669613e-01,1.708224474722295883e+00
1.840025112010634789e-01,1.406133814806085347e+00,1.724673750192466937e+00,-2.474864879937423989e+00,-5.427129690930876382e-01,-3.719522283521956130e+00,-3.523205811014114563e-01,4.041403911414782613e-01,2.880870120159507053e+00,2.943039068855771934e+00,-4.720035739971265576e-01,1.861739268751315457e+00,1.088330251325378750e+00,3.452753871290645815e-01,-2.075405396630473909e-01,4.046677557358231425e+00,-4.580124957366290772e+00,8.713557846486226222e-01,-5.587328516189404848e-02,5.407470815896850969e-01,-2.589375398762596703e+00,4.215438592930596862e+00,9.949104829799099159e-01,-5.718017927900254094e-01,-1.460242639120818975e+00,1.984888572631350545e+00,3.016594032133478098e+00,-1.125522403178505382e+00,2.694914450116728588e+00,-2.168807630852911394e+00,3.129637000161423099e+00,3.097085392594037589e+00,-2.913058017904184283e-01,9.257924336711645941e-01,-1.696457756358535907e+00,-1.777272847968187630e+00,-1.064712337875120540e-01,2.160278964628027376e-01,-3.777598923884316062e-01,1.010179304125249367e+00,-1.262087177385843528e+00,-3.670480934160074149e-01,-1.935981870650570702e+00,-1.598232734226272767e+00,1.070620631881006979e+00,-1.598523560241670971e+00,-2.878370575286757660e+00,-3.075391645020208564e+00,2.546658636153440014e+00,1.038578774380418235e+00,8.227771162925413828e-02,-1.890057446460796209e+00,-3.648552151561017531e+00,-4.082043808211310854e+00,-1.095232723558068999e+00,4.381322862216552316e-01,-3.286029055849976732e+00,2.450153762659217804e+00,2.209615993241967669e+00,2.368569165864147674e+00,-7.384029929252353686e-01,-9.756540140054739130e-01,3.197005149519515088e-01,1.113856122029827755e+00
1.578548133649949170e+00,2.422875205110933461e+00,2.750205855257449095e+00,-3.383168811807884424e+00,-8.169472188221451603e-01,-4.092448617015914003e+00,4.179308190131536538e-01,1.729394212992205304e+00,2.722003079378202628e+00,1.684198738187094646e+00,-3.539400799208521908e-01,1.431032729637563561e-01,2.506525440402813665e+00,2.448349353489491786e-01,1.172193899766793557e+00,5.683943444809409495e-01,-2.842468546036029053e+00,-4.476763706637729712e-01,-2.048567504404991801e+00,1.133549695823919512e+00,-4.614359008042560717e+00,3.378570631320384710e+00,1.913422802660821542e+00,-4.022581048134677983e-01,3.406204945435740150e-01,1.477638734569691081e+00,2.741494949060683695e+00,-9.440185628995352296e-01,2.126233863079040276e+00,-2.500532178965933383e+00,2.687075211539363462e+00,3.571082888966456093e+00,2.322963250240829947e+00,8.598130884451422595e-01,-1.057803905169091507e+00,-3.438774958042049690e+00,2.095310133430616784e-03,9.568301876748024348e-01,-6.668829297777205678e-01,2.742574201600010753e+00,-1.382439832863170404e+00,-1.375145578813867786e+00,-1.777942855357395491e+00,-1.047742374718833913e+00,2.437180299985059584e+00,1.343543713451001431e-01,-5.123844457134653751e+00,-1.837700661421433512e+00,1.995674881252116784e+00,5.036349242789166514e-01,-1.136938857694009153e+00,-1.501151884911464007e+00,-2.126393241805429213e+00,-2.587547981588366408e+00,-1.201286301652497057e+00,-3.460706965008498504e+00,-1.946989690779205251e+00,2.387505508250596264e+00,8.313137921722014712e-01,1.603490179651667846e+00,4.421239088699513431e-02,4.430745431172415927e-01,2.382511617846390095e+00,5.641151102973188669e-01
1.473766294673073407e+00,3.942901804213072570e-02,1.543263471124656228e+00,-5.272701790878594252e+00,-5.174954700337797142e-03,-4.226389041753113140e+00,9.855502566135586617e-01,1.852620901974100454e+00,2.676972689188930055e+00,1.162876913006390289e+00,1.481567097465009475e+00,1.821397883638270487e+00,3.024791502014216427e+00,8.823556051021753666e-01,1.852038445015608437e+00,2.358268017771295577e-01,-2.534172115737528319e+00,-2.011646340467758254e+00,-1.238977937875589630e+00,5.849007049279275616e-01,-3.855768618474952891e+00,2.840296107525854374e+00,9.142008019138518904e-01,1.478749927053440549e+00,-5.898901884578993116e-01,7.317774365980678208e-01,3.856928011210704721e+00,-2.574172271130552581e-01,3.166436668361635398e+00,-1.359929721500185540e+00,2.653672326827539951e+00,3.708347210180608755e+00,-1.725878693607967307e-01,2.523793148340494064e-01,-1.516273409751571766e+00,-1.435044162061652528e+00,-8.303819202508537778e-01,1.656312497257627081e+00,2.991390315749671291e-01,3.590971642788003404e+00,-1.372214329136151045e+00,-1.113844042919918564e+00,-4.705382475374031870e+00,-2.531155239783763999e+00,1.902976990301839422e+00,1.406530499243001220e+00,-3.564963995002973451e+00,-3.865119943578752881e+00,3.698583168942630284e+00,2.548883577746249074e+00,1.686797028567122714e-01,-2.350720765413637725e+00,-1.849133498799372388e+00,-2.593514911711274795e+00,-1.304669306810948504e+00,-4.126043280019754178e+00,-1.365390051864013410e+00,3.622712845805841297e+00,-3.945464575500179372e-02,2.909915255263413769e+00,-6.280373668751101368e-01,1.869492688133576608e-01,8.909974017364800103e-01,2.220184511157781593e+00
2.310175060844592121e+00,1.141515896348772152e+00,2.276956057171325210e+00,-3.871895831584671654e+00,-9.268043104175027747e-01,-4.490444212739348906e+00,8.914169021774307478e-01,1.398345396469092172e+00,2.139808504628224028e+00,1.936380126739073670e+00,-1.741096688196545728e+00,7.083456962185068484e-01,2.222624163376695439e+00,-3.163032570822728040e-01,8.268876376408625939e-01,2.705280266247180876e+00,-2.979387713784320546e+00,5.240867770828846334e-02,-4.201606198243578172e-01,3.069120313893372032e+00,-3.245366184598930559e+00,3.090292839853113094e+00,-3.663326805434472533e-01,2.635999406244409204e+00,-2.457813035286287029e+00,2.741920286383118022e+00,3.039693862242585087e+00,-5.884729707029615620e-01,3.112193576545812412e+00,-1.097322237922418786e+00,1.817152559240961862e+00,2.723681832357207178e+00,7.274818087132602917e-01,1.744277756452135675e+00,-3.176307560872262403e+00,-7.595650841536791820e-01,-6.232751869617139118e-01,2.675477362173191986e-01,-8.811495302118522721e-01,2.587466301849167927e+00,-2.568916398526863265e+00,-2.360504216526353005e+00,-2.442705850535373813e+00,-1.283614006756377268e+00,1.077739551142908869e-02,-9.594712353321566134e-01,-3.204179171925435998e+00,-2.598254930456354916e+00,6.499261623180232483e-01,3.851846471669240213e-01,1.082327672383544881e+00,-2.899008009690786203e+00,-3.327097099744950270e+00,-2.418433226537151537e+00,-1.218380907897802068e+00,-1.033062984716776489e+00,-3.940663601702303787e+00,2.591876846468420315e+00,1.050011944974757139e+00,2.744340211663183648e+00,2.328375630777576033e-01,5.179606401161621632e-01,2.399011996190413498e+00,1.891028777525163518e+00
1.963540583186406563e+00,9.045105904549651799e-01,-1.398759574413259710e-01,-1.761967059465372687e+00,-7.952803991835060149e-01,-3.304215108059677330e+00,-7.650916933701754630e-01,1.276474052871486631e+00,1.178238467880714291e+00,2.790945200273915017e+00,8.588930425398566548e-01,1.645477589450966338e+00,1.894944159803598316e+00,2.312057834155822889e+00,-2.411119968850376161e+00,2.690021878774028874e+00,-3.499744839802942487e+00,2.783089311898766516e-01,-2.387329455112442655e+00,2.241687235310405146e+00,-3.883682731607347893e+00,3.469892932244993400e+00,7.207957558316673286e-01,2.875463880732277988e-01,-1.354352500898009737e+00,6.706257435292923841e-01,1.897540924891204295e+00,-4.266064118834473895e-01,6.236718255888689111e-01,-2.075551569987626799e+00,2.752079517594681057e+00,3.670521517115963750e+00,-3.512812145218298099e-01,2.243968279478535388e-01,-2.582466960056161831e+00,-2.396272433218788578e+00,-3.987270041254781239e-01,2.038520913543852231e+00,9.723709014469663625e-01,7.176423724327622988e-01,5.590296072002787220e-01,-1.206756758509651473e+00,-3.334887458606602628e+00,-3.947970039551776722e+00,1.505805240367159126e+00,1.371720166734355040e+00,-3.161352186980448842e+00,-2.866743428093700086e+00,1.191725541883624562e+00,2.843196720863452320e-01,-1.387988140346298138e+00,-1.961124113025839666e+00,-4.115457524370740749e+00,-3.929183863737239157e+00,-1.054159987948142252e-01,1.975088558571256314e-01,-2.868569274633867128e+00,2.343193620635978469e+00,-4.174206177943512452e-01,3.385514858875275923e+00,-4.731768642165848915e-01,-2.047197651422197673e+00,1.736096559441209441e+00,7.576607921086133679e-01
8.323695818409030389e-01,-4.582746239633639362e-02,1.959702689117392538e+00,-4.522532253195381102e+00,5.487001530254309589e-01,-3.506317021702264558e+00,6.666693216804441269e-01,2.657292616528598828e+00,1.820396900756720449e+00,4.388325479364794113e+00,3.381220370714498324e-01,-1.548778459953128461e+00,5.058624702465652767e-01,2.334822822624673666e+00,2.947500914629399560e-01,-5.110402898371142477e-01,-2.904195000743227340e+00,1.482388165953291370e+00,-8.964635650409477075e-01,1.706810696680705952e+00,-4.045960249340567749e+00,2.703990895149338769e+00,5.661656692387598833e-01,1.702178377187806846e-01,-1.310881269229667634e+00,-4.017809992518783790e-01,2.557957117095352562e+00,-1.727156807066978494e+00,2.476500172098082153e+00,-1.203556795847294136e+00,2.748144917357179917e+00,1.555545553381035173e+00,2.365511583454732225e+00,1.740680758175594978e+00,-1.147710125825708971e+00,-1.553526028599717002e+00,8.455763425013329559e-01,4.438291439337176958e-01,4.310868963445049218e-01,2.075583339264475136e+00,-1.420939251132379066e+00,-2.977544494837432332e+00,-2.550748252173765884e+00,-1.441192125525903922e+00,-1.127823835561454491e-01,6.143278848996747143e-02,-2.001276917039796821e+00,-3.825694298661886705e+00,2.624202690820796491e+00,-3.032821801363927428e-01,-1.339842399182082922e+00,-2.295326990055782446e+00,-2.846256565045879761e+00,-3.588582523966314497e+00,-3.027410045799496796e+00,-2.672570278441290359e+00,-1.586927287960496091e+00,3.311908073887687376e+00,-1.587016680740283014e-01,3.018466708672320031e+00,1.384728415029075954e+00,-2.476046142286509433e+00,1.958544771134617335e+00,6.864994511240557484e-01
1.222538979891649724e+00,1.764934391318250917e+00,5.155780442048072398e-01,-5.832724553617177676e+00,-1.108839627194974753e+00,-2.733613784874374897e+00,-7.491586965356513694e-01,1.402760088449750420e+00,1.745623871957526330e+00,4.331929782578901822e+00,-1.420074613089888693e+00,1.053197881598769925e+00,1.233233407605537568e+00,3.338450810912684918e+00,-4.919096533688932515e-01,-7.910574285037665909e-01,-2.911878810244959759e+00,9.486101707235491398e-01,1.034902133324591134e+00,2.410721188656626879e+00,-2.400871974538019149e+00,3.983073337139186876e+00,2.292679748534495410e+00,-4.882444090727547370e-01,-2.256501525098637106e+00,-1.029816923926387240e+00,1.665929176486362184e+00,-3.057386617485163827e-01,4.189973629914137021e+00,-7.668907483693064853e-01,4.170892127667409355e+00,1.433422056033528680e+00,2.294297517881307868e+00,5.591749023190274448e-01,-2.057156941778455206e+00,-2.473679592400292115e+00,1.265232926564739513e+00,-2.206024542373697939e-01,5.895347774264381169e-02,2.176789602472796403e+00,-2.870220224576345291e-01,-1.863069257663269473e+00,-1.794745066057877203e+00,-1.327922365342095734e+00,1.769190048876084109e+00,-7.972526740630332398e-01,-5.081479608860356656e+00,-1.258246908474980330e+00,2.305334657152731559e+00,2.989326731106769497e-01,-1.016980768847756345e+00,-1.812854896271910432e+00,-5.276323305702488753e+00,-3.829411396219799535e+00,3.366773274740064714e-02,-2.978206172646353345e+00,-3.560965825269271523e+00,3.682936418360216457e+00,1.515775596484926213e+00,2.381137484485504441e+00,1.284509009102817290e+00,-4.765474130517896034e-01,-3.212063689189086357e-01,7.125469770703634076e-01
2.731021931649213919e+00,1.025737722933385276e+00,1.318652421664716634e-01,-2.068019126473828351e+00,-2.536338519688760229e+00,-3.427218285929794384e+00,-5.630329868568704210e-01,2.514262707413615683e+00,1.974495665797586952e+00,2.878201689848946643e+00,-2.080418082098633437e-01,1.551590833444911999e+00,1.312378804697679868e+00,8.696226200687773300e-01,1.017954577375066449e+00,-1.156081387726204390e-01,-2.474490811864098916e+00,1.937425630664043052e-01,2.325274079347650069e-01,4.171869476405778876e+00,-4.727575332545431941e+00,2.626801681693091695e+00,-2.588064258681841423e-01,-3.057200420716307931e+00,-4.671983894202540455e-01,1.460563201764105923e+00,2.775275276627330090e+00,-1.555454424674366232e+00,4.306028282306746391e+00,-1.227800216716646631e+00,2.169474308763609915e+00,1.893027040590110621e+00,9.235625268166045565e-01,1.856430248050232379e+00,-1.287463164405103111e+00,-1.418787789890984641e+00,-8.654842169544071928e-02,1.562240204113693576e+00,8.896097248904235588e-01,1.746074579951387040e+00,-1.407985739348067034e+00,-7.200162258465461207e-01,3.146965009480506836e-01,-2.307555424085869777e+00,4.013276841281304685e-01,1.028747482146313619e+00,-4.213402638821120760e+00,-2.203155382519653482e+00,2.015586806022922062e+00,2.067925625221821218e+00,-1.010505416152457814e+00,-2.211689669368023470e+00,-8.446637202291689128e-01,-3.021578952063602941e+00,-1.153350416963994096e+00,-6.624109312676129679e-02,-2.629759933600881450e+00,2.587962087838056036e+00,-1.704795691123254242e-01,3.762439971478741096e+00,-1.157144571688767165e+00,1.058299798288534266e+00,8.168656476876543504e-01,-5.219755654678683854e-01
2.038861609002553532e+00,3.593224413535847095e-01,2.881504021802957283e+00,-4.942715331750227925e+00,-1.257809643817686451e+00,-2.125667885588439887e+00,-1.431489047845919127e-01,4.247050570107239409e+00,3.949559625591697820e+00,3.063108889136809232e+00,2.414960883814839532e-01,-1.012710445482961852e+00,3.714476201531293320e+00,2.371031707950138401e+00,-1.746952495479503487e+00,4.257184426241384934e+00,-2.138543235031576284e+00,2.555375173829040752e-02,-4.756101898764309999e-01,2.694013980449632140e+00,-2.885932520492963338e+00,1.457690828036751984e+00,1.758783720940034989e+00,1.739606798274786259e+00,-4.908375425022432625e-01,-4.690794465818632908e-01,1.744882147943482176e+00,-7.965187759551261015e-01,3.470353219669748857e+00,-1.117500847206905679e+00,2.655740730868902943e+00,2.251343504435307175e+00,2.207372028178971934e+00,1.376723781613323094e+00,-1.575587967427860558e+00,-2.221492768196630774e+00,6.356727154035214378e-01,1.520138495488022379e+00,-1.423995519351437977e+00,3.785300921405021501e-01,-6.823152047260633291e-01,-2.981565260492169411e-01,-3.305156603688700123e+00,-2.336126301613369094e+00,1.800296808359911793e+00,1.587294317680298716e+00,-4.158003198067898865e+00,-5.430003553693734109e-01,3.930971361139364184e+00,7.700595757381951678e-01,-2.535483339146818782e+00,-2.156272658851037693e+00,-1.963469936228319668e+00,-1.796180954694896803e+00,-1.471996317577896729e+00,5.761759477956538422e-01,-1.469820555357553182e+00,3.533489552217672802e+00,-1.617002266840524838e-01,2.468478980285859770e+00,-4.259598901955538586e-01,1.023169177173708366e-01,2.275020901710800292e+00,1.561237701165706371e-01
3.429470493118383700e+00,9.803206715440255792e-01,1.155385892744616116e+00,-4.040777482396766374e+00,6.122663857377199648e-01,-4.567633396582928107e+00,-2.487027592718752123e-01,1.951794433217654889e+00,2.466771705600223630e+00,2.565547802792472520e+00,2.684242468174276031e-01,6.735820563628991398e-01,2.642905763049895551e+00,3.977055437913368241e-01,-1.606296768513371803e-02,1.524691265314674027e+00,-2.755849585201969987e+00,-6.193528999386931355e-01,4.313653455230004319e-02,3.976159593009035209e+00,-2.814154100244281587e+00,2.966695304404076250e+00,1.506617320411723915e-01,-4.704365840299143398e-01,-1.756467706633344505e+00,3.110849675673197368e-01,3.035383636072504832e+00,-3.065337468514277575e+00,1.945573481315906905e+00,-3.676395605369315867e-01,3.293604530177259626e+00,1.953155956921718284e+00,1.580207080537528563e+00,9.102418927002360327e-01,-2.435964470034716278e+00,-1.394364456673610864e+00,-6.214762988042874525e-01,1.649367699808418575e+00,-2.126567998705808371e+00,2.380507788650253698e+00,-2.213742064436289958e+00,-2.223302434999737898e+00,-1.422127233763514909e-01,-2.472132006380510116e+00,-6.201700329328374561e-01,1.661889520723543789e+00,-1.850201674397212281e+00,-3.453906642860132159e+00,2.827976218663085017e+00,2.133383812447003258e+00,1.000618336742044034e+00,-1.364937483859538503e-01,-3.094478710258161680e+00,-2.034453017982013279e+00,1.135285153451395690e+00,-1.540257474994433551e+00,-2.730199949940613102e+00,1.473196022486739087e+00,3.947609199898803878e-01,4.246727613583971106e+00,-7.553924714169716337e-01,-2.822676330049136428e-01,8.695616411489861530e-01,-3.852101197334981686e-01
2.520250263964962656e+00,9.804885755274477255e-01,3.503103982867072475e+00,-3.560582750187553547e+00,6.784198957186053924e-01,-3.228877944200274630e+00,-7.881481828720887650e-01,4.247178186137867684e+00,2.637721039585832816e+00,1.717627509209907810e+00,-9.189226160697454571e-01,5.623976085426838356e-01,3.971143105123236428e+00,9.500163877809024715e-01,-1.747726345869241582e+00,-1.391169254881283734e-01,-2.309178786279935558e+00,-6.515033617827549195e-01,-5.015882692742096305e-01,-2.522540893225970748e-01,-5.472343955187358056e+00,3.629407787499436822e+00,2.362645238836968531e+00,-6.847118985171659622e-01,1.393205560437867918e-01,2.273297962761588575e+00,4.770401120060855149e+00,-4.258544111386644015e-01,1.005157839778767270e+00,-1.752490723362308822e+00,1.109298668388373876e+00,2.380598978766064189e+00,1.392321314421671508e+00,9.607461019281025028e-01,-2.743885909675559454e+00,-1.973485512120244811e+00,9.815029160027139987e-01,1.146897252935921152e+00,-1.333021351595393700e+00,2.150603570716924207e+00,-3.858742109510052920e+00,-2.643463762445297238e+00,-2.267101800038191062e+00,-2.946512475295937961e+00,-2.323181908954041752e-01,1.390967741352214571e+00,-2.235113264236266772e+00,-2.267780781791937095e+00,3.023638119554727055e+00,3.127454760511596543e-01,7.824446278581328462e-01,-1.514097602357202810e+00,-2.202820352364400769e+00,-2.375470647688526338e+00,-1.949893406230815085e+00,-1.117380275258373690e+00,-1.975015152605312574e+00,3.297919469949193161e+00,6.352247314788894705e-03,2.544449931944110066e+00,1.008311287147037882e+00,7.075095960079741397e-02,9.080285703153594401e-01,-4.351803534875933188e-01
2.062629333765804596e+00,6.540943835597218259e-01,2.499002493623313725e+00,-3.393638228763134812e+00,-1.777193803469811595e+00,-3.038133152651664393e+00,3.738687609586716087e-01,2.333743278162561996e+00,3.501522154009091281e+00,2.547034236521478423e+00,-1.563257256792570216e+00,1.979907020146323138e+00,2.916931190730281731e+00,-3.603288403773095006e-01,1.286418393215378042e-01,1.026921903569966599e+00,-3.127656144544255667e+00,5.593293837991718531e-01,-1.744802220272792415e+00,2.556056606790450214e+00,-4.654195724276923407e+00,2.932552556850395842e+00,-2.317521646479556718e-01,1.288168608282111105e+00,-1.801549562682575267e+00,1.026284231206582076e+00,5.402930201246975095e+00,-1.489565159408138273e+00,4.092693890584407690e+00,-1.514929064117917168e+00,4.049213881192375908e+00,2.518764674882449484e+00,-3.296867846654809586e-01,8.234564581989425314e-01,-1.942581515114255364e+00,-1.044407102470536364e+00,-5.651158137046752294e-02,5.714833627558990603e-02,-2.493836175044491732e+00,1.585280845609978062e+00,-2.339235095857143953e+00,-1.033730325205570733e+00,-3.944684666022481245e+00,-4.317383146162019791e+00,3.987027117558299416e-01,1.655687806562204711e+00,-2.837341032059573553e+00,-8.925773849073870281e-01,2.783774001361190908e+00,1.511120860036940794e-01,-8.125895873887940546e-01,-2.317815449886380552e+00,-1.874541903994272340e+00,-3.339158118097263817e+00,-9.361454516912024459e-01,-1.149245471717141864e+00,-2.426295198038699752e+00,2.350656942871546029e+00,-1.040506475531453034e+00,3.390562785238466770e+00,4.338137557779382369e-01,-2.764209645543125315e-01,1.393120230689063987e+00,7.801921839802569147e-01
2.822638860473683398e+00,9.594582963247955121e-01,1.093283477743693499e+00,-3.327912545530226751e+00,-9.629914325581674373e-01,-1.606105661263404372e+00,-4.419181508337753916e-01,2.109057004279577097e+00,1.901029012708160604e+00,3.352794435918050375e+00,-1.411277290241713445e+00,1.444906642814922648e-01,4.393716089363557842e+00,9.492357259370018951e-01,-3.767496239384753864e-01,-1.090431211583591242e-01,-7.797613097895408352e-01,3.130044838686669995e-02,-7.593380715308348794e-01,2.190277116102864241e+00,-2.204380328126955835e+00,2.513623805753652185e+00,2.700305787844386796e+00,5.761708547739671227e-01,-6.281426448936913154e-01,1.596039186777940877e+00,2.856929895296878907e+00,1.157107030670456727e+00,1.688408227747851820e+00,-1.506158080883386319e+00,3.961475398853259389e+00,9.439280165346715101e-01,2.698742199992075541e+00,1.085398000789408623e+00,5.055623388703445187e-01,-2.143456943614947541e+00,9.244406309480301953e-01,-1.324534107953751150e+00,-6.760513819403997093e-01,2.763379865181765815e+00,-1.378212061734503280e+00,-1.633312291831933161e+00,-1.878449930658378175e+00,-3.840275124696474585e+00,6.944288141239738366e-01,7.320676612195942123e-02,-4.744834227350208877e+00,-3.495062808169351776e+00,1.843925133667269511e+00,6.670914761324407971e-01,-5.812309300381428567e-01,-2.997661646281309267e+00,-3.413150774491889639e+00,-2.234580824818460876e+00,-1.865299411512405303e+00,-1.509897657085361278e+00,-1.503685331979238704e+00,3.914205271452983581e+00,9.212016803280062005e-01,1.774152376548786103e+00,2.507043838619692488e-01,-6.621093475853359056e-01,5.453434786453281724e-02,6.370223101083947181e-01
2.097100591514709400e+00,2.734714384803453857e-01,8.080962481084362770e-01,-2.697460829846673569e+00,-8.169777604750604327e-01,-3.989051581985696870e+00,-7.515101788756977097e-01,1.514633277211011375e+00,-4.527378804060608886e-01,2.474308757590511831e+00,-1.512213892651390834e+00,8.725595946853391682e-01,3.186412986335871445e+00,2.152605338596223383e+00,1.925165569829853762e+00,-1.449037204041634386e-01,-3.837084886053038879e+00,6.264429736191851061e-01,-6.300112878926444893e-01,1.684103168778102066e+00,-3.589806255610036079e+00,4.565046658415957026e+00,1.660433570766550293e+00,-2.118822873238577209e-01,-2.171862516095280249e+00,1.138167961361308489e+00,2.793444851712361565e+00,8.953599546460124792e-01,2.440393118395078886e+00,-1.841955273855489406e+00,2.060838450379322673e+00,-1.020457547419706401e-02,1.405833355713479449e+00,1.401373088524433541e+00,-2.792251755880209352e+00,-2.658498620974964144e+00,3.308327624712970039e-02,1.844472576057510471e+00,-1.104078785538099572e+00,2.975109160972850386e+00,-2.857672567996048407e+00,-1.031935946880326416e+00,-1.512369858572970793e+00,-1.988593142845723527e+00,8.887778880868250075e-01,1.261983640630653714e+00,-3.621742368621823083e+00,-3.058602732318887352e+00,5.402015314393088019e+00,1.388317625188658644e+00,-9.149128974738555131e-01,-2.381033841942620910e+00,-4.990546008363203612e+00,-5.198902524306570072e+00,-2.550314557884134636e+00,3.539959255580338304e-01,-4.191064700887651817e+00,3.648051080970917681e+00,1.168441622973267258e+00,3.655406006197263302e+00,-9.138596499926726624e-02,1.410960272319782827e-01,3.031821194352676496e+00,9.853307178748349493e-01
1.323497494529528362e+00,-3.286723064281227291e-01,3.303676752528401650e-01,-3.396025127109371322e+00,-1.867400842760114310e+00,-2.276135951918587974e+00,-2.165590285407200888e+00,1.349296498608320682e+00,1.406091624424836706e+00,2.831354048557645164e+00,1.043952439854207048e+00,9.018202145975074968e-01,5.711910400455728620e-01,3.538593711828864619e-01,-4.557123877083541497e-01,7.773298316206207481e-01,-1.968110113368755520e+00,-1.302074265648351936e-01,-1.840222485181862266e+00,2.539167912238454061e+00,-2.646375622384354198e+00,2.369457367507111556e+00,1.275086085273251291e+00,-8.821070339099797986e-01,-1.452686169638672364e+00,-3.189007572875022234e-01,2.395720079954330117e+00,-1.620656096346667852e+00,1.144229043839434246e+00,-2.566315071444309481e+00,3.307440890786953691e+00,1.519597558081467792e+00,3.157920722653269063e-01,3.301154525941133455e-01,2.100224601607578734e-01,-1.409557408931079170e+00,-1.757372045630419821e-01,2.348693782227257443e-01,-1.082842382113385904e+00,1.391681872826485256e+00,-3.248095527931547544e+00,-2.214453300627854393e+00,-2.319075317454491358e+00,-3.058198053731920218e+00,2.254526896866971164e+00,-9.110852560278057677e-01,-3.773042816401284139e+00,-2.187741999947733884e+00,2.874134240957393782e+00,1.472130489661107822e+00,-5.120909320482933680e-01,-3.905006651349848035e+00,-2.876651775656881238e+00,-4.242585377273241143e+00,-1.949824408908121587e+00,-2.526172627294845263e+00,-4.473093591213126885e+00,3.360469509732712634e+00,1.004663396928489050e+00,2.277159420452865568e+00,-1.425551476658718508e-01,-9.111714979717736584e-01,1.763840748300860906e+00,1.852089957013988375e+00
3.823659019043471829e+00,3.601563895443205432e+00,-4.650137820709820957e-02,-1.205691882841210427e+00,-2.032035437313125525e-01,-4.199751500386971870e+00,8.168763514495596123e-01,3.699803531730772477e+00,2.388316375689623072e+00,2.482451190386058215e+00,6.995062465147461328e-01,5.746685850328873135e-01,3.070645769231605371e+00,2.939325203789000973e+00,-4.577811761072314578e-02,-2.293350536661060701e-01,-2.495456762190891631e+00,-7.503728337821659045e-01,-1.104765866719642498e+00,1.960286246444834957e+00,-3.179516954822477981e+00,1.457606095459594187e+00,1.155395438192373003e+00,2.323492324469319525e-01,-1.018847147198085556e+00,1.353036218989353889e+00,3.481100143218414100e+00,-9.788268038009649841e-01,6.079838208501442409e-01,-8.716015157153114146e-01,1.838428096651068433e+00,2.398020772361039832e+00,4.533286232402476967e-01,-2.737650384897230005e-01,-1.980343948866908788e+00,-2.022396983474162191e+00,-1.626606117339918001e+00,-1.219929933327152494e+00,1.107836570368567752e-01,2.509840122165057252e+00,-2.603955831126254949e+00,-2.136079961736313315e+00,-1.138910287333543270e+00,-1.869581774959514942e+00,2.291463933861292990e-02,3.318160907516860547e-01,-3.089319617585204458e+00,-2.745246823368447497e+00,3.094261608135424613e+00,1.755458449963197998e+00,2.452471589377982486e-01,-9.837764292069970384e-01,-1.207474080148056350e+00,-2.766732151527722561e+00,-5.527472241353414972e-01,1.756913501571444325e-01,-4.016181688341852407e+00,2.691592224552071144e+00,5.372590664346218459e-01,4.909199211516051875e+00,2.266170257564059654e-01,-8.272917234807888875e-02,-3.980687269355120961e-02,-1.003167726906708523e+00
1.518320809950671979e+00,2.325984071969318556e+00,1.626006947768281252e+00,-1.734380298064682746e+00,-5.761583316633880347e-01,-4.083266231516699207e+00,-7.688135276493955894e-01,2.688407239475032018e+00,2.710989837781226708e+00,2.781906696630138232e+00,-1.055412239481709591e+00,1.004535262337406420e+00,3.109848420074552422e-01,1.815169044888919503e+00,1.603275681862385893e+00,-2.040671243110603328e-02,-2.046894765545480777e+00,-3.820115080879353808e-01,-1.005594943329531477e+00,3.333046284992056130e+00,-2.644667287706682579e+00,8.480433929188433417e-01,1.613599470949400150e+00,7.641627433891490240e-01,-2.565019880153063259e-02,3.354652864775701238e-01,4.489835587371992176e+00,-2.211155117689814986e+00,1.273734557807863377e+00,-2.417481352404992734e+00,3.155279642776319893e+00,9.035026894758857452e-02,1.100341392736238877e+00,1.621112898748918285e+00,-2.854404030612225807e+00,-1.407419587209992162e+00,9.774610176832454478e-01,1.718584607053875946e+00,-1.275136580092224303e+00,1.779795555429255494e+00,-6.786278980412124850e-01,-1.882792249909158500e+00,-1.538338686916575160e+00,-2.386369651726750085e+00,2.305435222838650766e+00,-3.289697453282963702e-02,-1.719413683925041347e+00,-2.280510026837579751e+00,1.424566118659371439e+00,1.296637783378029374e+00,-8.359412177165542746e-01,-2.998913814159574809e+00,-1.749275819024493694e+00,-3.062074855908050175e+00,-1.217008109105510716e-01,-2.224169314544941933e+00,-3.914718826258059892e+00,3.416807458368713135e+00,-8.805133729515703944e-01,2.194950239102208212e+00,-8.049174040332491842e-01,2.719731113483822016e-01,3.139863015109897404e+00,2.055239548688209350e+00
2.793777842963948821e+00,-4.532309341850342399e-01,2.049083274550671963e+00,-4.135010418985761049e+00,-2.065511400016382559e+00,-4.224228804202981635e+00,9.850124124538583992e-01,2.535709358256526880e+00,2.092941058433675838e+00,1.990892803828912427e+00,-5.580604832664959325e-02,1.200385820151250282e+00,2.003483342428911573e+00,-1.096485914343605650e-01,-2.002980439994501261e+00,1.267260954190159161e+00,-3.229344403328859414e+00,-2.262407408696867073e-01,-8.902027319210134015e-01,2.448080162155896744e+00,-3.923548907089536630e+00,1.258775973104430346e+00,1.577867465581769935e+00,3.415801371456274049e-01,2.586280576588060320e-01,1.772012822417351696e+00,2.697763442419903956e+00,3.858983249465919307e-02,1.850673580038437294e+00,-1.317992783953064739e+00,4.032420426287949056e+00,3.065753218098189237e+00,1.178920069936168824e+00,1.199053387291880934e+00,-1.675975131505784699e+00,-4.180594992326959414e+00,-3.678859452871729996e-02,7.166049099074072171e-01,-1.174343624339566627e+00,1.709505798012015632e+00,-4.127467463877538822e-01,-2.156087735140590489e+00,-2.771721422427136705e+00,-9.472136598671485608e-01,1.735967308799262865e+00,1.440026788687961190e+00,-4.440365819556588711e+00,-2.690221424816148232e+00,3.158401824986939666e+00,8.672015948441859079e-01,-2.072529503369575365e-01,-3.488132975323097185e+00,-3.839756300409023826e+00,-4.167229723651403539e+00,-2.218014307296731324e+00,2.020864658267900182e-01,-4.269705317831476776e+00,1.297833812749919602e+00,1.255238416655014788e+00,3.916373802574926177e+00,-2.181639311306913687e+00,-1.573732790368027601e+00,5.502971781282595121e-01,1.153056294115315072e+00
1.538584633797301260e+00,8.072377081771482388e-01,2.831094314989951233e+00,-2.255051434204569105e+00,-2.271506341757405512e-01,-3.158470541335416826e+00,2.175123086396687277e+00,3.345585288652097145e+00,1.969216431285862656e+00,2.614582998640570644e+00,3.873643428652814302e-01,-1.553452164040782790e-01,1.138892177080028656e+00,3.931361560077772932e-02,-6.493440753230931284e-01,1.087076443023043959e+00,-2.318435867138343820e+00,-7.605569535551776061e-01,-9.499128607923379430e-01,1.830350940613235444e+00,-4.132626581481567030e+00,8.900779092729145248e-01,7.988513362395555095e-02,5.667804294787234243e-01,-9.994469118221505077e-02,1.297087530744878148e+00,3.782678819122969216e+00,-1.019578256132752658e+00,1.039532105983399290e+00,-1.633395408752170930e+00,3.500224454213328951e+00,1.273377547818568933e+00,3.617216571058354813e+00,9.806131795670223195e-01,-2.777881844502100517e+00,-2.608109576756226122e+00,2.408462208657095593e-01,5.583361664672484848e-01,-9.489609916978319903e-01,2.300013335204821541e+00,-1.775245675762006980e+00,-7.826032588116336175e-01,-2.991559074075995639e+00,-3.393257652337482888e+00,8.749555374417745668e-01,5.464086111520929379e-01,-2.686596977775017603e+00,-4.074685328446099319e-01,1.903429539712565788e+00,1.195390346676415527e+00,2.377975904510713223e-01,-1.767685205177758290e+00,-3.740943721331548399e+00,-2.146311957649552404e+00,-1.006192712541762013e+00,-2.971305581302341459e-01,-2.429121472199870180e+00,1.080841446029348951e+00,-1.413454229289089259e+00,2.140349666780346105e+00,-7.081566191479536920e-01,-7.941746872198180984e-01,4.121792566708801786e-01,-9.546940605999434393e-01
-9.806329750761744179e-02,1.019096759216054249e+00,2.167944829163992893e+00,-1.532527308190628101e+00,-8.420678455495469450e-01,-1.718964143646839915e+00,1.160179145154612401e+00,1.993727740133133253e-02,2.259554201758521952e+00,3.187319341620849844e+00,-9.780883660860849593e-01,-1.521242442511786752e+00,8.591127205477011586e-02,7.703288292296095463e-02,1.167228296598735060e+00,5.798999594316369688e-01,-9.579059724373837348e-01,9.450556043781556115e-01,-4.750938114936208434e-01,2.224442857183882349e+00,-2.453394029289616363e+00,3.640940769889431827e+00,-3.512961523979944989e-01,9.600120136537773630e-02,2.868028839496861160e-01,1.519949719260949683e+00,3.089547748998780818e+00,-1.004933265326224623e+00,2.716573395458608431e+00,1.395778736614277538e+00,3.647032254550949926e+00,9.077070509630906781e-01,1.177533688049537730e+00,-5.067949637448783129e-01,-2.226771171713493480e+00,-9.710349884563529432e-01,-1.024116581203757814e+00,1.096002595885641639e+00,-1.483110940086326490e+00,1.744368949755575882e+00,-2.595456708695461856e+00,-2.047392072584546696e+00,-4.576601013535675833e+00,-2.283729136920286340e+00,6.344463997655969134e-01,-2.367949891946872221e-01,-1.448088606514650989e+00,-2.859040587076073336e+00,1.292433344192709832e+00,2.944415381650038910e+00,-1.351720176706126431e+00,-2.210063413508816854e+00,-2.499903125564485684e+00,-1.154850612321380643e+00,-1.047862071408031559e+00,-1.183800660785989667e+00,-2.066693221063677477e+00,2.648667485263852761e+00,3.150400693430731813e+00,2.457198119169690109e+00,-3.750657911484401197e+00,-4.048698599596586289e-01,9.208856513634724461e-01,5.484414904068919405e-01
2.756854246311994938e+00,-1.176377514043982497e-01,2.029686123988225788e+00,-3.576365278164363115e+00,-2.144842739653705088e+00,-2.729396515054465233e+00,3.804817162280561549e-01,2.259635262460036653e+00,2.694372864324060757e+00,2.862926919723905783e+00,-1.352455658995329824e+00,1.524910075554408051e+00,1.212831909697785537e+00,1.244862918721869605e+00,4.271360133261034031e-01,2.262950336699448339e+00,-3.665908740655040354e+00,-1.268924397536679960e+00,-3.752360816771119767e-01,2.009518660253145406e+00,-2.913296828505609781e+00,9.511069413790924632e-01,1.508197574815348663e+00,1.858142404840552819e+00,-7.833311224059615885e-01,2.622474857115874025e-01,2.027545732495412700e+00,-2.389227519033040092e+00,2.452674881859257194e+00,-1.127810399454593382e+00,4.990349735587065183e+00,7.397033818381975045e-01,3.431537703555578744e+00,-9.133496199187063347e-02,-2.596269590934498606e+00,-1.917181503053221325e+00,3.745778926717130419e-01,-5.757935252184036568e-01,-4.792658133052052349e-01,1.696089751971267212e+00,-1.282408361755268844e+00,-1.122133529610422231e+00,-2.533166634934216788e+00,-9.734680558251269655e-01,3.136521780830616724e+00,1.203461130100301979e+00,-3.416115998039458646e+00,-2.377546673509804087e+00,1.371511928254597334e+00,6.758774524396674588e-01,-4.984622886632148614e-02,-2.231068852404048730e+00,-3.512567009958440956e+00,-3.441017017812598056e+00,-2.095287763603071340e+00,-1.995006067133761274e+00,-3.065225376495613663e+00,8.684267039059183624e-01,1.389846176890737084e+00,2.953650557340110616e+00,-1.296514473442081039e+00,1.340792290204341763e-01,1.352764846293867507e+00,-1.797854424699570908e-01
1.055564434533728502e+00,4.494473180767877274e-02,6.182057503628188844e-01,-4.014188728414201712e+00,-5.191935193913328472e-01,-4.000552786435950026e+00,-2.037103637991099780e-01,1.602864077064942716e+00,3.213224783622047998e+00,2.047568410079876333e+00,-2.087359105334285481e+00,2.773390455920924369e-01,2.844202027621433260e+00,1.127117810518149410e+00,1.066527491013993911e+00,2.023306726124165067e+00,-2.912443795481563402e+00,-3.312225775071406808e-01,1.312363149287547159e+00,1.769938474786605154e+00,-2.557712871772116703e+00,4.118971768245988763e+00,-1.617166686192808012e+00,-4.554512701426062238e-01,-1.511472187105942444e+00,2.677411546614870907e+00,3.651852756003529876e+00,-1.921390505717875952e+00,3.576946658601123374e-01,-4.098144934208846735e+00,3.584978958879788014e+00,1.830707015203616450e-01,-4.046259343391533925e-01,-3.380926483624064893e-01,-2.710364205161550633e-01,-1.861278351627483341e+00,4.872337813531705253e-01,-3.401633191453514726e-01,5.331907622365532617e-01,1.822037066826538876e+00,3.407725490256416911e-01,-2.108350121530587540e+00,-2.932347522589094257e+00,-8.052438099603416166e-01,7.034359892593720076e-01,-8.613282828931208002e-01,-4.513187164051409184e+00,-2.781780812303031869e+00,2.393179796770177781e+00,-1.041678356736633226e+00,-1.177921599986285539e+00,-2.486631935990297304e+00,-3.457692145015116569e+00,-2.697839202249166402e+00,-2.137275091234035695e+00,-4.039385739061642777e-01,-1.894053481757245860e+00,2.634417573662184431e+00,-7.138944554110706608e-01,3.727236920422277500e+00,-2.037258243381452782e+00,5.565241318345238719e-01,-5.488198818460909845e-01,1.626736138414166311e+00
9.854519376133553665e-01,1.145112439859195863e+00,1.401002153458096533e+00,-4.842784442270705370e+00,-1.168977953180966312e+00,-3.684222445511420307e+00,1.276239837186704085e+00,8.408161616557618956e-01,3.363656568402229041e+00,2.654192760251529837e+00,-3.412690872835574929e+00,2.231838017815774400e+00,2.986019470680204346e+00,3.892362549186824117e-01,-6.479032334466385823e-01,-6.301490629559722834e-01,-1.700794036402409226e+00,3.582362450387616137e-01,-2.301417791651120481e+00,1.533096916386092357e+00,-2.066174789681084256e+00,3.723234249867291457e+00,-1.955579443585024446e+00,-1.431634744310298357e-01,-7.226374752464026496e-02,3.748700487973057882e-01,2.438479845157660808e+00,-5.498769140895185537e-01,1.940843610771835426e+00,-1.934305808561094686e+00,3.662847610365283391e+00,2.922082294584501749e+00,2.013130034021307413e+00,3.052654350812588291e+00,-5.911694443869102145e-01,-1.218994007570358473e+00,-4.699844717208228606e-01,2.436502291593607872e+00,-1.163113891866859984e+00,3.103235990384950238e+00,-2.327975860500932193e+00,-3.225944442171782001e-01,-3.398030938446221505e+00,-2.680769018674525661e+00,3.530030638625898387e-01,8.692596404487265005e-01,-3.671961568454896963e+00,-9.694449293333564643e-01,2.295338376644433076e+00,-1.116187805739452088e+00,9.087861165539481423e-01,-1.847337454530337597e+00,-4.573432816282324787e+00,-9.368545978247535544e-01,-2.275324908081310937e+00,3.808241757908836789e-04,-1.715906937217709372e+00,3.436643835520399648e+00,1.268931931747381836e-01,2.078916793790205109e+00,-8.623420600083364640e-01,1.994629640406769822e-01,2.043904828064018186e+00,1.390284068292864106e+00
1.338716400449294630e+00,2.024798469846318838e+00,2.781769199513437485e+00,-2.504876913035444908e+00,-9.127503237848306750e-01,-3.637208376740961313e+00,-2.770447588280857548e-02,2.636749761425213556e+00,1.700329288814902196e+00,2.269645534767397166e+00,-1.701609930989197439e+00,-2.202888233109067118e-01,6.302907399468296035e-01,-1.705307506273097129e-01,7.352859244338115774e-01,2.019100278985996866e+00,-2.719333007317524142e+00,1.579239651464622085e+00,-4.436200300119137463e-01,4.173783166559683622e-01,-2.916426085881736352e+00,4.097436082389180001e+00,1.156613851958532946e+00,4.118037592147768544e-01,-1.583687782151314671e+00,8.846106510858050553e-01,3.013972002849325538e+00,-2.301850876698146919e+00,4.127478625975225413e+00,-8.130049671802863642e-03,4.788895139626654363e+00,2.522877466061053120e+00,2.054153635872209005e+00,7.970695097697213516e-01,-3.982822151839495728e-01,-1.307323865276718067e+00,7.957096055100825183e-01,3.538770237358451753e-01,2.886559439879587963e-03,2.865537990833940896e+00,-2.814539642573154588e+00,-2.428545914091450708e+00,-1.336323461134945934e+00,-3.234653000615645979e+00,2.709569041370104792e+00,-1.048945808897118859e+00,-2.665771982751472091e+00,-1.979469871777158607e+00,2.701528438139048305e+00,7.381330423052676615e-01,-7.220320780131276317e-01,-2.014093330233641232e+00,-3.669591818729184496e+00,-2.582441547338933940e+00,7.312802256159276482e-01,-1.372522242209063492e+00,-2.394918179032839767e+00,3.654447192863116811e+00,1.102276612831989411e+00,2.860597405811350136e+00,-1.863706738490971349e+00,-8.228937694455374929e-01,6.634179990726509768e-01,1.472905926741770122e+00
-1.133632739562524305e+00,-3.429977725315135562e+00,-2.157412552977507225e+00,-1.589050101400583337e+00,1.620126630103919441e+00,-4.199591535689225275e+00,-7.135752591882045248e-01,-3.445898162467575965e+00,-2.524466687762841222e+00,-1.849236157756465548e+00,-1.953861145887899387e+00,-3.298578705669118483e-01,-2.343066942709262968e+00,7.776273273952072351e-01,6.499347579678597109e-01,9.556499776901264953e-01,2.194633451009987191e+00,-6.188693148945205724e-01,-2.077409537799088213e+00,1.122456371571179279e+00,1.964109504223407576e+00,-2.768842844454375118e+00,2.441430897753149587e-01,2.523325654264849227e+00,-2.393958680493373237e+00,-2.949086871537843990e+00,8.826101657630456288e-01,-6.867767080001709878e-01,1.859307950552955946e+00,2.222694234615919751e+00,-3.109899965312130199e+00,2.162710878404416004e+00,2.157598319117178143e+00,-7.787377069159313603e-01,5.368053799670027271e-01,2.805266911527056983e+00,-2.101265659021664067e+00,-1.890120470383249263e+00,6.609952208175290389e-01,-6.777329461690175805e-01,-8.480378038074903868e-01,1.291751857391121305e+00,1.110735219718089084e+00,-2.531823519203164174e+00,-1.868466615572212275e+00,4.714422390636672233e-01,-2.384502022964729129e+00,-3.600207153264021187e-01,4.980624823286826652e-01,6.676938667433829355e-01,-3.515149746417971066e+00,-7.723297936666043695e-01,-2.824762254455177590e+00,-2.304710784557238767e+00,-1.216387099444804498e+00,-5.343878746149068881e-01,-1.179607444316573828e-01,-5.043541557649187101e-01,-5.365132992849497295e-01,2.881885192374949334e+00,3.578761318213591114e+00,1.332974438562320341e+00,-2.398438116911670193e+00,-4.889672798680060328e-01
-3.545952748099921781e+00,-1.157727183757378375e+00,-1.590193099314186842e+00,-2.692736212706487109e+00,-2.576815580256863747e-02,-1.166478622085185712e+00,1.212692809581567666e+00,-2.789029151130656636e+00,-2.409508814794549814e+00,-1.280175321603232996e+00,3.114509628617574410e-01,-1.404557425957527195e-01,-1.061042879167828357e+00,2.615942338309031889e+00,4.115998671968365552e-01,2.102427505759629334e+00,1.725056926492048559e+00,-6.778301595943769797e-02,-1.308458176580963750e+00,5.403397292188794054e-01,1.864703355864409273e+00,-2.083740522265399520e+00,-8.427806997676754452e-01,4.362877820408793461e+00,-1.229196523855179191e+00,-4.961329912927179286e-01,1.043219713066406484e+00,5.650556305504669807e-02,1.437023579752413127e+00,2.835464176761076871e+00,-1.065654321427054185e+00,3.049466643496646867e+00,2.962988788831170339e+00,-9.492931383788247302e-02,-1.893644504765304326e+00,5.223655970163452622e+00,-1.617735095538959333e+00,-3.635659966022400713e+00,3.360887986719102161e-01,1.590438373433242125e+00,-8.373214161922868382e-01,1.143090443827764258e+00,2.945262095905015975e+00,-2.146188118022525515e+00,-2.132225684097482699e+00,6.675330420834622025e-01,-2.969129607723511199e+00,2.314973259459443433e+00,4.220260719222713952e+00,2.591361755373044140e+00,-2.985116922774718962e+00,-1.312450385716975809e+00,-2.375293944756901254e+00,-3.239836712150476750e-01,-1.475104327708530061e+00,-3.510064052376153931e+00,-1.136601825093651819e+00,-7.796593056086890128e-01,-2.551157515726784730e+00,9.400311022761087543e-02,6.658956958341719634e-01,1.557557479591885841e+00,-2.683121232633138398e+00,8.057008545024619828e-01
-1.891173561943062742e+00,-3.275062293201671526e+00,-7.518059547667423903e-01,-2.082774214681583302e+00,2.099164356479504168e+00,-5.718533485711208009e-01,-1.418605489387874674e-01,-2.839773207451613324e+00,-1.968813498911101689e+00,-2.130046178437541737e+00,8.158500322869934873e-01,-4.787498052269152371e-01,-1.663704498213697036e+00,9.237862002604892986e-01,2.822294534105840302e+00,1.595768007124734655e+00,2.658479090716921345e+00,-2.720389844615171526e+00,-3.417296412709104558e+00,2.667367961438721347e-02,1.526006944189773673e+00,-3.711180100669871251e+00,-3.091121398715668267e-02,4.596011438446935493e+00,-1.114666963851104420e+00,1.432391613881906611e+00,3.056323570127352784e-01,-2.365371234800538180e-01,-1.152517320878581053e+00,3.080670001211347486e+00,-1.823931183272179402e+00,2.816511733639364135e+00,2.092000782971329631e+00,6.522917589698820073e-01,2.214920471343015063e+00,3.552584372603923235e+00,-4.087559709663784346e+00,-1.919555829842871209e+00,-1.855751365117137563e-01,9.380946310227739060e-01,1.603374249591201117e+00,1.703889603840753608e+00,1.422975830858183466e+00,-2.448001007812320218e+00,-3.743955784073762061e+00,-1.103525998873563507e-01,-2.892234981701932828e+00,1.806890301520725384e+00,1.257904002845564140e+00,3.060261988827851720e+00,-5.341875856360833730e-01,-9.187824454711320810e-01,-2.149347479165800046e+00,-3.778364445255697479e+00,-3.481933799014462316e+00,-2.350946965442889613e+00,-1.751572935148010268e+00,-9.516393198923260854e-01,-9.754410714867642884e-01,1.720824453989941993e+00,1.967745784660284381e+00,2.504059452100567462e+00,-4.685949807696713876e+00,4.480903229384117781e-01
-1.242981949281477538e+00,-2.227707620646804276e+00,-2.360047438412912868e+00,7.842277885883430777e-01,2.720929314977653224e+00,-2.671112066142992347e+00,-3.054021409639455231e-01,-2.346764894610359420e+00,-2.316357925091028669e+00,-4.270050461853140966e-01,1.883922367019921218e+00,-1.757934545779862856e-01,-1.180755334498275078e+00,7.976021071389545192e-01,1.751668892218613216e+00,6.669293484180067733e-01,2.071340783029835819e+00,-3.124247545524462488e+00,-3.649979376914526341e+00,-1.165230237467835162e+00,2.003919664836757875e+00,-4.613870837620824616e+00,-1.605598445558325205e+00,3.571485589305295250e+00,-1.237810120368011635e+00,-2.712209415184084094e+00,1.242669327895390641e+00,2.538196890525998284e-01,1.960817890586242340e+00,2.783552669313852590e+00,-3.287020978032939134e+00,2.595189472083739624e+00,2.473093268954774437e+00,4.640174207952584839e-01,1.819448207822149000e+00,2.345670159809911670e+00,-4.059576714454217417e+00,-3.037043227079831986e-01,1.910711428178994309e+00,-2.387859654581903079e-01,-2.568857395046822423e-01,1.680820913381284143e+00,2.189324221630848388e+00,-3.595487062131697442e+00,-5.019782208024079040e+00,8.458505913678390220e-01,-4.146924235720894636e+00,1.153209723078491900e+00,1.307837159172996255e+00,2.593903078951940167e+00,-1.406762672474315856e+00,5.897959388124549562e-01,-1.816662486458200387e+00,-3.291581585326057713e+00,-1.716003593831932017e+00,-3.988686530216190018e+00,-4.336926269014473867e-01,7.747701712296166665e-01,-3.422661206195115824e+00,2.828198380822029456e+00,3.706715557322337151e+00,2.787059849811452938e+00,-2.895063287247036765e+00,-1.447694315874092696e+00
-4.229527125410323052e+00,-2.886790999156453097e+00,-2.599545385396093256e+00,-4.500002066383252952e-01,2.383090342997846278e+00,-2.003783585453493998e+00,-4.189181655073310750e-01,-3.979796424330663385e+00,-3.976392019170370773e+00,-4.118513927104380246e-01,-4.143380768419883120e-01,-2.975690624720831456e-01,-1.905777663675956912e+00,-9.164653846060788478e-02,8.551764170012259303e-01,2.357370870158177034e+00,1.906036763449530547e+00,-3.127583893195273745e-01,-3.200169906273007570e+00,-2.357524699004309721e-01,1.642963736672842012e+00,-3.811922138796106641e+00,8.118106574042873724e-01,2.926401706534459635e+00,-2.752056220231685613e-01,-1.738110678982767610e+00,2.540011556788740688e+00,-7.147555739375618389e-01,4.896618125247488296e-01,3.731530061355037731e+00,-1.614029450119899733e+00,3.640608432749308676e+00,2.780804831778858954e+00,-3.921134192789056949e-01,2.225162251860825613e+00,1.994226806591086198e+00,-4.828772170580141854e+00,-3.597883032966104899e-01,9.422484218510317477e-01,1.973602577791508716e+00,1.204490664615636808e+00,8.840677323353970385e-01,1.747654920530266054e+00,-4.362564665596392999e+00,-2.653201214418830833e+00,1.371560424889419760e+00,-2.015756053631849287e+00,3.478973171161848121e+00,1.346856502764785857e+00,1.482331705474478234e+00,-1.291119663830011532e+00,2.977553423115577580e-01,-9.548378365099371434e-01,-1.693628249558530197e+00,-2.474335331407724325e+00,-1.388421498347576888e+00,6.313802661323086873e-02,-1.169559944898894477e+00,-9.265782442759775694e-01,9.577034067030714137e-01,2.989677861871653519e+00,1.450113210259585506e+00,-1.275333043373011899e+00,5.739630352607274499e-01
-2.893294377040430909e+00,-2.257475770998543574e+00,-1.952990591066602333e+00,-1.500264999901347984e+00,2.668955622639095360e+00,-3.931643659452771722e+00,4.571553030031283438e-02,-4.395233656348993101e+00,-2.608652241581987052e+00,-3.152666811124865021e+00,-6.227797614177595920e-01,1.918027803833220135e+00,-1.676884694725004898e+00,8.740815268379730218e-01,2.190862240399689131e-01,3.338198282057827981e+00,1.989006163397898153e+00,-1.965913774263476244e+00,-3.521597345262658774e+00,-1.700016230287515473e+00,2.882246679721924831e+00,-3.730167671893501069e+00,-1.730691046829993640e+00,2.566417627675937840e+00,-1.158616544399702963e+00,9.591609112847254703e-01,2.253562678527635033e+00,5.560909109233477809e-02,-5.371509357952257702e-01,4.659237484127988438e+00,-1.972599620417237798e+00,2.418038902922441835e+00,4.036180511043319541e+00,5.031554255730310565e-01,-3.018170912019271235e-01,3.826160193893065831e+00,-4.143743884152656598e+00,-3.388351030780654138e+00,6.697225873625544112e-01,-1.019742383902245475e+00,3.296940781084320982e-01,1.263968813707657901e+00,1.687698587273552153e+00,-2.233419588905092734e+00,-3.007590921043326926e+00,2.134025480362558458e+00,-4.272277272577117202e+00,2.102802004742300834e+00,1.196207813248547636e-01,3.636702582648016158e+00,-2.373974645506506942e+00,-6.673067663536750294e-01,-1.751955600388087397e+00,-2.730977576173291510e+00,-1.134533597651708803e+00,-3.970761226740197714e+00,-7.833923265536120173e-01,5.394134897855714650e-01,-3.143460544501296194e+00,2.507391648601814182e+00,1.335058451961048887e+00,1.719579006808331201e+00,-2.998558229350166915e+00,-9.466677910564089693e-01
-2.672704830739819126e+00,-2.557952819684729651e+00,-1.433481877412352112e+00,-1.983026366988203559e+00,2.357970123072089308e+00,-3.491568619961175290e+00,-1.409999304519459873e+00,-3.385569900487454653e+00,-1.987894290342352654e+00,-8.509470216984069690e-01,-1.421557988462057054e+00,1.344443719991496033e+00,-1.580363208957818344e+00,1.233497031885415707e+00,1.006891892522917109e+00,-2.388448836469239112e-01,2.174844471325635187e+00,-3.124521711735612328e+00,-2.654093309666016420e+00,1.394909112109254945e+00,3.654688618393005850e+00,-3.428551853715615216e+00,4.600509451776075842e-01,2.401164372861935181e+00,-1.613130545672794014e-01,-1.688569413062734892e-02,-6.297985196178295109e-01,-1.415067622636107414e+00,1.919175666972146033e-01,3.365137980824262076e+00,-1.386251793714620373e+00,3.307313071650120229e+00,1.657417808726593167e+00,-5.911391029393883723e-02,8.679851127954653078e-01,2.694367751034857150e+00,-1.295513398704615682e+00,-1.779616591369443279e+00,4.072880842732811701e-01,-5.832068485787977874e-02,1.145613537323413977e+00,2.224092506569827599e+00,2.718977906021757818e+00,-3.853650176763996349e+00,-2.354672082309661629e+00,-6.292402594239454583e-01,-3.290418232625681672e+00,1.152195592829243775e+00,6.117482327168622946e-01,5.236526919303685190e+00,-1.604117355195519457e+00,4.867138042115064511e-01,-1.736939487573198937e+00,-3.983035742826309011e+00,-1.596877283721841900e+00,-2.156438437926380125e+00,9.912373549837207864e-01,-1.047156063721169206e+00,-1.932075124188183057e+00,1.120392523354744929e+00,2.397731293947950704e+00,2.330252008012809739e+00,-1.720526132329629476e+00,-9.056064221712800677e-01
-2.266587261781988882e+00,-1.460577569686748234e+00,-3.507994404503438357e-01,-3.874787748369750151e-01,1.510636394274182503e+00,-3.283240222259897312e+00,-1.243283484864152189e-01,-2.486263684295102472e+00,-3.401175866008337323e+00,-1.418340466289388591e+00,-1.001797279808716024e+00,8.119649618992714757e-01,-1.183815791248440163e+00,1.297477608199115950e+00,1.949033740093470524e+00,1.594032586132954066e+00,1.575725001227106237e+00,-2.449216529409221188e+00,-2.203589830881794942e+00,8.116970876822870995e-01,4.915871467920921667e+00,-4.373510953048277194e+00,-2.711820195883872797e-01,3.122923136510249442e-01,-1.695215125003988632e+00,1.614280388227440355e-02,4.998826393462588724e-01,2.540952349130185528e-01,5.203870450841130424e-01,4.631969939141239223e+00,-2.248423875973883490e+00,3.801496315854007602e+00,2.776068007110457980e+00,-2.560269724123119595e+00,1.838147425547726366e+00,1.894168205799777738e+00,-3.648321940059001900e+00,-1.556617738886745039e+00,5.773600811518939668e-01,-1.230876518913882611e-01,-5.067556364145351377e-01,1.105555870620987369e+00,2.702618494235005109e+00,-4.344521874327806898e+00,-4.078827892495596075e+00,3.454733955748537366e-01,-3.195787769079021956e+00,2.288731676602275833e+00,1.760962164032478405e+00,1.206247365194616838e+00,-2.995792995005309045e+00,-9.486650709419686134e-01,-4.249925000558703037e-01,-2.584655878232188453e+00,-1.819111038431568073e+00,-2.010830590693570397e+00,-1.317818835619551265e+00,8.569766017234441424e-01,-2.050382048774034516e+00,1.706294458115926282e+00,2.324036132762103080e+00,8.771902241064988281e-01,-1.818825307126513247e+00,-1.789307673687062561e+00
-3.678398431059592077e+00,-2.773090671830496845e+00,-3.238526004865036612e+00,-5.662222156210714452e-01,1.011186602465748319e+00,-2.796077733982435198e+00,-2.053415461364999084e-02,-5.392795547291230562e+00,-1.490610287984522442e+00,-1.454832835573014016e+00,-1.430417679089792893e+00,8.109369808013248138e-01,-2.865345179087894767e+00,1.140696821470797762e+00,1.248323520601598791e+00,2.814898081194002089e+00,1.353868539977509666e+00,-1.522854490476356570e+00,-1.521447989316602856e+00,7.690245384290919084e-01,1.874005302478777057e+00,-2.611331781306586386e+00,3.334602637160476446e-01,3.232544093003227648e+00,1.093902012210389518e+00,3.895255282718709244e-01,2.039627615739157296e+00,-1.771020495889159330e+00,2.332713866339613418e+00,3.416790049838955845e+00,-2.604795931046858026e+00,3.341595841664193767e+00,2.565195766336898497e+00,-2.501880789270751748e-01,2.388726489740492287e+00,2.031203840994897369e+00,-1.930103924259893633e+00,-3.011335126631757397e+00,-3.443601090747118176e-01,-9.499140836276278588e-01,-1.403177493222363736e+00,2.059703052031143677e+00,3.269594376384549417e+00,-2.380921853505892027e+00,-2.789639388403224007e+00,1.056907915620767024e+00,-3.667241362844019026e+00,2.147288927274144665e-01,3.653899408955865180e-01,3.665600055918567080e+00,-1.458078354491214146e+00,-1.817117234938097292e+00,-1.855343613599885755e+00,-3.133100789638790573e+00,-1.949964988488219308e+00,-3.944997168675610233e+00,-7.601657686599683217e-02,-3.709155858202941580e-01,-1.868871889066320735e+00,2.702459584904761680e+00,4.557831586387218081e+00,1.701224312321990562e+00,-2.970806987160771406e+00,2.382146362643684068e+00
-2.660231053637425180e+00,-2.373646047187035979e+00,-2.768493060335114109e+00,-2.184374442401862737e+00,2.001426704695365988e+00,-1.505126502396805011e+00,-1.720874573796614682e+00,-3.162178308457571863e+00,-3.803783163343346096e+00,-9.520065220089313218e-01,-7.369635821371365303e-01,1.683760793625038055e+00,-3.874885989566929645e+00,1.342221414502407395e+00,3.320382133478549935e-01,2.891456411722392872e-03,2.324039806010442799e+00,-2.206866930438124985e+00,-9.853312133367846393e-01,-4.576911928397227047e-01,2.509517241644612540e+00,-3.140847730408061533e+00,-7.423783367478066220e-01,4.383356007150926992e+00,-1.290809534476887288e+00,-1.771121325664326562e-02,1.892270521980585762e-01,-9.760128334576781972e-01,9.957245840734556541e-01,1.656930748293096833e+00,-2.633623452174665758e+00,4.873502779261922768e+00,3.317295160962147271e+00,3.038636360389766061e-02,1.665340284368449719e+00,1.531713647508639697e+00,-1.963783506591220140e+00,-3.788063319734198409e+00,-8.725797324504072083e-01,-4.808538693209750692e-01,5.420750706128549812e-01,-1.044971174434665695e-01,1.505424880647583397e+00,-2.203345486480100313e+00,-1.726480323723826871e+00,2.551226966744369884e-01,-3.288647759910193091e+00,1.128560569371588773e+00,4.280495064594748156e-01,3.808599823755606906e+00,-2.757417067812739209e+00,2.422214809432928773e-01,-5.446768608670327083e-02,-1.579956946862624445e+00,-2.219195431642067451e+00,-1.732455046980460267e+00,-3.753702592067983956e-01,-9.291995176950587076e-01,-3.111279623565011754e+00,3.316951838905347394e+00,3.763815638870583236e+00,2.438532338187786586e-01,-1.831160556753814284e+00,1.420309314381465793e+00
-1.015835494933252869e+00,-6.104369758977186144e-01,-9.691129728429009882e-01,7.590076294886527464e-02,1.272154453719772871e+00,-4.558665499955365519e+00,-9.861701664429463055e-01,-3.512487904575750886e+00,-3.981043102088005270e+00,3.420659439104036803e-01,-5.751928036629865293e-01,4.890948404113002468e-01,-2.149715328081090782e+00,1.615643668778007136e+00,2.365367770013566684e+00,2.826227414254200987e+00,1.718209860064676020e+00,-1.510645991731496718e+00,-3.831515216940792001e+00,4.013563786725730109e-01,2.920854158543064294e+00,-2.807719749046327706e+00,-2.757256072019088844e+00,4.402946320223151133e+00,-1.113145963712510067e+00,3.907308679069413371e-01,6.363237930601504111e-01,-4.156336933043055515e-01,-8.387150286377498265e-01,3.665276916489956793e+00,-1.920794154695572686e+00,2.445402567779475067e+00,3.657493325376334870e+00,1.024701582802884037e+00,2.623557672380625760e+00,4.305340986031144901e+00,-4.896148528586245163e+00,-2.478863435236153823e+00,3.578236415296076611e-02,4.355630248087410950e-01,-1.749031339058304102e+00,-3.143514477599422818e-01,1.200152485962281190e+00,-9.374972326104584752e-01,-1.874812068200814474e+00,-4.796171639341562098e-01,-3.005338902391371469e+00,2.448168261752559527e+00,3.096773457522638218e+00,1.224776003799824542e+00,-2.055890806963719175e+00,-1.503155366934268766e+00,-1.531696018568959428e+00,-3.206985480777087005e+00,-1.426059118222784416e-01,-2.628422445600821611e+00,1.101155615750556205e+00,5.388984114150423554e-01,-2.605894170856477565e+00,4.321038734717422614e+00,3.474932918744535471e+00,2.514482003089697937e+00,-3.177556710159736397e+00,1.294937490473649255e+00
-2.803626575833372936e+00,-3.150661223747474260e+00,-1.684355490360989416e+00,-4.166478656946502879e-01,9.246453526887242758e-01,-6.884758561205179817e-01,-1.870096665239022182e-01,-2.188662203312117249e+00,-2.445959242880359596e+00,-1.254641748859291361e+00,-2.944394055609363958e-01,1.578818678861603431e+00,-2.045992283551289592e+00,1.272655524678445005e+00,7.235704942222234148e-01,9.869650170671929734e-01,2.912652875058445279e+00,-2.059456625241117056e+00,-2.313403604603418984e+00,1.322477080837956898e+00,1.546053252696250713e+00,-5.441203831158180293e+00,-4.108994347387318058e-03,2.756686192278155367e+00,2.809814002937682798e-01,-2.555280383619451534e+00,1.178426744992968844e+00,-7.538863542839456811e-01,7.362784884177100420e-01,2.436579645899227486e+00,-3.755309130229039560e+00,1.904234978306514670e+00,1.498628637242606310e+00,-2.756301852242743489e-01,1.263823335498199585e+00,2.671943048874861670e+00,-5.037152352307494141e+00,-3.019664137270438253e+00,-4.357138275019066809e-01,1.000282350216488370e+00,9.301839875506767719e-01,4.968815017553822599e-01,1.807808861860888960e-01,-1.256956912831611595e+00,-3.278926123304251039e+00,1.888151152309637815e-01,-2.440927404929887690e+00,2.259151549703693362e+00,-6.802366298251329990e-01,3.014599176417992688e+00,-1.606753741685026604e+00,-5.395972364960562873e-01,-6.742901269269816478e-01,-2.135815449756280238e+00,-2.044389871408044623e+00,-7.704687534342333777e-01,-1.756644894674543877e-01,-1.132014567730017518e+00,-1.574089433025408935e+00,8.254246538446186054e-01,2.968317258314532303e+00,9.778057921521774443e-01,-2.618501854869134782e+00,1.953679061144774909e-01
-1.526663043027658206e+00,-4.698381475060473100e+00,-1.976877282227123223e+00,-7.925868290495923230e-01,3.081647442887856858e+00,-3.106530271607780946e+00,4.362050084642572489e-01,-2.812436883367622098e+00,-3.070664879987657692e+00,6.431770095536903931e-02,-8.745535406459283845e-01,8.335723936668875123e-01,-2.066988480824173191e+00,1.933914214862130221e-01,8.705483432540005451e-01,9.684691814560530965e-02,1.841607341035162992e+00,-3.561366355763585734e+00,-2.138919204731278167e+00,2.041001271924158367e+00,1.868261888474068488e+00,-3.900970574301368288e+00,-9.332891701528012174e-01,2.758786213952304500e+00,-3.306025785800825734e-01,1.096944934466583810e+00,1.984493211235815124e+00,-1.026319519984406403e+00,3.706230813848936378e-01,1.613423246679706047e+00,-1.631820586603183632e+00,2.166704682949810223e+00,2.115290585251949462e+00,-8.349830437586583942e-01,1.150615991507071501e+00,3.187632924634969278e+00,-4.833499479369493201e+00,-2.011738430521807341e+00,6.270830147822594736e-01,-1.959003932853770058e-01,-1.262641638600493277e+00,1.879882595760177244e+00,1.738613312223122431e+00,-3.139153711986383488e+00,-2.686234130741775417e+00,-6.307118824315888217e-02,-2.666293334881268517e+00,2.737309984078516667e+00,-2.042479974920323738e-01,3.592244239913767956e+00,-1.448985275611010648e+00,-1.103937841567879108e-01,-1.772237403623862617e+00,-3.291682953239251308e+00,-1.975495363470095134e+00,-2.352638024261457517e+00,-5.503229915053919896e-01,7.463392906910251146e-01,-3.407775029194866079e-01,3.619685201131606966e+00,1.975798268313516459e+00,1.126423353831797147e+00,-8.953604136049622131e-01,-2.242939670470398994e+00
-2.679402847457049930e+00,-3.666395712360986714e+00,-2.494358620791408132e+00,-4.848832979041720614e-01,2.001913263341032589e+00,-2.418081355094845009e+00,7.930307240172085326e-01,-2.550971481042044964e+00,-8.566374434172088215e-01,-1.790735962164892836e+00,-7.240252011347126926e-01,6.332063122730389182e-01,-2.178147574176524159e+00,1.517778365304093047e+00,1.162146837818424316e+00,3.416702967056358453e+00,6.253224959665042437e-01,-5.418316907310938291e-02,-1.165074086168919942e+00,5.296774416232742366e-01,2.037193078678845470e+00,-4.434949159052662182e+00,-1.235663335644872074e+00,2.983832855100958525e+00,-1.583404750189399302e+00,9.424931955129987049e-01,1.683068898985185413e+00,-2.703224210867659072e-01,-1.326360024607353250e+00,4.196321888823644208e+00,-3.285392250392075386e+00,1.514229797203992645e+00,3.840111403446646143e+00,1.216844520592417211e+00,1.949807987380723695e+00,4.345562882307615560e+00,-4.567603597151764561e+00,-1.494681417804218704e+00,8.495409411864704996e-01,3.376702866236886091e+00,-6.298966462862821691e-01,-5.920382862006505764e-01,1.435690538857282483e+00,-3.944124707833072119e+00,-4.092320668741620260e+00,-1.327570970979367937e+00,-3.482627013031323493e+00,1.485903505780981515e+00,1.971837010678001434e+00,3.317758532576296826e+00,1.599198103225754064e-01,-3.313924628272998607e+00,-1.753876648088016355e+00,-3.964194556978644535e+00,-8.355295434705204416e-01,-3.256364327189546604e+00,-8.633497087995610775e-01,-2.663010886537887645e-01,-1.771489262030331524e+00,3.790706635306035910e+00,1.629386286914510373e+00,1.501279943809127992e+00,-1.129002847285687228e+00,1.485991710217304140e+00
-3.151375920807705455e+00,-3.451635053951219057e+00,-2.131579596141568445e+00,5.416940627378212803e-01,2.895931624308255792e+00,-2.472144494056563335e+00,-8.804917228092988823e-01,-4.493501300854868319e+00,-2.853754943560487423e+00,-1.045922222971990223e+00,-6.237331062453054242e-01,7.898560527116695873e-01,-9.961958654198556085e-01,1.722270224685030549e+00,5.335581971374292465e-01,1.442247532545369637e+00,1.508739882312642777e+00,-4.124536636529400724e+00,-3.226124020115286317e+00,4.613905484584190919e-01,2.888302339497963445e+00,-5.173503772315187099e+00,-3.602344170045285177e-01,5.180768767135583985e+00,-6.205097551909257714e-01,-9.466908152946152954e-01,1.522608070756588994e+00,1.172261380597731939e-01,1.289792390014063317e+00,4.394763278983644383e+00,-2.872378088695956677e+00,2.058836114623590952e+00,1.976655690699045564e+00,1.009811754372061721e+00,1.821547954581680617e+00,3.644345282202652747e+00,-3.923183843698547335e+00,-1.099657763004891597e+00,2.750185742204546369e+00,1.789801653126208647e+00,4.451994189127778112e-01,-2.391784654111739350e-01,8.110378241993587700e-01,-2.858709534615482717e+00,-2.563687589517228638e+00,-1.180034941558688155e+00,-4.114579011640154604e+00,3.680816073748657935e+00,1.564482309616488820e+00,3.144542440273237816e+00,-1.812558439171642277e+00,-2.266286054285529872e+00,-2.044779695357692884e+00,-2.474477775235798038e+00,-2.103999597266118293e+00,-3.483631363963056948e+00,-4.143589093228311482e-01,-5.227114745722922784e-01,-1.769838265736529692e+00,3.402711022268132268e+00,1.827791278954786325e+00,2.203496579703495328e+00,-1.995038770728800648e+00,8.401858145613010365e-01
-2.630007152358894817e+00,-2.056195470918773971e+00,-1.907794079448072999e+00,-3.421581262453923689e+00,1.057156857068686673e+00,-1.568630152987735116e+00,-6.692856041146120205e-01,-4.020330533669131512e+00,-1.893213393921457932e+00,-1.232511374192708731e+00,5.383267181036806015e-01,-9.656764991481441296e-01,-1.707531131283909431e+00,1.414132525914843841e+00,-8.431306817620010108e-02,1.887544631043436727e+00,2.083157330985237365e+00,-3.766658772128803179e+00,-2.273333276879873299e+00,5.139736544799612394e-01,1.638171665684091893e+00,-3.474851998148777987e+00,-4.291988637174509180e-01,2.113712000944360625e+00,-7.163505304266866158e-01,-1.124190406258905872e+00,-5.435852314022961984e-01,-1.178404049392635100e+00,5.140060394063393767e-01,3.540350090057099663e+00,-2.552951925644643350e+00,3.133066927905274746e+00,1.659137357473678076e+00,7.115017507887294590e-02,4.007139740327192001e+00,2.971135561237202793e+00,-3.783463854334917720e+00,-1.931777326847860188e+00,6.764779128296682931e-02,1.579514313609041487e+00,-1.048422542906770838e+00,-4.672415349705116849e-01,2.048425247038566432e+00,-2.593107790245221977e+00,-1.703897025500285212e+00,-1.086984643926241834e+00,-4.076360881561705618e+00,2.442231402016913577e+00,2.394802474314146501e+00,3.878825694387149525e+00,-1.226710733081984195e+00,-2.391307157022633412e+00,-1.470261073310417776e+00,-3.742276242662385233e+00,-2.221053260174683963e+00,-1.173811097084911159e+00,-1.956873511896458084e-01,-4.246561145839787277e-01,-2.984855857633474940e+00,1.586272576406382750e+00,1.305309192308825805e+00,2.572665601373643529e+00,-1.933417882252235209e+00,7.048843772324133727e-01
-3.959386045148162836e+00,-1.973607933830721084e+00,-3.938954623175972003e-01,-2.257330740023390625e+00,3.478318676193546288e+00,-3.411451468485975358e+00,-7.277843175829405986e-01,-4.134511414272101781e+00,-1.003277345491710770e+00,-3.064267635473012952e+00,9.241559729562791592e-01,-2.391522238904994158e+00,-1.547661609518692138e+00,-2.927750400034065947e-01,3.457046917041082690e+00,1.964796599427419910e+00,1.941770442213571535e+00,-5.053866777998801130e-01,-1.564891618103453341e+00,-1.178342193295572882e-01,1.274640770008173440e+00,-2.300220856782434709e+00,8.838044482976916694e-01,3.998658071042743956e+00,-7.344528677207029510e-03,-1.019246283130744946e+00,4.425641956697005108e-01,-6.132296229785716424e-01,1.515964140794261450e+00,2.018717063564443137e+00,-1.644585821989702934e+00,1.906245536556632647e+00,2.074304694896472068e+00,-2.697097742595709891e-01,1.792140853846670989e+00,1.291685112367778165e+00,-3.836470605333380135e+00,-4.188178009822473236e+00,7.547152767340069568e-01,1.257295831082572590e+00,-7.701572470789561642e-01,2.203840251599352484e+00,3.102640513934451505e+00,-1.107986982464357339e+00,-3.734915757708597628e+00,9.992104497975217159e-01,-2.540545145992387788e+00,6.528334947318470416e-01,1.862569300160606289e+00,3.307030734289726936e+00,-1.551686621840422386e+00,-8.748828090972603500e-01,-1.371383491517170095e+00,-3.098280834078313450e+00,-3.767776720739637764e+00,-1.561984148475902945e+00,4.298447263983509181e-01,1.094381755187696426e+00,-5.891118086654567598e-01,2.225412407857306096e+00,5.321737898441424974e+00,6.655161362880892550e-01,-1.031987650045156579e+00,7.744266224725973036e-01
-3.822214275787885640e+00,-1.226297174018482261e+00,-1.639298000303518688e+00,-6.644500977738224679e-01,2.071670223413104139e+00,-3.301898483134316109e+00,-1.180055722966003806e+00,-2.159686495505487080e+00,-2.734746950014492750e+00,-8.699301032702733139e-01,-1.039686401939149185e+00,6.882075557943803101e-01,-2.453258209968676162e+00,1.041274780553111290e+00,-1.620527162619853634e+00,1.586540018336548785e+00,2.585045891715193722e+00,-1.986363747977356375e+00,-2.399294516330259253e+00,9.170526620410327512e-01,1.612468971099863424e+00,-3.269978999470759096e+00,-7.940293062111702938e-01,1.725126546027713204e+00,8.391302222696150892e-02,6.387627356829463920e-01,-2.879511400797791776e-01,-1.206079694736326813e+00,2.954818204835588435e+00,2.490108167142592421e+00,-2.780018423874330846e+00,2.251267729776628812e+00,3.286950553382134377e+00,2.937752082902985729e-01,1.909286160238145680e+00,5.628776564139545968e+00,-1.817176601574491901e+00,-1.208247236488074083e+00,1.391199443623739818e+00,6.123429704251986960e-01,-2.982487134306296972e-01,3.097718394446047352e-01,2.109416568127676861e+00,-1.278909517718008537e+00,-3.415619562261806408e+00,2.127118885974811358e-01,-3.538841992102326195e+00,8.652524290958942821e-01,3.105312565873665775e-01,1.667385386378946066e+00,-8.009960745765773993e-01,-6.999952960332280760e-01,-2.832500804985650600e+00,-2.790419959367658187e+00,-2.660694318241020984e+00,-3.983640129653339024e+00,-1.170428348683984376e+00,2.985517547654295001e-01,-3.016130002763775853e+00,3.498936377835300870e+00,4.097713644997611482e+00,1.374315295576559404e+00,-4.353886471192536689e+00,1.091151568188353460e+00
-4.424833621983316867e+00,-2.947085872780152549e+00,-8.228559126336918439e-01,-1.345725674283797968e+00,1.416432882921226044e+00,-2.893694514260997774e+00,-6.428308575577478257e-01,-3.838777902566142153e+00,-2.869724920998357742e+00,-1.519325465591657043e+00,-1.050487302260244338e+00,1.046258209787253701e+00,-1.194182045222402788e+00,-2.033464861219824726e-02,7.969923016285740403e-01,2.998411525401716293e+00,2.557647019608835670e+00,-2.665822340715551242e+00,-2.612207563070401584e+00,1.279849405395186435e-01,2.732116758949723501e+00,-5.768722498664347498e+00,-1.386467822240317060e+00,2.176067052797361789e+00,-9.791149867701964826e-02,-9.456064812526983054e-01,2.758065471549277170e+00,-9.847836090523376384e-01,2.627781977100792643e-01,2.101345802617037073e+00,-3.008446672457027127e+00,4.239562862694062240e+00,1.361769124441872592e+00,1.464222675604247015e-01,1.451672555068555415e+00,1.294478455408591522e+00,-1.567961931716680413e+00,-4.324834922805192328e+00,9.077975869517307395e-03,1.083575053712255265e+00,-9.843582900527878543e-01,7.397811788913440934e-01,3.307559340343169119e-01,-3.266921707204924807e+00,-3.098950950141037275e+00,1.586309191628183513e+00,-4.006337033180743745e+00,8.661300866471350890e-01,-4.961024387034154159e-01,1.583797249280373132e+00,5.089745058764034713e-01,-1.341291091591866547e+00,-1.084519876016705631e+00,-3.552397774885616144e+00,-1.650536027044261722e+00,-2.612905083889224045e+00,3.807603330476803105e-01,-6.396761299814788249e-01,-1.971845039968808333e+00,2.762894008771028087e+00,3.834075525531775774e+00,1.628233368666788028e+00,-2.319358000179760904e+00,-1.250614585176318183e+00
-1.767161328910435980e+00,-3.975023145328519636e+00,-2.062066389956487722e+00,-7.003118757526349825e-03,2.663797653213749506e+00,-3.440395739160332145e+00,6.936396222653433696e-01,-3.091022059051211635e+00,-3.503535647893504468e+00,8.059089766169016400e-01,-8.335191246902207141e-01,2.972813036822203880e-01,-6.302733485432086002e-01,-1.552666723723203912e-01,5.037815277002909431e-01,2.194544349165414410e+00,4.779985060208216119e-01,-2.844698273452174409e+00,-2.394418657479141288e+00,7.699875519730610129e-01,2.040584403234813049e+00,-4.773840373440755513e+00,-9.885078831058808913e-01,2.770249644741170414e+00,6.162164802647298600e-01,4.051664188179512349e-01,2.191458396763852789e+00,9.422845796047274458e-01,5.363757493833447576e-01,3.185758952474015970e+00,-3.250915799269693984e+00,5.086926758392924519e-01,1.174914669666137668e+00,-1.644011220203412393e-01,4.571587382701571833e-01,3.192722907205582938e+00,-2.307359804705916062e+00,-1.245838421643586713e+00,7.657875043212098998e-01,-8.571566672367718631e-01,-1.477803123350511338e+00,1.227251152095975462e+00,1.173194313092379648e+00,-3.476119139124435264e+00,-2.700095974500209550e+00,6.848407150014524936e-01,-2.843056335322117878e+00,1.896494948826002114e+00,1.860012457643122952e+00,1.348668169292880581e+00,-1.071988979193281288e+00,6.501517294296255134e-01,-3.477953951296326451e-01,-4.092969826713424908e+00,-2.475380576080155048e+00,-1.950618908926924799e+00,-1.933664797022823345e+00,5.680137101759408225e-01,-3.638895558839736921e+00,4.323124738671161538e+00,1.291716814346347553e+00,2.183997756158263304e+00,-1.954533266550354309e+00,-4.614122799621267479e-01
-2.148731053654381107e+00,-3.624937077543011199e+00,-7.374093533581536075e-01,4.308816914306867751e-02,1.646201024260666834e+00,-2.226402392483828763e+00,9.816893952635235010e-01,-2.755387657093814724e+00,-2.508397921747457016e+00,-1.189564487195452269e+00,-6.943348290253794630e-01,-2.111939917749776630e-01,-1.061304946702414487e+00,-1.304134900187198021e+00,1.863404865152493262e+00,1.385765912756630414e+00,2.957130625257844869e+00,-2.254305660524622557e-01,-3.772202620254879957e+00,8.509947628846136203e-01,2.839877381323883121e+00,-2.917363854097037468e+00,1.351116325270259821e+00,3.449798451540431632e+00,-2.408104427361003275e+00,-1.737106213140156896e+00,1.037643509177410106e+00,1.448358711527951259e+00,-1.470672003415722795e-01,2.943583842930638017e+00,-6.617057575182365703e-01,2.452349805111543990e+00,1.058623422207993992e+00,1.613961425874976818e+00,2.301041353624120767e+00,2.807396008503354690e+00,-2.192431259538770938e+00,8.678076919281041413e-02,-1.119570229526709593e+00,-1.837428598964069293e-02,1.889988667355460450e+00,1.876612490288756652e+00,-1.174800696762869912e-01,-3.457665932260795216e+00,-1.767863069698841993e+00,2.977087408423729209e-01,-2.846937059252337310e+00,2.069283406967576511e+00,2.235660514452159076e-01,8.480079008775500693e-01,-5.800612507042508526e-01,-1.425281542271995328e+00,-1.300831040154423413e+00,-4.045221430427313081e+00,-1.323112401632783985e+00,-2.399390320076275618e+00,-1.041380463489470110e+00,-6.854388638744519646e-01,-1.508110468421755890e+00,2.514550455070662327e+00,3.469064716324755437e+00,4.538174218764009282e+00,-4.058668096053704488e+00,-5.523311689075769415e-01
-5.515577258059464860e+00,-1.869119383491826270e+00,-2.392802193380517028e+00,-1.140225802168881586e-03,1.125541684855486668e+00,-2.915580024891464284e+00,1.110641205872344717e+00,-2.098216860689051888e+00,-2.185245460706168874e+00,-2.965547801673672490e-01,6.626868077632681597e-01,1.033657220541536859e+00,-7.140217144034386454e-01,1.554381587572964518e+00,1.759527691059299848e+00,1.545880368582571052e+00,2.088166638900459837e+00,-3.903588629634873186e+00,-1.269563792938106062e+00,1.303082536611440467e+00,1.983877186799089198e+00,-3.492865718906009498e+00,-1.346294346991022906e+00,4.170478871470630011e+00,-5.113161913010912940e-01,-2.381465745984128468e-01,2.938191594993386779e-01,-3.099406054770517116e-01,9.992866578839548763e-02,4.160797198323407997e+00,-1.700471031701852764e+00,2.560828267798386904e+00,1.774927390668400662e+00,-1.101589473148744114e-01,3.319235368256293839e+00,2.121257180885133486e+00,-3.905900362989011221e+00,-2.477408341541533332e+00,1.302188570133296253e+00,8.656134159347581569e-01,-8.730107887132854128e-01,-2.484893517301278720e-02,2.125025012396768442e+00,-2.187976127079254152e+00,-3.859426175804645975e+00,1.656486215190939859e+00,-1.275136384783225107e+00,2.898272171421505838e+00,2.166276460992007991e+00,1.839040322263701732e+00,-3.668041252355404680e+00,-1.452045232801860708e-01,-1.067583686222000505e+00,-3.589587199230797054e+00,-3.181743153585967487e+00,-2.533913391195778075e+00,2.414972137470074998e-01,-1.182482086509494046e+00,-2.524363389016329506e+00,4.912218327525508244e-01,1.828116941328251199e+00,2.389714328867770465e+00,-1.034121934897086703e+00,1.153732810184151081e+00
-1.712614908811501024e+00,-9.680684464064428507e-01,-1.184350549577751099e+00,-8.277996331911116057e-01,9.156294527126849214e-01,-4.477776118529488869e+00,-8.807850547420206233e-01,-2.902539026816680412e+00,-3.238552240043415242e+00,6.591064368669561357e-01,-1.891613285088926677e-01,9.932656386309101082e-01,-1.475444211831937302e+00,1.742296344067603808e+00,9.123365628627837509e-01,5.896770272772317023e-01,1.583493802887256718e+00,-2.960251208688779112e+00,-3.365868022187279873e+00,2.116039951716635059e+00,2.099111686490708006e+00,-3.180245463798301753e+00,8.365396583985313939e-01,2.288931343131793472e+00,-1.952027734879242526e+00,-6.810444537817289534e-02,3.329235205801561293e+00,-5.769959041668808464e-01,1.438185802354553511e+00,3.824453950636605981e+00,-1.002435794513222955e+00,3.575961346036783173e+00,1.959043992304213777e+00,2.378801369567011548e-01,2.048821084574510287e+00,2.997595502354410524e+00,-3.160452712905898576e+00,-4.397637711222571077e+00,-1.843275395593081178e+00,1.374639327870269767e+00,-1.358313023456417801e+00,-7.328855067446160554e-01,3.314342469431228011e+00,-2.700390339251213856e+00,-2.876032923598215607e+00,1.550291809120637909e+00,-5.056613823667575502e+00,2.351587653052598981e+00,4.063192747283084216e-02,3.128670090260900594e+00,-2.015238207025529693e+00,3.165092905014410540e-02,-2.681183986300017086e+00,-3.130829134984057127e+00,-2.907586847104468575e-01,-2.369092215128760781e+00,-1.181932605720412699e-01,-1.147448586736029841e-01,-1.592617271265499346e+00,1.824477977727301470e+00,2.085775813521187683e+00,3.525647289791411509e-01,-7.255955243392802068e-01,1.539529225109636412e+00
-2.630838360305652213e+00,-3.286227363080461927e+00,-2.243899263543405187e+00,-2.785757343899648575e+00,1.164386584081090970e+00,-3.818204158675515991e+00,4.685113477424360795e-01,-3.026659262966090225e+00,-2.906457125509976702e+00,-1.561935678360598878e+00,8.702725343995409979e-01,-8.610597663742169949e-01,-1.427895887545976406e+00,9.006592366743195743e-01,1.995621095037261039e+00,2.443934236555092454e+00,2.173565108510466803e+00,-7.630213885553678299e-01,-2.288214147900555329e+00,7.185801323138416574e-01,3.130931760029534772e+00,-3.463064469324662387e+00,-3.608189346578437040e-01,2.465894905211015953e+00,-7.257519613427199090e-01,-6.189839132946535205e-01,5.161131521262868338e-01,4.234931811569446758e-01,-1.626216420369686055e-02,3.202891543983731992e+00,-2.397727347946529086e+00,3.019504070803676665e+00,2.842825808933259868e+00,-3.517239617479957503e-01,1.268665032531123060e+00,2.946865847673935779e+00,-2.476681206522052037e+00,-1.942771659368289772e+00,-6.575321064411607797e-01,3.069190326244175537e-01,1.280920251125205578e+00,2.626720500029611216e+00,4.284556190221444627e-01,-1.544259977962460173e+00,-3.609977877090368992e+00,1.213598468358933480e-01,-3.982774346345725469e+00,1.916488703829253737e+00,1.494002645045143574e+00,2.784849730545204238e+00,-2.338995554128906473e+00,-2.326957852462747112e-01,-2.545280278020713549e+00,-3.465096775436816490e+00,-2.423259470329519605e-01,-3.340119938746503259e+00,-1.411601561319868692e+00,-1.181732034998887571e+00,-2.031804454170430319e+00,2.744902376311228132e+00,3.730511203735880521e+00,2.973148275524861273e+00,-1.770232722439581741e+00,3.371721282591010338e-01
-3.895051591876117492e+00,-1.711100862536165668e+00,-1.625264353693713471e+00,-7.878740619631368070e-01,8.337571509213070886e-01,-2.706799293249012806e+00,9.665084002249840767e-02,-2.730642614723004513e+00,-4.994263089946899825e-01,-1.419606471302169659e+00,1.567753244674353397e+00,-9.812766635201919385e-01,-1.410344825805280422e+00,1.575888058122655533e+00,1.530130105576485544e+00,1.999953152392143885e+00,3.582821582195753418e+00,-1.515395462145649130e+00,-3.882714737302427999e+00,9.319503790641461283e-01,2.909675266022371698e+00,-1.918398058226252090e+00,-1.082977779754884740e+00,4.331485182716760640e+00,-1.781355899809574650e-01,-7.428676572079551121e-01,2.217298554982233938e+00,1.587181125009972105e+00,-1.756713333227064133e+00,3.459847284965964942e+00,-3.908462646106715788e+00,4.289379870331504030e+00,1.055928196051352685e+00,8.296695123908155445e-01,1.473834409174714422e+00,1.884083233458993201e+00,-4.325291446532955497e+00,-2.208302843450673514e+00,-5.347111307630015853e-01,2.769192595755010644e-01,-1.634504464270762458e+00,-5.147239773329370660e-01,2.573695897460575033e+00,-3.193561326574471781e+00,-3.768521418263590661e+00,2.268831303652957487e+00,-4.283138020532174295e+00,2.616014162077839433e+00,2.380375941908339232e-01,3.202431564263243047e+00,-3.618968273139743896e+00,-1.206428059910580775e+00,-1.436017003021186067e+00,-1.786074319072121552e+00,-7.372866895663040543e-01,-3.711118898974563596e+00,-1.080071031947422044e+00,-5.461804411617050548e-01,-2.463256830159799016e+00,3.947813875494390778e+00,3.241695499391673785e+00,1.245645380659343271e+00,-3.651701089590273952e+00,5.371340558926213093e-01
-2.873246676678983036e+00,-2.993944501327155727e+00,-1.580931514041983066e+00,-1.938192878170190703e-01,1.698468005337777198e+00,-5.270174733816550550e-01,1.387084556151504167e+00,-4.507028445847447884e+00,-2.302624727405255811e+00,-1.919804460442199767e+00,-2.802847959628670949e-02,1.389939852679719978e+00,-1.129867020028599178e+00,1.507427841733739005e+00,1.089037074976747732e+00,1.219310049920443673e+00,1.040113883296692299e+00,-7.556521428636107096e-01,-2.808524006572244769e+00,1.855164402391674017e+00,3.977417954293841706e+00,-2.764506804203429979e+00,-3.417591938641763027e-01,3.851621291283653825e+00,-2.713099815767545220e+00,8.054009930523406968e-01,1.173257684894700059e+00,1.890218010709104890e-01,-5.150989403573591474e-02,3.030045058500587807e+00,-2.172944285233206152e+00,4.650365141569180238e+00,1.292572261065876749e+00,-1.076305796285608407e+00,7.091280318899757518e-01,1.798120502068776938e+00,-3.531728304565799004e+00,-1.370765394642397217e+00,7.881909117969647660e-01,-7.781663216952818818e-01,4.392787164181719550e-01,1.111602804728537119e+00,1.522222785575317872e+00,-1.898159433519849504e+00,-2.167595351728592856e+00,1.830382487665907831e+00,-2.894066061807444967e+00,1.822388262360518096e+00,1.884196471617444191e-01,3.251749021068067957e+00,-2.276553382687964699e+00,-6.813450985153796102e-01,-1.075462592224473601e+00,-3.709342065282257295e+00,-1.534401059275553036e+00,-2.533420620149607227e+00,7.625997376010693607e-01,-8.366432364651141262e-02,-1.100676502113327349e+00,1.380329752356309614e+00,4.453269218636231486e+00,2.608193943205876941e+00,-2.953282154939894877e+00,-2.785258378559734016e-01
-3.290788158835188604e+00,-2.135063088839037171e+00,-2.531839012177208303e+00,-2.224675346579158663e+00,7.555454239263899030e-01,-4.795115555315430100e+00,-1.379880352995404902e+00,-3.186942565966290442e+00,-3.554003484920179812e+00,-1.826631390494285245e+00,-1.911627257496618104e-01,-9.601206055066562328e-01,-1.749732226208048136e+00,2.077323471386277820e+00,1.239191052456637188e+00,-8.943778599821983200e-01,1.419616173081974075e+00,-1.564601190564264055e+00,-2.739443823860225891e+00,-2.288756961737142825e-01,4.072089741124795381e+00,-2.139638690667400311e+00,-5.057365822512497333e-01,2.645662983274627233e+00,-1.761919445244323645e+00,9.014543772228500451e-02,-3.189093059397190011e-01,5.807123694861254792e-01,1.662375541915057431e+00,2.266818952715237145e+00,-1.263749757771809090e+00,2.312909727813726501e+00,3.510028749964523964e+00,-5.107563193028428206e-01,1.646038095564389625e+00,2.242770023067089280e+00,-4.338347143502880421e+00,-3.128084684372003377e+00,4.857217709041408149e-01,2.208396481210318230e-01,3.099635191403670165e-01,5.763927178166281529e-01,2.125799287115729186e+00,-2.685743237374014214e+00,-3.532005963908619428e+00,8.434131191215303858e-01,-3.360341029080180508e+00,2.213463039711920821e+00,9.986460729435110428e-01,4.013364601406426146e-01,-1.744105035491552824e+00,-2.030898145320815806e-01,-2.279595508515307678e+00,-2.467788076131796071e+00,-2.069049727290423135e+00,-2.361901030495055842e+00,9.263323897008781671e-01,9.545436534347429003e-02,-2.884055182222894587e+00,3.495375275386624736e+00,2.498469068145398264e+00,2.959698400734220414e+00,-3.034784421399998156e+00,1.525620114209945033e+00
-4.083022914547306925e+00,-2.647721715510623852e+00,-8.715187379885277474e-01,-4.470420234856531394e-02,1.734510959757719961e+00,-3.287358733919633735e+00,2.016687420025609079e+00,-3.726883742787792997e+00,-4.590675199899080461e+00,-1.454122441299279700e+00,-1.621319792518322478e+00,1.327661414233982651e+00,-1.594061559072179612e+00,1.700681732159069703e+00,1.336059243806441144e+00,1.600512776385145663e+00,2.834707296096425466e+00,-2.596933545878699068e+00,-2.479923453654609311e+00,1.400050504228104842e+00,4.913214172636838128e+00,-4.480561382227788769e+00,2.353432637748050560e+00,3.452478793727230766e+00,-1.099629874459142620e+00,-2.055339222507824193e+00,2.835351030877095724e-01,3.774221565983948423e-01,-5.527519880705418220e-01,2.518118185718931201e+00,-2.148503127819650693e+00,3.966619280121347568e+00,6.125896060821605094e-01,-1.260567396199762658e-01,2.173017349832873535e+00,2.784985534003858731e+00,-4.685322604151179959e+00,-3.036405172541293940e+00,8.488085521241557352e-01,1.891402649284527615e-01,-1.207457968216649191e-01,2.200369369536599784e+00,2.063428692427054401e+00,-2.642682904826899382e+00,-2.739313594223719228e+00,-1.023688325067201310e-02,-3.334582296393692857e+00,2.498601202430112078e+00,1.367382965554556851e+00,2.781250890191995229e+00,-2.494137551926969287e-01,-5.424790639247947244e-01,-1.065236580810853040e+00,-3.253855689820659425e+00,-1.421635749741462895e+00,-2.372733530923446299e+00,-2.614251368426133704e-01,-1.058800230964631828e+00,-3.078746927069248684e+00,1.590199908683539221e+00,3.222036922971584616e+00,1.900244801874309664e+00,-2.428399237204638794e+00,6.599557367455548551e-01
-2.707487961625303363e+00,-3.038023878453932181e+00,-8.844089835590159820e-01,-7.532471755860850049e-01,1.949125503401423209e+00,-3.059188944890001149e+00,-1.428234893861163535e+00,-3.820448410920390447e+00,-3.082242248996929668e+00,-3.057469502917794513e-01,-7.126004893246271621e-01,7.937598800496370455e-01,-9.302980505890049434e-01,1.989319646157992061e-01,8.103927186342985145e-01,1.051002969034511292e+00,1.521906182021129261e+00,-1.550243317664758980e+00,-3.767890573888412753e+00,2.729472586379217969e-01,2.540378550978104499e+00,-3.904160091280699518e+00,3.340209124687603115e-01,4.031595064826311692e+00,-3.185192403826534457e-01,-1.655837512661011202e+00,1.562981602060157460e+00,6.134375459066890857e-01,8.900933059326923136e-01,3.778352795579101198e+00,-1.785552420244877592e+00,3.382293641142949614e+00,1.619354113983448862e+00,-9.555257843666824513e-01,3.960499493336289145e+00,2.634205854486764586e+00,-4.519577091896659127e+00,-2.545021900803144721e+00,2.789776766994538360e-01,1.430484860190787799e+00,-8.212399098238312156e-01,3.164852707201122328e-01,1.378505934446642378e+00,-2.474395168595298511e+00,-3.486814078991492760e+00,2.401744241476980180e-01,-8.659387511148546324e-01,3.186078921928205965e+00,1.464344925867467673e+00,2.941525706597470702e+00,-1.606678703272665487e+00,1.131787309971561406e-01,-5.900174625833591868e-01,-3.515918639571711246e+00,-2.506648321829718640e-02,-3.083683054973653359e+00,-1.065828017584923737e+00,9.587148010623447458e-01,-2.088535632340307480e+00,7.281455286813034444e-01,3.811010919242793449e+00,1.614319038395164663e+00,-1.566005754160072705e+00,-5.509366269430923113e-01
-3.943687709797105256e+00,-3.208665958577002986e+00,-3.479826840065284976e+00,3.775542597956527135e-01,2.506311310238420909e+00,-3.546765353626374129e+00,-2.153028136147631777e+00,-3.286246386452959634e+00,-3.587317479236060258e+00,-3.276589978390095359e-01,-1.209133540212185665e+00,3.180919001022102788e-01,-1.957586450436646697e+00,1.739488980517297501e-01,1.609655257821564600e+00,6.924031419137491872e-01,1.404489744476603796e+00,-2.178025746076215352e+00,-2.418256901462231045e+00,5.262197784839688364e-01,4.596031735128581097e+00,-4.415075528096903845e+00,7.941171241245470469e-02,3.857052432573061740e+00,-1.481420242195739423e+00,4.357541808738089051e-01,1.123650199992587417e+00,1.922989005949420349e-01,1.787887434730242697e+00,2.907057313199229664e+00,-1.746670380973412318e+00,2.855595545270515068e+00,3.394594602564436236e+00,3.466424110637210121e-01,6.937377613325174108e-01,4.482679666263758023e+00,-2.671767352073985080e+00,-1.958799103207209402e+00,1.455006695642876435e+00,1.563399922800991382e+00,-1.225781109844461980e+00,8.458476184759415872e-01,2.105264415739719563e+00,-3.193687716327546777e+00,-2.816396455939011556e+00,3.562589165242818767e-01,-4.309886015973314777e+00,1.947184877359283917e+00,1.611959702000335337e+00,2.381868992402471186e+00,-1.996758669851274703e+00,-1.270238321317039842e+00,1.852586609935933382e-01,-3.501530890633637760e+00,-8.984690469943945601e-02,-2.875281419748267009e+00,-2.641124799294829018e+00,-1.123738039961154289e+00,-1.324341946632782374e+00,7.514560712504303464e-01,3.226278359163625709e+00,3.231596359281227571e+00,-8.229271627459484595e-01,-7.216642003901652114e-02
-3.731427630354028580e+00,-1.490575364111322187e+00,-2.363506141367996083e+00,-1.499616264963135936e+00,8.249269317535707913e-01,-3.098936144951643268e+00,2.678104753126264725e-01,-3.354299317244281653e+00,-1.836862533920232465e+00,-6.028073550334606123e-01,-1.893050194221291394e+00,-1.078069027300875504e+00,-7.017878922768496786e-01,5.283363595441775695e-01,8.641362171768832701e-01,6.616108663053351657e-01,1.450438381215021222e+00,-3.571837654126378769e+00,-8.079715713697290802e-01,-6.666452842919967647e-01,1.614010338138333056e+00,-4.017398142019336760e+00,-5.871574164056595491e-01,2.702638048275722404e+00,-1.152150337664771040e+00,-2.085148721980806474e+00,2.073963729092514363e+00,-9.680958043603546948e-01,9.821578467695769588e-01,2.018163680946171823e+00,-1.184297034263548820e+00,3.556518511299463725e+00,2.778090731542722569e+00,2.538242213469585340e-01,1.245936176333308776e-01,2.588500181584109328e+00,-3.775939870053767411e+00,-2.476663676071746867e+00,-1.157448323208888796e+00,2.009032976743510890e+00,-5.240878918323196300e-01,1.379720416331843946e+00,1.686531029895807388e+00,-3.311383016141857816e+00,-2.483660806716821767e+00,1.871135371061787567e-01,-2.836236203701458791e+00,4.249635802746539071e+00,1.786008972284458096e+00,1.351684021667658220e+00,-1.950413721765662745e+00,-4.365341846197177689e-01,-2.663945893994605463e+00,-2.780926808434762254e+00,-1.558599930994184035e+00,-3.398100806002508190e+00,-2.770197105782646330e-01,1.571698538095342323e+00,-2.952603825095459378e+00,2.936728292481162850e+00,2.795197692165022119e+00,1.170968796843004034e+00,-2.717247762890883322e+00,-3.290006408096219914e-01
-2.421132608558008048e+00,-1.308306785967619179e+00,-2.005898031433722917e+00,-2.976074234617789749e+00,2.851270826490102550e+00,-2.239652972403618936e+00,-9.263944829388444102e-01,-2.321727131562594693e+00,-2.694093876227735329e+00,-1.257020772220846183e+00,1.029975270206482385e+00,-2.908163813444248902e-01,-2.771997020568830461e+00,3.211047953176431324e-01,6.103327312002984062e-01,6.930575657922517507e-01,-5.451050682867997210e-03,-3.880203615473806877e+00,-2.173915320657889172e+00,2.799937345526748445e-02,3.650224481701777268e+00,-1.292565102966651835e+00,1.208083922065543936e+00,4.411262201019374274e+00,-5.242758793364388215e-01,-8.829849266734408619e-01,-1.365385489954823672e+00,-6.750760081296955373e-02,-5.080165892915710080e-01,2.884960928106127476e+00,-1.979833024445538658e+00,4.602927966262881476e+00,1.891372888680233899e+00,-1.174925292838491231e+00,3.362975289331973094e+00,4.478484734292806024e+00,-4.512618907327106577e+00,-2.803123786590293154e+00,8.696612954905329484e-01,2.257722059357304689e-01,-7.748835832934495294e-01,1.532601873554128913e+00,9.789050950748566793e-01,-2.687375179319402729e+00,-3.389254647085307326e+00,3.845093125153398184e-02,-2.108628521803178391e+00,4.301185693806921506e-01,9.958629421484912481e-01,2.985055025552250108e+00,-8.470148464199165339e-01,-4.135832895210567184e-01,-1.191205659875707923e+00,-3.194468124390553498e+00,-1.846421926839880046e+00,-2.677143432686283298e+00,-1.564478998336416682e+00,1.364693137078851759e-01,-2.332307386879418409e+00,2.833883977938139065e+00,3.814351437355037788e+00,1.675488006130525953e+00,-3.509709109351016210e+00,2.185221625087354347e-01
-3.023878966577373983e+00,-2.333236054031486706e+00,-2.162081683675972865e+00,-6.850020729668293562e-02,1.952797372370757012e+00,-3.630370660651169867e+00,-2.586967958790353794e+00,-1.855603747833686645e+00,-1.050957161050299460e+00,-1.725733134165559957e+00,-4.068908174001949485e-01,1.400732336930110289e-01,-1.722444092400527760e+00,1.017561625334270525e+00,-1.933416808842505663e+00,1.755541451259559738e+00,2.878056797311647763e+00,-4.330771286342196547e+00,-1.681303587211642414e+00,1.378885098624193617e+00,-4.369771456188935588e-01,-5.476915919603806415e+00,-1.452012061098124196e+00,2.239494870163138529e+00,-2.534273377909315172e+00,-1.958863012604031617e+00,1.454778781900528672e+00,-7.611243037404902267e-01,6.886628468171202000e-01,4.425005806626477245e+00,-3.932586967302718950e+00,2.520315067174661472e+00,3.853776863226128668e+00,6.181892967128889138e-01,1.446149118325618099e+00,3.148146037822765919e+00,-2.945385861486980339e+00,-3.677968476897502281e+00,3.346288695675568858e-01,-1.944014115894522332e-01,-1.382364002526389912e+00,-3.681907767283518762e-01,1.685866856303523731e+00,-3.523423386204522334e+00,-3.072237272940426145e+00,-2.727534982875445824e-01,-3.445708008097704500e+00,1.493999477409545751e+00,-7.592448706401759839e-01,2.506497931391346246e+00,-9.769976642353144225e-01,-8.279742612485491149e-01,-2.170889288816277407e+00,-3.073169058643513196e+00,-6.256531945046250875e-02,-3.367714274275443564e+00,-1.744814730704329908e-01,-2.675146845040882737e-01,-4.225776351816603604e-01,1.002360747726705359e+00,2.318713664945451836e+00,2.387585180272083552e+00,-2.916024903918476685e+00,1.852921904689252663e+00
-2.447961746574878195e+00,-2.048742021318027184e+00,-2.011211266605206660e+00,-1.491791317372491932e+00,1.191371657522451777e+00,-4.286019450241334461e+00,-4.068972793598187865e-01,-2.386404264247473428e+00,-1.177027523180166124e+00,-4.795685585919438054e-01,-1.135577857678338187e+00,-1.158052029062649035e+00,-1.568627692657733830e+00,1.478942471983668794e+00,5.159050152258249922e-01,2.938237826639868988e-01,2.379813591432244024e+00,-2.480770434854022266e+00,-2.679425174503097473e+00,8.852095752344413260e-02,4.235263706011981100e+00,-4.099575606152617624e+00,7.306114513208019634e-01,3.444526957251569321e+00,-2.087546168941812219e+00,-4.174697628830232876e-01,-4.334267056516183381e-02,-1.519701528796668089e-01,1.281716617177816264e+00,1.767299785369468523e+00,-2.331847660123284705e+00,2.971872296926074242e+00,1.650610078798104841e+00,2.080768074283258495e-01,9.829153391155763808e-01,3.962201535532156704e+00,-2.719916192998356408e+00,-1.757121534656433948e+00,1.066656421388515241e+00,8.042546294087806746e-01,-6.172835573458512748e-02,1.805902433106242544e+00,2.223818229852238204e+00,-2.792993242818443633e+00,-3.590156990180525920e+00,-3.661454028654480553e-01,-4.022475265101774333e+00,2.506854554188009399e+00,-8.767928891914733569e-02,2.392522326329074911e+00,-2.082095999093395378e+00,-8.677718481028016129e-01,-2.667347597275213644e+00,-2.904100004951363001e+00,-1.209530428293243309e+00,-3.847459384523236992e+00,-1.029993654309094397e+00,-5.451102094773714324e-01,-2.521117405782460352e+00,2.969246922581739501e+00,3.603322727327594954e+00,2.944206572834922486e+00,-1.380992319329820806e+00,7.705223149275205463e-01
-3.085068162584079232e+00,-1.805649348366274776e+00,-2.165666010264712504e+00,-2.115696196840722632e+00,1.629290416862659407e+00,-2.848580385191987308e+00,-2.777974387672093037e+00,-4.268776613887705906e+00,-2.909722438523726140e+00,-1.510780342727191972e+00,1.808709027220708476e-01,1.235395802966072321e+00,-2.142840306893107005e+00,4.341781457735480743e-01,1.218571940646575147e+00,1.450497302405288735e+00,2.514571218859641633e+00,-3.554542718777171206e+00,-8.986416849538212404e-01,2.800292000312620821e-01,2.970556124879048632e+00,-3.610316627946611234e+00,-1.554407391781232328e-01,3.513407051966650929e+00,-1.672220469719609470e+00,-1.809704073474962538e-01,8.962247728979216843e-01,7.026272400816365726e-01,7.850675294538835836e-01,2.598682030544507970e+00,-6.359309298035864533e-01,2.241698921840362235e+00,1.839630625283094734e+00,9.349994447865567215e-02,9.557686890832912674e-01,2.746905423284533576e+00,-2.653201950813620869e+00,-3.388599640418349601e+00,8.839397115981757480e-01,1.169066286986805814e+00,4.510066001252056589e-01,7.576934032284110554e-02,1.729395773376899870e+00,-2.607721244818801853e+00,-3.278774517422534895e+00,-5.996137602717849235e-02,-3.652823943246977567e+00,1.203262457257147311e+00,2.679177366042574393e-01,2.763394135414389829e+00,-2.149328871345794312e+00,-8.679791870837261225e-01,-2.666351763746870773e+00,-3.364085346826765299e+00,-1.372715543812755845e+00,-2.576769981636063633e+00,7.347859073793046036e-01,4.357388138987305926e-01,-1.536565332100057191e+00,3.493056270558253296e+00,2.498303167381381140e+00,2.588589533062761294e+00,-1.975284595000024623e+00,4.404175695705945248e-01
-2.631757061308861001e+00,-3.262273312937650438e+00,-1.853120047323753905e+00,-2.097549229885227184e+00,4.862998235836917260e-01,-3.436203520489283125e+00,-2.155601902851640717e-01,-1.488180913853062615e+00,-1.727021486312084964e+00,2.133120859064741914e+00,1.053659968857547646e+00,1.666825826553334444e+00,-7.065173119264440693e-01,7.431988906072263257e-01,2.831797417603616474e-01,1.849731680624883357e+00,2.835228641886760048e+00,-2.815284057026582687e+00,-2.952616501075163935e+00,4.125398798724254079e-01,2.722645372116927920e+00,-3.957349371742931776e+00,-1.051870985310498385e+00,4.363591370565304217e+00,-3.736016229817249457e+00,-4.906412354243799845e-01,2.032209149985358954e-01,-7.337849813757794104e-01,1.972750436784974193e+00,2.571373578255124137e+00,-1.391823880034537275e+00,3.021700045439772442e+00,2.234522808023623686e+00,3.924920331397230983e-02,2.287591503980114904e+00,3.478527724482743277e+00,-2.826349221297916881e+00,-2.900294662753085895e+00,1.222303995545950261e+00,4.952383284468809821e-01,2.137183292741742235e-01,1.701110992379690545e+00,1.117968556006267988e+00,-2.019148981756418326e+00,-4.280911249985845046e+00,1.487806476948875467e+00,-3.897136501602506797e+00,3.329492924102908091e+00,-5.039211043662878975e-01,2.188706411542714836e+00,-2.076172486240578596e+00,-1.543955717478239231e+00,-2.445814959837549374e+00,-3.421882911604199329e+00,-2.779757826875334015e+00,-2.671706157322899955e+00,8.315051260683496981e-01,4.995261390895627818e-01,-1.064029738542488612e+00,2.519893621555603591e+00,4.785644519703721400e+00,2.366536505852760985e+00,-2.340966524329802567e+00,-4.672619523123402452e-01
-2.769438870960007293e+00,-3.027593568516894429e+00,-2.467474007948014858e+00,-4.516871937038123841e-01,1.569079293894937166e+00,-2.991944899903344890e+00,3.344838204887680133e-01,-4.161144630013907886e+00,-2.801959789271423418e+00,-2.448806809190138267e+00,-2.456586856140140274e+00,-4.758929168836242285e-01,-1.736830628271070376e+00,2.126806254769134430e+00,2.058534969895208455e+00,1.275498597703428105e+00,1.973905359775897317e+00,-3.743717103855085604e+00,-3.736834337725972510e+00,-1.258551692642295494e+00,3.293468398536913089e+00,-3.510927022940353304e+00,-2.178728051490186335e-01,1.983946659693632597e+00,-9.063225615772616539e-01,-4.963475062087143730e-01,1.287470904852087150e+00,2.462771897374393393e-01,9.095200959756292169e-01,2.528296439239243742e+00,-2.122202612130577926e+00,3.028015452101262106e+00,2.484671012698941972e+00,-5.906572582420728246e-01,1.355411445099773848e+00,2.928258383517291730e+00,-4.262902245709466520e+00,-2.607370570694857559e+00,4.981199739019346318e-01,6.257014024053358936e-01,-1.766826087377336263e+00,8.036395586393094703e-01,2.929487597731062820e+00,-5.436195761982021146e-01,-3.427430803903675383e+00,1.306845511437513263e+00,-1.871131814154272099e+00,1.577956760291950200e+00,2.096345441777550667e-01,3.460212403455776631e+00,-1.852607484473998367e+00,-1.365252228532652712e+00,4.972507709340923121e-02,-2.318249416582376821e+00,-8.103312007175637044e-01,-3.480445249709914091e+00,-7.769569700555670755e-01,-2.745180001633274469e-01,-2.501118990313971668e+00,3.394648129393383229e+00,3.723792096282950492e+00,2.957926577337040008e+00,-3.509965828038586366e+00,4.880358533649556407e-01
-3.962548872521959531e+00,-4.210778988515851751e+00,-2.989791888262012698e+00,-2.252668826152991688e+00,4.057095469021199108e+00,-3.101976443420740637e+00,-2.567129343971009892e+00,-3.591921082368237261e+00,-2.659091688205754700e+00,-3.284258741869434672e-01,6.432576899490558553e-01,-1.690798078286146477e-01,-7.823125222649152111e-01,9.672390533534392931e-01,1.758860100505937663e+00,1.136433846180222584e+00,1.326793785167191375e+00,-1.368067315842157239e+00,-3.282862684331891767e+00,1.765700816716355703e+00,3.068552281659365111e+00,-1.327611717309440831e+00,1.776709851042765020e+00,4.167526263296026379e+00,-6.129840683681737623e-01,-1.247407729930981368e+00,1.171597832829620600e+00,-1.473956196710593525e-01,-4.805528668635860035e-01,4.384024384256680840e+00,-1.624122021933109172e+00,2.475896332165462788e+00,2.813718002655238415e+00,-1.070326825576038310e+00,7.087769917601818292e-01,2.234607505789838022e+00,-3.712965637842296829e+00,-4.067135247754778860e+00,-2.268828903246518092e+00,2.163817791782609024e-01,-1.692706369372248387e+00,4.876419028620616047e-01,2.457073343284363443e+00,-4.269503029014359186e+00,-2.423069791835840370e+00,-6.099636567180179991e-01,-4.204872958815553119e+00,1.450946846026460513e+00,8.356183930823357642e-02,3.532611197573396478e+00,-3.271204221855063210e+00,-6.374687728463204195e-01,-3.483001603648251177e+00,-2.534097703596375428e+00,-1.256993579494563029e-01,-3.245399734785154422e+00,6.758852915012090179e-01,7.181063727999841273e-01,-2.082274984913610183e+00,7.570774892944205359e-01,3.481883800091277514e+00,1.940980709802679005e+00,-3.279599962581095873e+00,6.074864140977853655e-02
-3.211962774085597605e+00,8.491741316943723916e-02,-3.224730040441790457e+00,-7.454917212643923374e-01,2.186102474017420860e+00,-3.319139720203925226e+00,-9.545986855102001067e-01,-3.171354610169447419e+00,-2.855255331949238862e+00,-1.634866657864134432e+00,-1.164575630695567243e+00,6.060328344807497380e-01,-1.624774272330760772e+00,1.393207107745610074e+00,2.335606965044132899e+00,1.492694302085737945e+00,2.658139931073141504e+00,-2.909979822341701716e+00,-3.313381352949271719e+00,-1.368174993495067104e-01,4.142864528243500821e+00,-2.803300232350798282e+00,-1.585121792302513377e+00,3.091938421020846040e+00,-1.469677794392868275e+00,-5.734624668929853009e-01,1.657313527277098908e+00,9.199387273264907350e-01,8.063075753459729711e-01,3.976116639547369047e+00,-2.026908696853686909e+00,2.283601359434687783e+00,3.235975982683559682e+00,-3.132656727735292912e-01,1.607707017100274527e+00,3.861867355634861276e+00,-3.516989787755354868e+00,-2.304911611792673565e+00,-1.190948716143511943e+00,5.482049918356366458e-01,-8.308030767624663415e-01,-2.135059380729682488e-01,3.049039810556958940e+00,-2.926589690739585858e+00,-1.708738772738274347e+00,6.394927337066658168e-02,-4.473431649332876070e+00,1.658289776705132779e+00,3.366675772158160829e-01,2.260072958227592466e+00,-2.415139896627899851e+00,-4.261948907854384849e-01,-1.441867347795318999e+00,-1.844719684553536521e+00,-1.142842565235983709e+00,-2.408412355618372747e+00,1.255476708477000436e+00,-7.822821924140083150e-01,-5.412315963492043913e+00,2.781523416229738199e+00,3.735740963871340803e+00,9.557452276401818825e-01,-2.337463587979030422e+00,-7.249171607796502936e-01
-2.263287348052845704e+00,-2.320255365929950297e+00,-2.655984592505903130e+00,-1.165616625141363327e+00,2.507764925968157144e+00,-2.909199385267618787e+00,6.058474101530353373e-01,-3.623060282982832003e+00,-2.706586315973953383e+00,-1.748695892788927342e+00,8.912107232635881893e-01,1.117717299536332920e+00,-1.449827563800498487e+00,1.287258974355017127e+00,1.414955134084208144e-01,8.755698578301496227e-01,4.393553682945997352e+00,-3.341073993768643113e+00,-4.009623971369887130e+00,1.645055612531633793e+00,3.019196120009203899e+00,-2.896442203962078299e+00,8.403092332285837518e-01,3.165596622730669996e+00,-4.969192232406427490e-01,-7.859411041495144579e-01,1.322007354860554207e+00,8.037061785678988324e-01,4.681146946055944058e-01,4.010640585763074917e+00,-1.820747887667922171e+00,3.979726809175580193e+00,2.345823158106186579e+00,-1.339154128978212510e+00,9.043180531069465733e-01,2.223423315907037789e+00,-3.150798597660259937e+00,-2.115935934004596231e+00,1.807930471911467496e-01,4.590049388497846605e-01,1.305735308445609810e+00,1.061435121284355354e-01,1.600312559976585502e+00,-3.188588125466947698e+00,-3.389900817582036208e+00,2.867584971616259359e-01,-3.605175127079149000e+00,2.564036396095909609e+00,6.220982276165357705e-01,8.619315580470570115e-01,-2.676765093064941592e+00,7.224019728899884196e-01,-2.402597013193713327e+00,-3.351467149600876994e+00,-1.043833349626453799e+00,-3.951914027460603940e+00,-1.195827815280542161e+00,-4.431596788587540137e-01,-1.292318558526224237e+00,2.370185520380136968e+00,3.937390767395627211e+00,2.923475977382589797e+00,-3.290322541779920229e+00,-1.082611680359777395e-01
-1.220590542220537422e+00,-2.322775261436460958e+00,-1.122051729766247341e+00,-1.320025681300226683e+00,2.550856969650255657e+00,-2.555471088826557491e+00,1.875745434339841089e-01,-1.546157975741039081e+00,-2.657895606536269106e+00,-1.784829512132479090e+00,-5.916490349087282219e-01,-4.023036576827603295e-01,-2.709776803258147293e+00,2.082935515537038818e+00,1.572466521484239266e+00,6.642411331363355931e-01,3.252265537636507275e+00,-1.795342594794932189e+00,-2.001321085480082029e+00,-2.853771582014157371e-01,5.190048903811527836e+00,-3.543138043192652020e+00,3.260731887289021191e-01,3.817237178214195836e+00,-3.838990294236703793e-01,-9.414621969354084463e-01,1.675330905408107807e-01,8.469126510414604070e-01,5.748650375153474545e-01,2.907905008591597618e+00,-9.461084309262752789e-01,3.350951429344831478e+00,2.647586119134613725e+00,-9.707372076039169073e-01,1.225748102671611273e+00,3.446564053374507441e+00,-4.054758535083471394e+00,-2.756457920819902263e+00,4.694512887854981886e-01,2.188773200213769698e-01,2.515516588268900122e-01,2.367990602305828585e+00,2.850713685563809996e+00,-3.400015889491597054e+00,-2.569792002153859833e+00,1.862398311871120260e+00,-4.075138704245841126e+00,3.018136479943563266e+00,4.486930607642950486e-01,2.283985857874512693e+00,-1.257545643376266398e+00,1.727285322118778943e-01,-9.278443647864392796e-01,-2.741038112559012863e+00,-1.409359911605095217e+00,-2.239673528341799447e+00,3.453403453246317589e-02,8.623202526065587570e-01,-1.774525870818554507e+00,2.405195598027122017e+00,1.227487595359656458e+00,3.583145771685953385e+00,-2.090543313178238272e+00,1.854023464399926713e+00
-2.418997365156919432e+00,-3.475076011845600110e+00,-9.259027193525594113e-01,-1.205927650373706639e+00,1.260837502180521597e+00,-2.158618828946727852e+00,-1.179638511835010561e+00,-2.146598573051957004e+00,-2.969241801424250760e+00,-2.286544834261432513e-01,3.145348044779641139e-01,2.652004271799730528e-01,-8.243288310692298282e-01,-1.725257813491754000e-02,2.680435311923026642e+00,2.503638854278448456e+00,1.747183024362449988e+00,-2.001645740069429635e+00,-3.722863467412468985e+00,7.288165272038621412e-02,3.726656863456188518e+00,-1.917487530752336689e+00,2.281252926627150845e-01,2.524100605950820420e+00,-1.632698000976098074e+00,3.490758816793133601e-01,1.201482075259726390e+00,1.788331303878367140e-01,2.476236433707497686e-01,4.444715766816106139e+00,-1.570732838876785609e+00,2.060881636965246066e+00,9.625217187301458033e-01,2.411195281534035395e+00,1.556418824067637985e+00,3.310611881298597403e+00,-4.836302884783280298e+00,-1.895560809237393673e+00,8.653539156931450149e-01,3.924188466374104456e-01,-2.454664287095287833e-01,9.277977592696684539e-01,9.654708598546570819e-01,-3.653543857793456251e+00,-3.040152757248558490e+00,8.720183956260367797e-01,-1.877026576301314087e+00,2.134976596698587414e+00,9.180988480176038857e-01,1.133285406354720193e+00,-2.388623750083789687e+00,-2.106613529972650056e+00,-7.883215613516146858e-01,-4.558621369455239325e+00,-9.843582682749303370e-01,-4.677468360494875910e+00,-9.904742823698520215e-01,-8.974354032606428611e-01,-9.917976327013967586e-01,2.572641456013037953e+00,1.796751334762881624e+00,2.458428263097923505e+00,-3.040943329008127805e+00,-4.282399904170494098e-01
-1.950195911755872480e+00,-2.424873751569359470e+00,-3.314397097770014788e+00,-6.568845865517091154e-01,1.274052195377324281e-01,-2.923307879251807240e+00,-2.757592602025841222e-01,-1.871714366191354895e+00,-2.227396770741982390e+00,-4.851906678093848013e-01,1.649821130328098517e+00,-1.251883988992527619e-01,-2.910385420212697305e+00,1.216601557702132519e+00,8.985758715240874661e-01,-2.011378357343143186e-01,1.913206661090708138e+00,-1.647492597172206308e+00,-2.526244665453793559e+00,-5.591151757777219622e-01,1.372694421227278916e+00,-6.203913265465040183e+00,-4.988898117053633396e-01,4.463848241055945465e+00,-3.624229883805881736e-01,-2.116903617423670780e-01,1.884244873806610432e+00,-2.103031561332824040e-01,4.746237902746748283e-01,4.159996517936935589e+00,-2.937236281165751528e+00,1.916770480023167078e+00,2.118308549938595853e+00,1.510791283698438847e-01,4.337607430463521485e-01,3.764685609550549650e+00,-3.585961870667930373e+00,-3.652939102006979688e+00,-2.481104486378854501e-01,4.691871749072437647e-01,-1.797312148826446965e+00,1.563163592092892129e-01,1.549827786659689011e+00,-1.907375842517843090e+00,-4.217403602675523722e+00,8.673956032820894224e-01,-3.681493406482462927e+00,1.375506996790615055e+00,2.068149061725611526e-01,2.162079537807664931e+00,-2.616800473526984305e+00,-5.512753905308779290e-01,-3.452428797204419642e+00,-3.497547061492500386e+00,-2.674277177358655333e+00,-2.209200678544028573e+00,-3.477106271041993102e-01,-4.525088063725347665e-01,-2.162912369298566784e+00,2.694182123404403217e+00,2.891333590339748572e+00,2.111241718898162034e+00,-1.977285510141802760e+00,1.578305613428501730e-01
-2.218974835000961487e+00,-3.929593809849427188e+00,-1.074583062960446478e+00,-2.430950564619887011e+00,6.231544736058698408e-01,-2.053524715303720161e+00,3.822381452673851987e-01,-3.355043961259172924e+00,-1.986935024536809591e+00,-1.401380279034736276e+00,-8.535835215457537872e-01,-5.214473068715448356e-01,-2.316114719047397852e+00,1.081782625174592116e+00,1.161359785451998361e+00,1.012210908726737912e+00,3.510514973451329013e+00,-2.599817152925448127e+00,-2.970230823688953414e+00,6.340365948288883002e-01,2.395292925867473777e+00,-3.816807257167741607e+00,-2.837354124444758652e-01,2.828954331570135761e+00,-1.516442874903280114e+00,-9.093834341679725153e-01,3.007186709777707190e-01,2.306010358720952391e-01,3.043267134553145348e-01,3.548420086517021232e+00,-1.757443874987850263e+00,3.652398160700772944e+00,2.160760502807447025e+00,-8.818255207641024773e-01,-2.246725793550881090e-01,2.483230088787128587e+00,-2.773824599156228921e+00,-2.283772193549829410e+00,7.274898245652134943e-01,1.367090372872463266e+00,-9.274833180782490194e-01,7.794165464733301407e-01,2.251690425708883225e+00,-3.801124840038587749e+00,-4.403306251230503676e+00,1.107608835617708953e+00,-2.449669720366455916e+00,1.355514366628057576e+00,-1.558187390364389469e-01,2.528223924762994734e+00,3.951357002543987029e-02,-3.389130016850827598e-01,-7.795007068158810171e-02,-4.617799641310371683e+00,-2.583191956858530425e+00,-2.366515176494836670e+00,-1.701053067011517816e+00,-6.972169594803098724e-02,-1.903780133187512380e+00,2.740744511491313595e+00,2.190442406632862049e+00,2.953553719306579062e+00,-8.559934460477123253e-01,6.507553814452849972e-01
-2.179988334437326980e+00,-2.078837173256292914e+00,-1.292140043063982890e+00,-6.732981899941972159e-01,1.878507208433198405e+00,-3.469680844331208824e+00,9.132971825239715180e-01,-3.128870833499613369e+00,-1.459937956006479798e+00,4.828869527476566947e-01,1.115490237429777487e+00,3.479864394009692941e-01,-1.191733964702923032e+00,4.413481300330787671e-01,-1.128509324292277238e+00,1.998457212717974940e+00,1.443908357189885194e+00,-2.844715229392137168e+00,-3.519203556533919475e+00,1.911186130201588007e+00,2.288831027073090496e+00,-4.060331750449064359e+00,-2.723972458148986586e+00,3.479000861584623738e+00,-3.283821344230076766e-01,6.198312184799422697e-01,1.620244679852429481e+00,9.983981111167044009e-01,6.991927549556482546e-01,2.733147191543460419e+00,-1.341697497949316142e+00,2.705121109543892732e+00,1.011682779005137700e+00,1.498420739415790848e-01,3.850718292652250963e-01,4.648166284377701629e+00,-2.263541317243378259e+00,-1.188938584959802869e+00,-1.518341258300553998e+00,-3.031290089418836597e-01,-5.428871814261115869e-02,-1.048824386790845775e+00,2.145422372573359215e+00,-3.076454032884877954e+00,-5.680754041484158634e+00,9.510594578620990003e-02,-2.497225246558035128e+00,-2.833402435482836879e-01,-3.725058862387631287e-02,3.012653615806627272e+00,-2.115993163477955186e+00,1.110061116816589699e+00,-1.997930317945322720e+00,-1.504204623618183856e+00,-2.074441275316531996e+00,-3.860048003735585098e+00,-1.850795747567475669e+00,-1.687163188608520104e+00,-1.156489178221300040e+00,3.436450284630304441e+00,2.605524741364826369e+00,1.675080168153146865e+00,-1.378103873628982345e+00,-2.046771236902297231e-01
-2.759030494753515139e+00,-2.856380980019396443e+00,1.179097019350603404e-01,-8.051202769893281985e-01,2.282371265040862962e+00,-2.825348710891527393e+00,8.327448276373983216e-01,-4.124014918126904128e+00,-2.257460483814285990e+00,7.182249809126057816e-01,7.827396933036903093e-01,7.126382669666897485e-01,-2.289863929007747156e-01,-1.112248377932620880e+00,1.058533159880257646e+00,5.546490241285628731e-01,2.109841034274109184e+00,-3.599297721434302932e+00,-2.611473155463176710e+00,1.508418184510118332e+00,1.322914148186112637e+00,-4.098212882658687661e+00,6.067988923211413699e-01,4.537747993517130318e+00,4.784150766024568568e-01,-8.554845967498485582e-01,6.958447265329464893e-01,2.368120574133824041e-01,7.532487185019156595e-01,3.161342403991405092e+00,-9.095727106982050003e-01,4.119915631774932585e+00,2.121221995262729809e+00,-1.801773598236078855e-01,1.665991004285229504e+00,1.219841909397945123e+00,-3.023849193368124855e+00,-3.216339600891285233e+00,1.847308819704687410e+00,1.557859645687492689e-01,-5.830137155249109915e-01,2.738140990203941083e+00,1.837158960569640787e+00,-1.863535208750497274e+00,-3.119191834471428226e+00,1.216073372169541589e+00,-1.928274354518556777e+00,2.974800013559382172e+00,2.138746350842156696e-01,1.303430235779134971e+00,-2.087078067492928568e+00,-7.700957517491885396e-01,-1.840471383203561073e+00,-1.160977080321750732e+00,-1.937655344621398434e+00,-2.456024606165557511e+00,-9.651397139411297399e-01,-4.841016401886731879e-01,-1.280200900659762331e+00,3.285883944690582759e+00,1.560810653066591058e+00,3.756930752265299489e-01,-1.712517151255160019e+00,2.778337502706133000e-01
-3.057870449395608592e+00,-2.613806174758830814e+00,-9.139876894507693583e-01,-1.927216255912777232e+00,1.339933814268590817e+00,-3.451336095985035435e+00,1.340881001735551026e+00,-2.275845179529477402e+00,-4.139284447054792260e+00,-3.149403722410183404e-01,-1.023784856200082416e+00,-1.116801780684577805e+00,-1.108696612068705178e+00,1.369619789996489034e+00,1.790161729140228530e+00,-6.159129994165728483e-01,3.306242496172349554e+00,-2.471574830866293482e+00,-2.645452219070056454e+00,1.196064100245851858e+00,3.613006098185989057e+00,-3.269403063953317812e+00,8.472546415823869470e-01,4.370545761708450883e+00,-1.414121479355722188e+00,-1.687583653430517971e+00,1.426388460397207680e+00,-5.881408909640183369e-01,1.605504441420073869e+00,2.208563072260989468e+00,-1.282348650165886284e+00,3.551906706342352393e+00,8.452388749494863518e-01,-1.513529973216427349e+00,2.092791013038629799e+00,2.244405264108307207e+00,-3.438844028055038748e+00,-2.428610986922322912e+00,3.858366938892920928e-01,-1.327323404918989258e+00,1.142722387895062530e+00,2.886532341086126330e+00,2.063312906767003518e+00,-8.085986950364216774e-01,-3.303085390750346573e+00,5.839841457187345819e-01,-3.305874402592094974e+00,1.615030183343337589e+00,3.083964563724519881e+00,2.301788775645408514e+00,-1.139497368980278313e+00,-3.795267054393855477e-01,-1.887990438094192536e+00,-3.807136579414946986e+00,-8.220873038597584781e-01,-1.834762119502293176e+00,-1.107063630591544001e+00,-8.124155981461259612e-01,-1.723699053914171664e-01,1.300799996535461522e+00,2.613883333915697715e+00,4.856915871238181026e-01,-2.632523609672526632e+00,2.177399732003438615e+00
-2.666229062911456005e+00,-3.145362928883635778e+00,-3.384351344587851251e+00,-1.016748610169775580e+00,3.119792993005481296e-01,-2.272593093976600809e+00,-5.338850274781316019e-01,-2.185676017088965750e+00,-2.131663272680664800e+00,-2.903761322763314556e+00,1.702295804577586669e+00,1.335886150758002655e+00,-1.709641637755766830e+00,1.606395704282535641e+00,2.646498707429445485e-02,9.615624048255054790e-01,1.473981865712508998e+00,-1.470342408045941740e+00,-2.757967918845108724e+00,8.404780721559765855e-01,1.767028346321532828e+00,-1.374970180538590547e+00,2.073559648575772574e+00,3.658794337968329202e+00,4.593452308983467791e-01,-9.895322224243318088e-01,2.665620344197172642e-02,6.639332361835417196e-01,6.034484057991806871e-01,1.967304926052708458e+00,-1.732865004548159282e+00,1.794945743657180515e+00,3.639600004150479684e+00,-7.535298712125655385e-01,1.561225192557424313e+00,2.877506659185141924e+00,-4.795796007519343540e+00,-2.270307686359572141e+00,1.054516564947931778e+00,-2.022674218150823933e-01,6.574790503967562483e-01,8.371603220730178263e-01,1.846839856559298720e+00,-1.345927338430503273e+00,-2.890896126677390487e+00,-2.652254002350239448e-01,-3.426520302017095343e+00,3.239125001834940232e+00,2.342328954456659673e+00,1.820529871537154953e+00,-1.828682923440895225e+00,5.791256027180284871e-01,-1.107925637605365443e+00,-4.233422790969910920e+00,-1.576898760821091594e+00,-3.252901886268243281e+00,-3.203086701100927858e-01,-4.639858073718609588e-01,-3.014687808543720315e+00,2.563588295950403051e+00,2.337053075630622256e+00,1.881211276478660377e+00,1.699795191233732794e-01,4.893840412928064931e-01
-2.537468241419961856e+00,-3.425295240765785287e+00,-9.954009903271656690e-01,-1.450400546717825812e+00,2.146895381309998019e+00,-3.788501551517741373e+00,-3.994171373360510535e-01,-2.568874564578807362e+00,-3.671997604649402724e+00,5.130096332755755828e-01,-8.522929800631561248e-01,1.336405227947604635e+00,-1.593036320543030904e+00,7.560278351651406048e-03,1.913272960249378762e+00,5.523168555730862961e-01,2.209323179526835546e+00,-2.736826250335489430e+00,-2.728844734574108699e+00,-3.393226569153370287e-01,3.024949286793997771e+00,-4.265692172432427043e+00,-1.021804719105697146e+00,1.865692005535861675e+00,-9.054354024159961822e-01,2.479853040150638011e-01,9.388057921056045529e-01,1.950720777294795427e-01,2.872718570307730701e-02,3.251913688654980206e+00,-2.800942895449934689e+00,2.250956261338195930e+00,3.094516881140465525e+00,4.147240836938995701e-01,7.467078846913371981e-01,3.041483318057295104e+00,-4.547727939128549224e+00,-6.929785141824131856e-01,-6.569071235861916325e-01,8.114187039684527258e-01,-2.123813888990807364e+00,1.747314422933043065e+00,2.834969968521594552e+00,-2.050930802132352238e+00,-1.968712725210532977e+00,2.136939324383318350e+00,-2.426950368432486904e+00,1.664262990807574560e+00,2.322601756275843421e+00,1.133827279298538881e+00,-1.835041730193232690e+00,-5.638554948899101582e-01,-1.055091619651048251e+00,-3.967008118873085465e+00,-1.371452180192379133e+00,-2.960759641883281557e+00,-3.025302622062148172e-01,5.490905883130330345e-01,-2.773396095612633783e+00,2.906147415159306302e+00,3.690772082453196212e+00,1.972674099634151190e+00,-1.278606625355133364e+00,-4.044961545403209513e-01
-3.952487555511980055e+00,-3.807110954109069745e+00,-1.737894931196314330e+00,1.582822569015798209e-01,4.597947656009711004e-01,-2.975724818373434832e+00,1.474077216892138997e-01,-3.941643668448823412e+00,-2.928554117838810367e+00,2.631940592895969377e-01,2.144116990961023039e-01,-5.525806848396376258e-01,-1.673172934748250240e+00,1.736003922361540441e+00,-5.530645633587631949e-01,2.541772516188819608e+00,1.506673250982740075e+00,-2.234878945809863016e+00,-1.779876933073800682e+00,1.370458667961401700e-01,4.020125744049557248e+00,-3.946473513677386524e+00,1.152563924263953599e+00,4.374558027731692000e+00,-2.989298133587662498e+00,-1.088133909855921733e+00,1.302744668884784573e+00,7.473501430721790628e-01,1.023322828160119435e+00,3.132791636557336279e+00,-5.801167611943542912e-01,3.862651391919556865e+00,2.490888746896843475e+00,1.395923232235656009e-01,1.926582448388383106e+00,2.280728677503621515e+00,-3.518996737529265229e+00,-3.187999593484180050e+00,-4.528079865992178377e-01,5.271558777994099776e-01,-1.500401517610064350e-01,2.589969435617578419e-01,1.230474710983905595e+00,-3.479270238120815595e+00,-3.004138366492334455e+00,-1.291500948595357023e+00,-2.994751015865007027e+00,1.904265756291911860e+00,1.472786239597001501e+00,5.671453153532555191e-01,-2.045798063091911700e+00,-9.802762716123623044e-01,-2.309820043235726317e-01,-1.015843520044697801e+00,-1.503638485132561486e+00,-2.524301025531470621e+00,-2.828385747963230834e+00,-1.082024439378412417e+00,-1.381333235288407124e+00,4.589122431177605321e+00,3.515595933225776903e+00,2.166062684912041014e+00,-2.317801216837841682e+00,-8.510639017568950582e-01
-2.413585016117895332e+00,-3.963918389422514732e+00,-2.065816012305190963e+00,-6.699803915329248793e-01,1.772093221768703097e+00,-2.564863471209486434e+00,-1.731515012491173344e+00,-3.900750541191013276e+00,-3.196658934832025345e+00,-1.698953435374587428e+00,1.560567921876373942e+00,-3.433798216726691166e-01,-1.983723560267675046e+00,2.178909058460090087e+00,1.489856614758670705e+00,2.783963038880240770e+00,3.554515312752789313e+00,-2.388112308598770550e+00,-3.660737232669520225e+00,1.967950699413791638e+00,3.266444386513994047e+00,-4.633368166098232876e+00,9.004836786728078746e-01,2.616105226451149512e+00,-1.416577732178688986e+00,-1.525389911242656771e+00,1.940294774341394302e+00,-8.612974376009377986e-01,-8.811679813068746814e-01,2.123909241720800978e+00,-9.859206930232289334e-01,1.242711222924366421e+00,3.288980215824133246e+00,2.372951193286783889e-01,2.496676534294570260e+00,2.776200502924363711e+00,-5.171626563927393505e+00,-2.140586304749193314e+00,1.654841453826359388e+00,1.856130265862919071e+00,4.564788354024954531e-01,1.191535020412146428e+00,3.682697771223815586e+00,-1.721857780824271655e+00,-4.320648500756079535e+00,5.094535895963472338e-01,-3.479418009989970084e+00,3.098295482149445945e+00,-7.921188719359812946e-01,3.070962223492498033e+00,-1.785820374874246719e+00,-3.030916753953597720e+00,-1.424798528281460364e+00,-4.723717044427123923e+00,-8.846901822686086270e-01,-1.989211721039227942e+00,6.476687446909061840e-01,-1.588995621347865761e+00,3.923522204658378421e-01,3.684324543767719895e+00,3.174831659209379264e+00,2.395549598028828608e+00,-2.414020510465983538e+00,-9.262882266596725866e-01
-2.866140474395519888e+00,-2.898999405904003623e+00,-2.991763212276778994e+00,-2.380361860981269118e+00,3.194589546277957215e-01,-2.889139321504375690e+00,4.298257690704695433e-01,-2.531489882287535131e+00,-2.764971388932213614e+00,-4.676291323761037066e-01,-1.412897036157342856e-01,2.642601568546794066e-01,-1.162993090673750451e+00,3.260439200964153628e+00,2.233204893000673152e-02,1.233558135538235012e+00,3.060430216002594683e+00,-5.630441233178462568e-02,-4.852519552849342332e+00,9.032061360393540683e-01,2.410645129326917768e+00,-4.100921948088732449e+00,-7.937038734762404957e-01,3.274549955947591684e+00,-1.295595169892528320e+00,-7.583446762775383210e-01,2.387160877120786395e+00,1.563869669759744063e+00,1.817475552156521124e-01,3.219635254526822976e+00,-1.458936140713263274e+00,6.337089444284487172e-01,1.331963678517987582e+00,-1.654598148329027740e+00,1.869283213441799152e-01,4.570490548608289849e+00,-2.933795043235636779e+00,-2.515846490376864253e+00,-8.562520847591859052e-02,5.609235626694011323e-01,-2.795445517208622332e-02,2.205594603893327177e-01,1.700274536713075380e+00,-4.054404366996399389e+00,-2.523811441444636205e+00,3.604372418356376895e-01,-1.958554929875129025e+00,2.347566053719571055e+00,2.084809418488825727e+00,3.217215309183400151e+00,-1.257627446513207126e+00,-1.629069158756976110e-01,-6.316162170243985186e-01,-2.920946436263669455e+00,-1.313390148910497102e+00,-2.981582345034553327e+00,8.508139408426005357e-01,-7.871191853123133964e-01,-6.163105793448317993e-01,4.028600173399073725e+00,3.020132646134493282e+00,1.994250466504496222e+00,-2.710799994902969967e+00,-9.232384422390313983e-01
-2.295222702735022491e+00,-2.527685753475953145e+00,-2.319792292020343538e+00,-1.753378837905521959e+00,2.731376462956657480e+00,-3.066246428978565142e+00,-1.256163959803994423e+00,-3.192537245629096798e+00,-2.635093971166002191e+00,6.422246848516519613e-01,5.844588209032237636e-01,-1.453351390017933453e-01,-2.266141517663479377e+00,7.092399456408119418e-01,2.093011763455203678e+00,2.545749774627092954e+00,2.349866982222143186e+00,-1.502652525317170529e+00,-2.613095290520589309e+00,4.129383766989613846e-02,3.264161036696244800e+00,-3.766469826994117920e+00,-8.526529888946362545e-01,2.741552808985141088e+00,-7.371905175900161922e-01,-9.653499891028134439e-01,2.720522833191381551e+00,-3.484085420082441154e-01,1.200546657315672228e+00,2.986664999532887776e+00,-2.919394446170977986e+00,2.267547306598036716e+00,3.376198407491559195e+00,-5.107136145706585584e-01,1.186105576447711751e+00,3.685526646530052908e+00,-2.692365914480654432e+00,-1.063472611647946486e+00,4.060832560618594655e-01,7.405364642214338211e-01,-1.141755048707124853e+00,2.180918556926471297e+00,1.100863907929930496e+00,-3.412629987557033395e+00,-3.470700242373662370e+00,1.354962853170079251e+00,-4.468738341692247928e+00,1.318436882046609693e+00,3.961053836462228306e-01,1.505950763723959085e+00,-1.547652331605765985e+00,9.694310706092610364e-01,-2.608100950485483516e+00,-3.666262442343802608e+00,-1.856182987419944919e+00,-2.732652139032366811e+00,-1.478537899778201048e+00,-6.596891797934736346e-01,-1.662669018468551752e+00,2.386591644315508631e+00,3.114867091489663675e+00,1.168811363695014593e+00,-2.690640059307484400e+00,1.449628012603950911e+00
-2.506640113813175752e+00,-2.859858229568902122e+00,-3.057265188948783852e+00,-1.498973653221006952e+00,1.690377251618164989e+00,-2.043762024965861013e+00,-5.097505422257851970e-01,-2.116538510606982726e+00,-2.143499065711039098e+00,-1.984706259560950592e+00,-2.236181008398806291e+00,9.104340580391315774e-01,-3.054802996769468315e+00,6.863398474359559964e-01,1.647124660949793595e+00,-7.867340384394783115e-02,1.941590847757616700e+00,-1.040323594084577863e-01,-2.906726431989930415e+00,-7.147456740948383569e-01,3.269349622437321745e+00,-3.996569855958358453e+00,9.101063334519965409e-02,3.015806216452901367e+00,-1.297527475677579201e+00,8.302963507296647894e-01,1.327828626017726110e+00,-8.414314847815036746e-02,1.325750585738887821e+00,2.827680828035140870e+00,-2.644940713994455628e+00,3.177112953510836224e+00,1.886101371134456750e+00,2.884285803468663589e-01,2.494038673705031073e+00,3.219546218304126128e+00,-2.372416142620953572e+00,-4.264003841517608251e+00,5.416315276482107643e-01,-1.288547199502810381e+00,4.195842724910017196e-01,9.908978478834562509e-02,1.094389880233353818e+00,-3.049718960030352033e+00,-3.206883783930011500e+00,2.209391463717806481e+00,-3.548977987065733419e+00,3.519841070882772982e+00,1.818617265188216869e+00,3.010109201298901471e+00,-1.717246794514693420e+00,-7.174979180953858782e-01,-1.210941020310642324e+00,-3.329604375143819794e+00,-5.951427218148803711e-01,-4.289568136873603166e+00,-1.296636034910410462e+00,1.405232261481140776e-01,-1.323407826430098355e+00,2.444906509048206722e+00,2.785790407825786019e+00,3.229397145375543232e+00,-3.577693016854476937e+00,2.181823219317820806e-01
-1.404312921005746340e+00,-2.353287116361653553e+00,-2.898910678409168717e+00,-2.277974425508009215e+00,3.656677056746325150e+00,-3.791848291313723252e+00,-1.032237887036232260e-01,-4.398795412425470452e+00,-2.136695079531291341e+00,-2.853233158785191570e+00,-9.913350735799001390e-01,-6.702571999158496441e-02,-2.741308040242770527e+00,-1.082200286313429460e+00,1.750904279751528403e+00,2.367514769132120556e+00,2.102623569898893319e+00,-2.873222886080676552e+00,-2.921279292101046643e+00,7.604620858303684505e-02,4.072739183548370612e+00,-3.751079608878745475e+00,-1.078497591700258162e+00,4.604362479844359868e+00,-2.874481013793587003e+00,-3.178642800873019980e-01,2.204994528443708024e+00,1.291929592932850923e+00,2.038956471458331254e+00,2.247722165372212810e+00,-1.938930415799279494e+00,3.116672280834817066e+00,3.202677881494571999e+00,-1.556575518127146784e-01,7.854838908668649866e-01,3.803982108570296283e+00,-3.629429446271992266e+00,-1.809437513903052519e+00,3.065834735391126387e-02,6.800358947356043293e-01,1.914663935942589656e+00,3.738810583196983117e-02,1.528007137171773833e+00,-2.424685127906291537e+00,-3.378183278886855323e+00,8.821555097673535739e-01,-1.788489825279133472e+00,2.878123676580058188e+00,8.127046920280206477e-01,2.696625556317092443e+00,-2.668487786264359674e+00,-2.610052572418181782e+00,-1.601558520792594420e+00,-2.096627496025346371e+00,-7.215919245885145106e-01,-2.921344939165883670e+00,5.535085846934426623e-01,1.066946078191812308e+00,-1.392453570768664717e+00,1.174074043057379724e+00,3.444975697998593933e+00,2.119027597615651182e+00,-2.533357730129154994e+00,2.257539434784554544e+00
-1.327409528301958686e+00,-3.012223442828739550e+00,-2.011575899950919677e+00,-9.405093438686126239e-01,2.400953673804948618e+00,-2.998831601011241244e+00,2.528125811483075136e+00,-2.926439943799594268e+00,-2.111238028607995254e+00,-1.207340784282443069e+00,-4.638992701275023167e-01,-9.353557775385840101e-02,-3.219173067575399116e+00,2.250462154540727955e+00,-1.279668532606595743e+00,1.591921371007534391e+00,2.639634798983062858e+00,-3.003002374283737286e+00,-1.954903266650074745e+00,3.413111733981226692e-01,1.660923589807893341e+00,-2.793069393292659797e+00,2.870555176192356450e-01,3.026548247168717953e+00,1.681487712449110106e-01,-1.515339145060968340e+00,2.507244297987027970e+00,-1.262610618794284711e+00,-2.298325049844235357e-01,2.867876220849773006e+00,-2.590016899131350581e+00,3.707229267601321432e+00,1.925271124614619023e+00,-1.266296637393870217e+00,8.812516275367299201e-01,3.743729508635639025e+00,-3.776297830091828622e+00,-1.212577635765323958e+00,1.616441719844059044e+00,5.177582456316348614e-02,6.851215695094614588e-02,4.521546037315263278e-01,1.842220802509102695e+00,-2.505985257002242061e+00,-5.572995286485715738e+00,1.114570900961304734e+00,-3.994658764462057032e+00,1.532380125486578315e+00,1.563368494190987557e-01,1.773993306902788447e+00,-2.311614112788065611e+00,-1.180075983357251168e+00,-3.130132683219285283e+00,-2.498900141980750611e+00,-5.409232463216803177e-01,-1.369928375149221500e+00,1.705438554384204330e+00,-1.538677356282550424e+00,-1.846336420776444109e+00,2.875904273629918517e+00,4.301511058431393586e+00,9.203303501117219287e-01,-2.011785846233685060e+00,-9.063717790456395917e-01
-4.570452913327622824e+00,-3.396793660304282980e+00,-1.991797605699201279e+00,-1.584927898551092174e+00,1.165990163586500650e+00,-4.353740624930563463e+00,-9.353920379837113996e-01,-2.775631061745308603e+00,-2.082092670814588153e+00,-2.013804178694021285e+00,-1.698231355189857572e+00,-5.119259625727512475e-02,-3.404505042277581772e+00,-5.288097928384938307e-01,1.554673171691409728e+00,1.007047066822823744e+00,3.124527438960310377e+00,-3.306940897508799715e+00,-2.341076229224775762e+00,-1.993716677095834777e-01,3.549781238253286286e+00,-3.631689280150804056e+00,-5.134142328981242676e-01,3.503057082614150275e+00,-1.036082297179537592e+00,-2.755457126615875607e-01,2.101282249390409085e+00,1.576250773098375468e-01,5.659434373698647436e-01,5.292970008772899249e+00,-2.488658956658527543e+00,2.984039935501971552e+00,2.604118931779937807e+00,-9.394495286846689108e-01,1.903987522318226988e+00,2.553122167074220350e+00,-4.468408489417962315e+00,-3.150282539679157612e+00,-2.921034461298943619e-02,2.759784824382899293e-01,-4.498784480106707839e-01,1.498251052999533650e+00,2.977013669026206344e+00,-7.675387330702863053e-01,-4.485898311400156935e+00,1.006085704551878290e+00,-2.133024704944244565e+00,1.136106638469619234e+00,1.478000827134159589e+00,3.135350561347542087e+00,-1.740578967209367001e+00,-1.613631058275343699e+00,-2.398014814399506811e+00,-1.270141094219803701e+00,-3.645527861113826873e+00,-3.707142175619226432e+00,-1.087471489814514136e+00,1.321826819629929317e-01,-2.383533708009399454e+00,2.098254326270250658e+00,1.653520077416041456e+00,2.289809213517167485e+00,-2.457620619663305472e+00,1.445637192346890698e+00
-4.638660063761398611e+00,-1.887112232511408916e+00,-1.460297255974663422e+00,-1.354922600435445323e+00,2.829967637724017937e+00,-3.337641787403899496e+00,1.202420459066728897e+00,-2.609747295848038551e+00,-2.552247627801946361e+00,2.745996681227103053e-03,-7.560521528414414494e-01,1.415209688684275768e-01,-2.418457765827453976e+00,6.265874374805951996e-01,4.975361982827204432e-01,2.411148531670727291e+00,3.279880452089787735e+00,-1.344776951394513365e+00,-3.550274720585320676e+00,-4.690814431344503266e-01,3.563049656189693160e+00,-3.028482224937360190e+00,-5.078631344001678372e-01,3.616476448711904546e+00,-5.133691734369907334e-01,2.569872308807009897e+00,2.388959893979679006e+00,4.101500561342323881e-01,1.366229396761365011e+00,3.024020752041538529e+00,-1.984941195705145267e+00,3.686406621130908334e+00,2.348186216034644502e+00,-2.501751830968535373e+00,1.677073725827224138e+00,2.598538216071319962e+00,-2.660828252155976514e+00,-2.919721253400643146e+00,1.431230693900309214e+00,9.378893499033020831e-01,-1.949602073188539952e+00,5.111915548049756897e-01,1.473826596723618820e+00,-2.331416676287939804e+00,-3.558251809543170996e+00,1.151672352174442304e+00,-3.288399190462288679e+00,1.834033638944179367e+00,-4.833720321176704360e-02,1.921264002040525831e+00,-1.448847547853863160e+00,-1.486388216261254280e+00,-3.387699519651381053e+00,-1.988370632078867217e+00,-1.150793489224893662e+00,-8.173457441688805059e-01,7.300627636891445782e-01,1.537455386124153556e-01,-2.276262004519304494e+00,2.069662914037411205e+00,2.802868931158271959e+00,6.626930948893545725e-01,-1.548369957354539306e+00,-4.294059846966945537e-01
-6.154270162855386417e+00,-1.703337987835548573e+00,2.351977665895097491e-01,-9.421785619005895729e-01,2.186199413733626251e+00,-9.118099019160508245e-01,6.878304583832427488e-01,-2.275876242340049593e+00,-2.063790357504972750e+00,-1.711597525825336197e+00,3.111356565946187258e-01,-2.131822480744570703e-01,-3.531121113618839846e+00,2.122003496471954742e-01,1.311815372891668385e+00,1.860271972026562803e+00,4.093137609980836977e+00,-3.366007220986597215e+00,-3.530719890170813002e+00,-4.425641981682437720e-03,2.489233957246042017e+00,-1.700150352173389168e+00,1.451934336812273463e+00,4.401954733114666674e+00,-3.284969702363614852e-01,3.534381095872879408e-02,3.815831025387282915e-01,-1.988207698115627420e-01,-5.082724834744680731e-01,2.485574059528274926e+00,-1.741370740602265377e+00,4.469125756213738754e+00,1.528776963094437225e+00,-6.978544518016610576e-01,1.319586826305715110e+00,3.135047403581507020e+00,-3.368947275594330826e+00,-2.170380375654993976e+00,8.364683391593494832e-01,1.431059807826710495e+00,-1.271545648052658350e+00,3.391873299755119309e-01,4.812518094192508755e+00,-3.628120144078920806e+00,-3.687121144933429129e+00,5.512616955498848004e-01,-4.374298028721269382e+00,2.833227114884862452e+00,1.353414104836460075e+00,2.157315342662744939e+00,-3.219621068900599070e+00,-7.582415188081684798e-01,-1.652672835220727610e+00,-2.930185577209217129e+00,-2.174279092720765139e+00,-1.451772802461744893e+00,-6.313714087689198395e-01,-3.604240110204657288e-01,-2.133789413655571288e+00,1.469359645713860907e+00,3.315907373419460846e+00,7.410923843461900695e-01,-2.197468646422212846e+00,1.267209920634388087e+00
-4.048987210941453974e+00,-2.224395026098752837e+00,-2.975756965599256176e+00,-2.889692457910618018e+00,3.193341572056700439e+00,-3.171774757347491480e+00,-1.438121257308492051e+00,-3.748574590745001878e+00,-2.474740801343721319e+00,-1.773861533258329626e+00,-1.244920951747826576e+00,1.060899645260501512e+00,-2.459013701989231304e+00,1.126471080400808678e+00,5.824348644688834842e-01,3.011346444852338600e+00,3.041904779607219833e+00,-1.211376749729615732e+00,-1.828847695778542004e+00,-7.074127108339207659e-01,2.375768479313271175e+00,-2.926760175136490449e+00,-5.099516165162443215e-01,3.279566540347730097e+00,-2.363364515920225895e+00,-9.544426569835848806e-01,-5.371635009807240735e-02,-1.307716850828237465e-01,-4.750374073016594423e-03,3.195093894960373326e+00,-2.677703053535595235e+00,3.467759220284732269e+00,2.789597025746524128e+00,-9.960968734373445987e-02,8.876353662309687254e-01,3.195716362112992481e+00,-1.794437775627243381e+00,-3.487584767800749219e+00,1.920728808631675832e+00,-4.580174277753101819e-01,-2.322616189079945159e-01,1.396797537746069739e+00,1.324997852787149988e+00,-2.980954355033679004e+00,-2.631618170956882885e+00,-7.224201030329275852e-01,-3.047217670024270131e+00,9.515078603859894457e-01,1.691938677915385769e+00,3.408782928782865262e+00,-2.348741756793500723e+00,7.829810618981050130e-01,-5.392233171978888517e-01,-3.064048840870279733e+00,-1.236243299648967398e+00,-1.769627409743229851e+00,1.015647010605914558e-01,-1.671369226032048738e+00,-3.956425433339097797e+00,1.579534458666613350e+00,1.880655229516259963e+00,1.348036270552209093e+00,-7.234406603537828495e-01,2.078890107231317952e+00
-1.227108758058787830e+00,-1.545536447676832292e+00,-9.255776180494924565e-01,-9.151907889868735602e-01,2.669637357948289491e+00,-2.853185643901314350e+00,7.181120502571838315e-01,-3.077829574086602182e+00,-2.916620677042026433e+00,-5.851376621295494296e-01,-3.559829527959895712e-02,-1.015632441146844811e-01,-2.607258492518580439e+00,-1.302027131923806369e-01,1.137196501040738994e+00,3.074652732962849910e+00,1.917865316427951772e+00,8.215753274674044704e-01,-2.256559979675163863e+00,1.144361557753494241e+00,4.012944205227631400e+00,-3.164930812004821625e+00,2.082297308385674395e+00,2.588590752599561728e+00,-1.912993044788804831e+00,8.404687584486554286e-01,8.236085250497141574e-01,-4.591783742914072319e-01,8.772802781410655726e-01,2.793734674506742621e+00,-3.946960241610062425e+00,3.538828659509448471e+00,2.962058445691894804e+00,-7.873173768455088428e-01,1.881626149211133470e+00,1.741301676116888686e+00,-1.922891108952120565e+00,-1.088375876753249649e+00,4.845591296491419397e-02,-3.025195000236177156e-01,1.245843437375099727e+00,9.332723656486440200e-01,1.675679352372440034e+00,-2.918432356981399689e+00,-5.125136094712554602e+00,-9.318189115906341247e-01,-3.629333177752134709e+00,2.244380541235487136e+00,2.828057479151485643e-01,1.674222769609944539e+00,-1.574735597774785667e+00,-1.269612358669492735e+00,-1.195710317790186883e+00,-3.825598057273048358e+00,-2.293381650543157235e+00,-1.862362612926404148e+00,-1.030673163964266781e+00,-1.133608745761699454e-01,-1.418526940840038275e+00,3.513073684389005802e+00,3.084645997995686617e+00,2.511639671597249546e+00,-2.955843391426733469e+00,2.459564505783848332e-01
-2.679996564502203693e+00,-3.373352475545142060e+00,-2.031467203570842983e+00,-1.304296353490991933e+00,2.234192660397473329e+00,-3.002711711426722996e+00,-8.087679603014862328e-01,-5.135244698530013530e+00,-2.621270223754966100e+00,-4.573224159927361532e-01,-7.004260144603007276e-01,-1.264456487469632684e+00,-2.115814071282550834e+00,-1.354512444040427699e-01,2.290863621453883336e+00,2.842904231540650972e+00,1.625143977958066532e+00,-2.674321435213716125e+00,-1.900912748551018883e+00,-2.125402313147843891e-01,3.338302865512614570e+00,-2.815603424874337790e+00,8.272942811389787376e-01,3.032622849576988688e+00,-7.153799432737572017e-01,3.293294478887930365e-01,1.295462791481902798e+00,7.897768512105314276e-01,9.414950934946459959e-01,4.177753748246934684e+00,-3.066042983584258419e+00,3.577109306815984269e+00,2.033776605543344829e+00,3.607500015399358606e-01,3.210671665015559118e+00,1.880416062651167231e+00,-3.392264201887596808e+00,-2.561213035333569366e+00,-4.089499902654160080e-01,1.088770775591946904e+00,1.050665812399053101e+00,3.948008395011704530e-01,2.603357763305234940e+00,-2.898367053303611218e+00,-2.554572281443009185e+00,-1.132547653571797097e+00,-3.179551219461413059e+00,2.466327066435193061e+00,1.155686764082251905e+00,3.743022736614420864e+00,-2.842571175782779846e+00,-1.642754569473410253e+00,-6.125633537441067533e-01,-3.531388481400309587e+00,-1.725528025237705654e+00,-2.962294564804036412e+00,-3.672739575488349062e-01,-7.585588599725762160e-01,-1.929296275661433802e+00,1.535753936167481681e+00,3.905236873239803064e+00,1.744999854456122268e+00,-2.594855287992426707e+00,-5.286001535575679533e-03
-2.075648043413606647e+00,-2.883934464012673615e+00,-2.546900583819040165e+00,-4.864045797748040023e-02,1.236313562246212250e+00,-2.205158456734362282e+00,8.196003952495616307e-01,-5.520220954417798254e+00,-2.554287987337813259e+00,-2.330659354402750516e+00,-2.223546239226817378e-02,9.815049036096236135e-01,-1.537345661451534617e-01,-9.163122369276976986e-01,-4.888643289765037814e-02,4.032139650995403279e-01,9.179086973020180729e-01,-3.443375601144805565e+00,-3.438818983148970609e+00,7.958139358053792911e-01,2.745037433396291693e+00,-2.443258098796765143e+00,4.706971007483585767e-01,3.893867530785864783e+00,-9.861331687641707866e-01,-2.840963906043995069e-01,5.750490346797220154e-01,-1.261387268297548270e-01,-3.209257845111141982e-01,3.922794940200271530e+00,-2.121233810094782068e+00,3.752691119290238575e+00,2.843741227681117145e+00,-5.841309280304022300e-01,1.899923342491746547e+00,3.215733572890426828e+00,-3.696547605946657988e+00,-2.423013606023794342e+00,1.722496296622350487e+00,6.895608415799803215e-01,3.046479963089248066e-01,1.635871105031231787e+00,1.174248451096462809e+00,-2.522146560871814991e+00,-2.181421041432980878e+00,5.171617699719132100e-01,-2.739054318654380982e+00,1.869869167410727506e+00,5.519483934307285455e-01,4.680173255902112750e+00,-3.515352313388800276e+00,-1.718222912309978812e+00,-1.286051098265706072e+00,-1.892341929376342380e+00,-2.127936210998837119e+00,-3.340053868334521336e+00,-1.023668643861240568e+00,-1.524817129601731880e+00,-1.922281212861093769e+00,3.210866983814110842e+00,2.508832677109588349e+00,2.963984227246940328e+00,-1.337904973529441710e+00,-7.528233189773907430e-01
-1.449835550750504298e+00,-3.351841024212198317e+00,-3.065270218048130602e+00,-4.690338141518245463e-01,1.813986670541275714e+00,-3.813394077745715371e+00,5.349038098981473421e-01,-4.045891510657903645e+00,-2.895431503131537188e+00,-1.738723889822487711e+00,-1.133445884341976795e+00,1.360734391991681225e+00,-2.341214847879311112e+00,9.562951062548491477e-01,1.767795870748041454e+00,7.286304026610733731e-01,1.347563343896226229e+00,-1.808232239030248989e+00,-9.440172783468625539e-02,2.151389217314936708e+00,3.378642092448133738e+00,-3.881907323109252239e+00,-5.010915968037787938e-01,2.730700539811959260e+00,-1.722310522117503906e-01,5.948816891730245304e-01,2.054337700597883121e+00,8.079021916203588116e-02,1.817092839156901896e+00,2.799531258737243178e+00,-2.977994656560820630e-01,3.317792231707873629e+00,2.094253726212573774e+00,3.089675333498880239e-01,2.005637376248690540e+00,2.319900156883865971e+00,-3.272095934960904451e+00,-2.269597017867437394e+00,8.870130787148289286e-01,7.997569605710890261e-01,-1.378729259855596467e+00,2.022428166247761006e+00,2.295323125071743409e+00,-3.007593797712376116e+00,-2.754125988813699966e+00,6.374144410965626451e-01,-2.892365658808668361e+00,4.262470550635535815e+00,-2.483546564755658714e-01,3.760437982447835559e+00,-1.790094514161427286e+00,3.547042559913122783e-01,-5.338010701852180517e-01,-2.943420163870977824e+00,-2.008006143137714083e+00,-3.682709746946197349e+00,-1.955482327720003966e+00,-7.642179599952039215e-01,-8.667788759558949785e-01,1.711880028953891131e+00,2.397380381567770780e+00,1.181554126167585261e+00,-3.776551163868670180e+00,1.289120033481697902e+00
-2.642400615996422175e+00,-1.791991853853475813e+00,-3.375887567718369731e+00,-1.776822716523530188e+00,5.045330072246292374e-01,-2.494771692796952767e+00,-1.690011379187205343e+00,-3.334452665769751523e+00,-4.113852404175179167e+00,-2.794865198444274057e+00,9.838252183558704456e-01,-2.456799422296326307e-01,-1.249681381478635833e+00,2.495361628455669667e+00,2.594607511823015522e-01,-8.584284978835827751e-01,3.134155038392862025e+00,-1.609526716913784794e+00,-3.242022275924263841e+00,-4.539995530215386044e-01,2.880392832449790941e+00,-4.888335523290342266e+00,4.283120045860505654e-01,1.983952375027794979e+00,-1.903906690390382295e-01,2.497626717844223521e-01,1.287492299364249693e+00,1.893252860568964913e+00,-3.341070200663767142e-01,2.485943031828119931e+00,-2.244713759401813835e+00,3.242459330854418287e+00,2.618834567621656895e+00,-1.290101258829102204e-01,1.860517528007256560e+00,3.814632193672561566e+00,-4.307663120027821257e+00,-1.983540293645202901e+00,5.427944698087840969e-01,7.807082890964910371e-01,-1.207080661977301572e+00,-8.232806669982422054e-01,2.001264576801201400e+00,-2.388482987939249735e+00,-3.279001677852481311e+00,2.195528774837998132e+00,-2.896180089615820297e+00,1.520093670840716449e+00,-1.802574613275396143e-01,1.937377383159206712e+00,-2.137567933207792592e+00,-1.975470719198188396e+00,-2.088706501623513567e+00,-2.053681014949732209e+00,-2.116755544572431535e+00,-2.231347905545127741e+00,-1.530299227546229712e+00,9.112606912004042048e-01,-6.880135421090916026e-01,2.022481390109906130e+00,1.564481222010592809e+00,2.549429375117286956e+00,-1.933776810923619749e-01,1.334108398954477526e+00
-3.530512553558925681e+00,-1.494111690007435600e+00,-2.837005139840476531e+00,-5.731958305525751696e-01,1.847106662966936153e+00,-7.617724263682656982e-01,3.270742642326637251e-01,-3.864056455638769094e+00,-3.583577006613623439e+00,-1.755709723578948278e+00,-1.032738306442290421e-01,1.606669587459064852e+00,-1.745308429444844878e+00,9.034249518588363115e-01,1.733212023370918509e+00,2.069492775692061137e+00,-1.948012022429219670e-01,-2.498380023172068753e+00,-2.230300361806842435e+00,-1.562552094038352379e+00,3.586281150665723505e+00,-2.686623209610079055e+00,3.720585032113599144e-02,3.535506240867434258e+00,1.007363451677077748e+00,5.563247564092337338e-01,1.967254779611300686e+00,4.225119325306543328e-01,1.538734009117671553e+00,3.307713823869159242e+00,-6.577740623221226546e-01,4.192491954115121544e+00,3.063512711460183002e+00,-9.044522448505691870e-01,1.986443995039657961e+00,4.113937954164605948e+00,-3.609079099596176121e+00,-3.663408565792909855e+00,3.267541064839714071e-01,4.687640366478895704e-01,-1.760710642983303709e+00,6.179341344975894934e-01,2.349828594911508972e+00,-3.682975929760107459e+00,-2.517314711133244565e+00,-1.023959693304132168e+00,-2.206339519477537259e+00,2.657547007852374854e+00,1.580939375775214373e-02,1.440691242042357878e+00,-2.287480195747154887e+00,-2.377255705167940825e+00,-1.509281489817638766e+00,-4.887605009104235343e+00,-1.089968207595063188e+00,-1.782473679041461034e+00,-2.761368308904031732e+00,-7.752520956684442188e-01,-1.561629478187320785e+00,3.608522345009168575e+00,2.844850588020483961e+00,2.457924898482990450e+00,-2.737818186172754409e+00,-1.123719883253284868e+00
-1.886327839332969658e+00,-3.950897556367634955e+00,-2.699189525800784750e-01,-2.093996074395048090e+00,1.102475398885797597e+00,-2.944546814452223771e+00,8.730786703526127734e-02,-1.443282321399843582e+00,-2.032567278235735575e+00,-1.503845862008553969e+00,-3.142348719080746422e-01,1.021172328425385967e+00,-1.402187812302623460e+00,1.673857568738474688e+00,1.695199048547824106e-02,3.599284496132087785e+00,3.330050912020541709e+00,-1.144000956331092667e-01,-2.721763565444579314e+00,1.244954162464973146e+00,1.482201759648150263e+00,-2.519917210970900712e+00,-8.335357893986364841e-01,1.843072791708856961e+00,-4.864250426131688787e-01,5.504394863768755641e-01,2.334852212983082431e+00,-1.417514507615223129e+00,1.039044789932270785e+00,2.370632032849612436e+00,-3.221216858867395949e+00,8.358199825485392864e-01,3.136766055924460339e+00,1.487554767181309856e+00,1.101820743789539758e+00,2.242754160258938256e+00,-3.212145867268723087e+00,-1.038169171857895146e+00,7.097593518958501546e-01,8.267634731632886869e-01,9.692535140932225790e-01,1.021791266063549752e+00,1.861733051523683624e+00,-2.322123079880507035e+00,-4.270639210501499861e+00,1.327503095616064499e+00,-1.177055209514744849e+00,2.243571984807159136e+00,1.089235316104516738e+00,1.883301812158260313e+00,-2.585551800091896446e+00,-9.267856474842419701e-01,-1.508194766127432862e+00,-3.043927698301756912e+00,-1.605676785031895371e+00,-2.593325927617812887e+00,-2.550451927569976185e+00,4.331584542795864357e-01,-2.757475569081957012e+00,1.745366238793055746e+00,3.084757687993072928e+00,9.529054317968732590e-01,-2.593370651247032477e+00,-2.228691478615464350e-01
-2.001025980673535987e+00,-4.199901657098111585e+00,3.113993029946022784e-01,2.617928743416211290e-01,1.900815081092503522e+00,-2.239988079937767829e+00,1.072115806901079882e+00,-3.441372673906194724e+00,-2.994234503643858680e+00,-6.152660772384401788e-01,-2.050870319321390856e+00,-1.045503244676541099e-01,-1.935956576370499338e+00,1.559220043866274441e+00,2.537197454475442093e+00,2.338736082372712133e+00,2.195703497271930704e+00,-4.426469544215253293e+00,-3.154370427893248952e+00,3.325981640574116049e-01,4.832882145778751415e+00,-4.920530596355114028e+00,-5.365208390166348318e-01,2.562183115793516208e+00,7.745616595122495340e-02,-4.871822919680681707e-01,1.410368280042346711e+00,-1.288550736213838754e-01,-2.558331911026195948e-01,3.476986277574990680e+00,-1.207776011671914507e+00,4.278529532923654344e+00,2.452644612080669084e+00,2.493506308661937731e-01,-3.267912503303262994e-01,1.171231564266824732e+00,-4.896696676438745399e+00,-2.392478355575098803e+00,2.501873527038319001e+00,-7.755745401907432335e-02,-1.696808555997330714e+00,1.676828425607655104e+00,2.854416433439230794e+00,-3.406510919095220746e+00,-2.600864292476462225e+00,1.797956135224269558e-01,-2.725577012827100187e+00,3.327937436729273113e+00,8.218469674144979198e-01,2.856325370099039862e+00,-3.263078384066186111e+00,8.030760683330548932e-01,-1.110656791860546111e+00,-2.125026538711993762e+00,-1.631427255446082469e+00,-2.207827612868263234e+00,-3.442673792032032720e-01,-1.796959800066863511e-02,-1.175253545863208293e+00,1.567901719637783131e+00,2.253177264136660529e+00,4.310820151454179960e-01,-1.872214058331602038e+00,6.261024339277938555e-01
-2.309285040708214609e+00,-3.306940315388054774e+00,-2.609431253192919353e+00,-2.498040395495999100e+00,2.422991079507188505e-01,-2.427833819659484860e+00,-9.847529702194123269e-01,-3.718845698454370297e+00,-2.136104694828816264e+00,-3.449723315814157143e-01,9.641614044726809496e-01,-6.248225853616217185e-01,-3.512174075834668230e+00,-2.991725948887429265e-01,1.588182206301523181e+00,9.291228573276061331e-01,3.427862795431513732e+00,-1.471241497982938018e+00,-1.207859740608237642e+00,4.265562244242881995e-02,3.122710159919882322e+00,-4.145820498230649243e+00,9.275387381175563828e-01,3.660813127866281214e+00,-7.001687008572599069e-01,4.775237100285080194e-01,1.446950819449951853e+00,-1.753914033154929886e+00,1.369231776916415289e+00,2.470999648150468797e+00,-1.736866211866971987e+00,4.128947090701355904e+00,3.227154920470765909e+00,4.955771256092415533e-01,5.575479890132524208e-01,2.082044093281206543e+00,-3.179920539021232173e+00,-2.974387701552050345e+00,6.639152803501398026e-01,3.536167418607953472e+00,-8.806186868037587656e-01,5.397142215819823452e-01,1.814284685325278534e+00,-2.545097783399667080e+00,-3.901146771294839333e+00,4.779784321867829311e-01,-4.481717603475319223e+00,1.692958371194395628e+00,2.050593354192637108e+00,1.615212569767006112e+00,-2.537826279833926169e+00,-8.575537980575136388e-01,-3.084588148245352102e+00,-2.514734028459863158e+00,-1.203348452638484556e+00,-2.482238833704034420e+00,-1.653168831310939169e+00,-5.910076241253912066e-01,-1.769880605904656790e+00,2.983577350099518632e+00,2.366730432230158776e+00,8.751224899405194435e-01,-4.166788968588848618e+00,-2.104451447512469375e+00
-2.457628199438388616e+00,-1.599487232730254949e+00,-1.244750337674407792e+00,9.727840166219681173e-02,2.951700009847863626e+00,-2.731392117399053188e+00,-3.443025313111285346e-01,-3.672725346955306502e+00,-3.118576876736604220e+00,-5.274866535141341517e-01,-4.502805046052509863e-01,-4.730301184852416796e-01,-1.716900704646686204e+00,1.170513941818356551e+00,8.779404774946510948e-01,4.698390795005975562e-01,2.267684759605812950e+00,-1.287100736848778348e+00,-2.632018691044324843e+00,3.902060145475899633e-01,2.881932928840288177e+00,-3.657327267738369247e+00,1.485512697982687147e-01,2.881677246893281197e+00,-4.462159910971181809e-01,7.613515596531306162e-02,9.820377531343369437e-01,2.205800481461281937e-01,-4.058185007804805400e-01,1.717812276169264463e+00,-2.437343912444346561e+00,2.892221153103005093e+00,2.708587810737729029e+00,-8.975123307010358653e-01,3.385884881115665657e+00,2.062868578501653172e+00,-4.202995558370153262e+00,-1.219445034377260040e+00,1.375026530842950345e+00,1.203930661613975772e+00,-3.757574173600675138e-02,-2.928399620660160352e-01,1.523967576942927948e+00,-3.763227022584823445e+00,-3.927046305189657804e+00,2.896020166573854970e-01,-2.922655639859056187e+00,2.246213316552082784e+00,1.699873532908666940e+00,2.379596233487613954e+00,-2.171222995736009409e+00,4.568832264748241556e-01,-9.796185248217560426e-01,-3.088464157389737341e+00,-1.215770560759592112e+00,-2.591101414131955938e+00,-2.279863437426509876e+00,-9.758257150702790428e-01,-1.796228404178509708e+00,2.314161974008942302e+00,3.862176688761119969e+00,2.801595909068990586e+00,-2.629050101843366072e+00,-4.769800387682701093e-01
-2.788025423943898407e+00,-7.074757627499228541e-01,-2.518489297270336991e+00,-7.477936881025257776e-01,1.583444964105405806e+00,-2.884281087158263812e+00,7.002521498705792657e-01,-3.101279718160360854e+00,-1.353047343484722997e+00,-1.810773903747895819e+00,-9.424517423299141328e-01,-1.512342663967898848e-01,-3.412231633354119609e+00,1.581844195872734726e+00,1.532579428155672829e+00,1.702674127772513035e+00,3.354374071925792400e+00,-3.089026127931147059e+00,-2.811969344626136458e+00,2.348933666842474288e+00,1.641121298760786162e+00,-3.380058440273439047e+00,-4.827678108711729865e-01,5.010247229959395199e+00,-2.420113446263205237e+00,2.575422817350934146e-01,1.059176208699019961e+00,5.849739703452830342e-02,-1.897288370059513340e-01,5.187180452052299273e+00,-1.915272210811500342e+00,3.459690091730609485e+00,4.863091038314879544e-01,-7.566431814525337307e-01,1.626170157361879420e+00,2.095772935556082572e+00,-3.517412487528995158e+00,-1.782357642023688626e+00,-2.264541886148975003e+00,-1.240044183197847039e-01,9.381269290423452922e-01,1.575813233027430371e+00,4.110617293580003384e-01,-3.017564855954899983e+00,-2.514823419973831520e+00,2.198791983189764543e-01,-2.637624697614278979e+00,2.476104599124312244e+00,-1.442349756723375176e+00,2.674867526758358149e+00,-1.200480883573066704e+00,-3.974845329556696005e-01,-2.938109339989892099e+00,-2.689370194404706815e+00,-1.765616072793148028e+00,-1.978053698396201376e+00,-1.388442533583749805e+00,1.535960135564012230e+00,-3.750306108104126235e+00,3.899590731229907625e+00,4.353061932509248777e+00,1.388449117516510345e+00,-2.342610663133164461e+00,7.459942807702384382e-01
-4.110606499430744520e+00,-3.762380831473153719e+00,-1.564406925128629222e+00,-8.830316133094510134e-01,4.291117639368740022e+00,-3.234540693806793765e+00,1.271331704226552839e+00,-2.717423994648352270e+00,-3.412025091587339354e+00,-1.202422908116621780e+00,-1.185449830446902331e+00,2.337088404099180172e-02,-3.422207874752473344e+00,2.544234965534314163e+00,6.387392735703160129e-01,1.743848688392365620e+00,1.328272727331408554e+00,-3.106191014884922108e+00,-3.273035221267614148e+00,2.806892878994193818e-02,1.661366181648975315e+00,-4.504132769380747803e+00,-2.455671649266266132e-01,2.843909001623805111e+00,-1.902911847967427850e+00,-1.415262229562351148e+00,1.735661513992108773e+00,5.438940990246815543e-01,6.731018588075488029e-02,4.126231960030343870e+00,-1.125527881139105180e+00,1.912950534598762964e-01,2.825997015401232382e+00,3.231465097698068001e-01,1.987087405814896401e+00,1.869471786805533053e+00,-3.112217531112469349e+00,-2.320612120491634123e+00,2.901839594003700284e+00,1.168167791780156062e+00,-4.425187023890211346e-01,1.973114820720698104e+00,1.299010039418574403e+00,-1.575205799407766616e+00,-3.003729495759046575e+00,1.592139480042467525e+00,-4.794537619297236652e+00,-2.494234680267659598e-02,2.634043624860806787e-01,3.037661615118275371e+00,-1.063358467761537085e+00,-2.293433913004202296e+00,-3.092545874358435753e+00,-4.427243956536326408e+00,-1.414560056110238717e+00,-2.879831910886890167e+00,1.163075559725233132e+00,2.779979937652505839e-01,-3.162218332578337066e-01,1.247576281911387586e+00,3.420154030230600384e+00,4.069210448236176170e+00,-1.949128612986312570e+00,-1.121805832579733986e+00
-4.471686401667627209e+00,-2.329361550072230003e+00,-1.073577782677908043e+00,-1.183985350139699078e+00,5.503302273710048986e-01,-3.402353550538013138e+00,-1.801505842010270031e-01,-2.889143120929281494e+00,-3.357271459022472371e+00,3.833456851487326844e-02,1.369593963559305072e+00,-2.725347941591449441e-02,-4.537553217260443805e-01,5.582297255031589689e-01,-9.247216355228964346e-01,1.733454639356914573e+00,9.473904718270762526e-01,-1.794960235782799618e+00,-2.936253862156023242e+00,5.590260837561370488e-01,2.388846969761410755e+00,-4.327751520015516107e+00,7.474226778150543371e-01,3.572113293954674251e+00,-1.038333687897565749e+00,-3.861215946285313505e-01,-1.423751193358298028e-01,1.216387708005628676e+00,9.831057926556245885e-01,2.466655352989505001e+00,-2.819225990354184308e+00,8.697281799190106355e-01,1.119798097563897699e-01,-1.350492701055023281e-01,1.864406357023189020e+00,3.116580452090430775e+00,-2.993369144915920543e+00,-1.021245201176043782e+00,9.040532853983964667e-01,-8.860517339905844558e-01,-1.046123884215018229e+00,5.850473523001935572e-01,9.759757323597629819e-01,-1.572995314877056350e+00,-2.660414420547389636e+00,9.530661424963229322e-01,-2.069272331005799437e+00,1.997567558850650293e-01,1.176223794922583998e+00,1.587654794321713858e+00,-2.288776357313151877e+00,-1.011291300429737916e+00,-2.834428751712983363e+00,-2.694833541921611619e+00,-2.771731861543098585e-01,-3.557943196811623743e+00,-3.126862532051957189e-01,-1.330721748693974416e+00,-4.276949820438253891e-01,3.681920846753446774e+00,2.690345542402399648e+00,2.073486963411742323e+00,-3.613308817255982852e+00,3.212302085912893679e-01
-2.843090572077345168e+00,-1.496438913137559057e+00,-2.084909497000034584e+00,-7.596963055068399751e-01,2.032308126306279217e+00,-4.912792711909991894e+00,-1.149468933272948856e+00,-2.896209927731258738e+00,-1.622681303129664521e+00,-1.401649771703785685e+00,-4.429642837996815574e-01,8.263984780750783798e-01,-1.022424192814900046e+00,1.803320857146226697e+00,1.181485535633896689e+00,5.390005989951331955e-01,2.286046597269114411e+00,-2.327831887249559806e+00,-1.174912945051352686e+00,3.767500943427041782e-01,1.118807797349049782e+00,-1.177290830758558116e+00,3.612741597224331525e-01,1.949484367563656617e+00,-5.638512842563840888e-01,-1.568482140311165285e+00,1.596852841129106970e+00,-1.000670175452803345e+00,6.759056941880102753e-01,2.729149135860532205e+00,-1.908589863364287487e+00,2.064557886038451251e+00,2.790137958227600912e-01,2.269253826203527780e+00,2.170894353589155834e+00,4.337110263747698369e+00,-3.455153426254825355e+00,-4.347604258319067050e+00,-7.866650170893503269e-01,-7.760122570343574999e-01,-7.121747279882995052e-01,-2.717008064704213854e-01,9.072360964631963620e-01,-3.256649587656658795e+00,-3.646368577795623622e+00,1.654814194296639895e+00,-1.476184320917134363e+00,4.312474339070381468e+00,4.007277640424090626e-01,2.367291950075533613e+00,-2.612291786739860733e+00,-2.826870348968752555e+00,-1.759190804559282117e+00,-1.700787955626712700e+00,-2.236149593871295860e+00,-2.429720992371501076e+00,-1.733964379581488524e-01,9.651720917603068273e-01,-7.274199015159785731e-01,2.034874906230734304e+00,3.112724752847441767e+00,7.814583807543433736e-01,-2.222330715279662972e+00,-3.483789766895981632e-01
-2.555979224057196575e+00,-1.767282074599920705e+00,-1.682946414549229441e+00,-1.807650811529118329e+00,2.028529195519319650e+00,-2.018381161175319072e+00,-2.500706085094919207e+00,-5.082795407088005923e+00,-4.759780632568219261e+00,-1.739023708296423498e+00,3.344766037326850627e-01,-3.162461678044038438e-01,-2.054139309729550167e+00,1.919542261584876952e+00,-2.004174622649400828e+00,3.283255593299154285e+00,4.551135731221873648e+00,-1.871285050353012958e+00,-2.879100854058409542e+00,-5.823212527058871935e-01,3.633919849940774327e+00,-4.162376186070377848e+00,-1.043334722785107527e+00,3.908350066970522008e+00,-2.685978072989604115e+00,9.200257119172206011e-01,1.212936595646130655e+00,-1.095460763766585854e+00,6.703013337064779309e-01,1.744394505733729339e+00,-1.585195184981494032e+00,4.247539899651231465e+00,3.469109745560296165e+00,1.344861650478104687e-01,1.577218180456662067e+00,1.632204272101404507e+00,-3.677263305433688512e+00,-1.262353254798707969e+00,1.666660380775969896e+00,1.758471386870121833e-01,-1.928943673999659714e+00,3.139920903632811289e-01,1.188044982428742902e+00,-3.675471814295771633e+00,-3.217432655247283169e+00,-4.325002984983122856e-01,-2.349370195737287670e+00,3.321204229110263917e-01,1.610052472681795299e+00,2.177163684442076086e+00,-1.456981917081729305e+00,-6.267855155219723695e-01,-1.881056784928794912e+00,-1.846553786439800504e+00,-4.279822816641523087e-01,-1.031500023325790272e+00,1.335257706400104771e-01,-3.813927415437318169e-01,-1.857354169074156180e+00,3.407346128039792088e+00,3.490053712904368499e+00,3.535486460842566903e+00,-2.610657440906080762e+00,1.197097839626055649e-01
-2.132683260211984511e+00,-1.672105394812761103e+00,-1.948312686601045396e+00,-1.338396953080159824e+00,9.397112837277737940e-01,-1.699829781117706551e+00,3.046383096051047401e-02,-2.891705534363275820e+00,-2.635079963406374404e+00,-9.109211231609437576e-02,-1.167288343563978259e+00,-5.386007066029135926e-01,-1.213259038464956419e+00,1.103688034402491303e+00,1.739428778068138337e+00,9.600219282914576047e-01,2.766442005520977965e+00,-2.385086457623896816e+00,-2.992039785054927403e+00,6.782192557141725198e-02,3.930329651588658990e+00,-4.519795351650197190e+00,6.124837469272192969e-01,3.870007018625964967e+00,-9.464418370816474191e-02,2.429665007888042183e-01,1.425935494087811950e+00,-1.157865932268407061e+00,1.612123883552688319e+00,3.286497827872048916e+00,-2.461300939267528243e+00,2.252009051057540567e+00,2.110639434885762888e+00,6.492684985739433090e-01,1.050399572609028276e+00,1.939376624063671617e+00,-4.114635773456177148e+00,-1.872741135829691927e+00,6.677889496773402600e-01,-5.513994506798985951e-01,-6.272150006720502713e-01,1.802431352078074367e-01,4.230921927227742074e-01,-2.902995090326732086e+00,-2.772428662805431987e+00,2.582765475512471820e-02,-3.497198047467137361e+00,2.499227088445739486e+00,1.319971605158476002e+00,1.567915336447786245e+00,-2.326741473350185885e+00,-3.297455492191398108e+00,-1.586289958734477201e+00,-2.504686810463049973e+00,-1.961672449251606221e+00,-2.498062961039109631e+00,-2.120267197395933501e+00,4.158545547331510273e-02,-2.420541021747534494e+00,2.443152204391231486e+00,1.955802435849312015e+00,1.431024765132462129e+00,-1.891878216141784641e+00,6.667042630415993543e-01
-2.432719059277965723e+00,-2.039747925653403904e+00,-1.636483755305030652e+00,-1.033452068208580821e+00,3.014475263461986465e+00,-2.065944111646498715e+00,4.523745427756047377e-01,-4.539581937416746982e+00,-1.809624420123937316e+00,-7.513892097059187147e-01,9.519451222621984066e-01,1.644563772878732566e+00,-1.337552076870029749e+00,1.075119562944326645e-01,6.497183155201976534e-01,3.438569842152115363e+00,4.508452829374876458e+00,-3.430427852665988375e+00,-3.698339000926456066e-01,-9.155611792257773995e-01,2.894800351726880994e+00,-3.018439365036122979e+00,-5.306193762917906787e-01,2.399008174667720539e+00,-1.896195669707967379e-01,8.428089818297690439e-01,1.269438879975210765e+00,1.627497054263581600e+00,1.506119654417249709e+00,3.903021838933582011e+00,-3.756076589543886346e+00,1.894737454123697207e+00,1.355945745816275583e+00,9.017768313643860500e-02,2.534848036059417886e+00,2.664329023639297134e+00,-3.291803622809525987e+00,-2.769789497467304962e+00,-2.361828242910687381e-01,1.175898394083989995e+00,-1.681136832733915121e+00,1.147364108830366769e+00,1.133306434640005689e+00,-2.684442037524694680e+00,-4.152575841192708950e+00,2.937947762166946974e-01,-3.567759970750744802e+00,1.703062149224403576e-01,1.217461636794635149e+00,2.247295814190136909e+00,-2.071565915432425076e+00,-2.819840429131891257e-01,-2.163148585973567517e+00,-2.144111954057252856e+00,-1.794200536720811368e+00,-3.771913496291578127e+00,-2.205976386082283192e+00,-5.857130548415130367e-01,-2.546561919281382202e+00,1.295942459779324984e+00,8.634193545313570972e-01,1.378788666606316493e+00,-4.320300966995714198e+00,1.714306594421336261e+00
-3.100665195567749777e+00,-1.077720668265797377e+00,-1.173860491119960825e+00,-1.843070424090380577e-01,1.978788217884458023e+00,-1.400164225919558580e+00,1.704183893518746773e+00,-3.487341364200647664e+00,-2.733361389578206957e+00,-1.959099701698669982e-01,6.952468853406205129e-01,-3.010457031660151994e-01,-1.902151377562386836e+00,2.601202693496595941e+00,-1.513597087610940584e-01,1.009085531810365977e+00,2.247600686322103858e+00,-1.865156250791534465e+00,-3.082673288044780247e+00,1.859600373979678034e+00,3.051508508734099401e+00,-2.887831310257105599e+00,-8.759739169260545300e-01,4.043680060329252868e+00,-6.428307398030196351e-01,5.059211290325862365e-01,1.322026566668831782e+00,-7.550286391389624541e-01,2.838522742284222966e-01,3.772724840547261760e+00,-3.224060359024833566e+00,3.025534384319878534e+00,1.359869646722345671e+00,2.513986001014980598e-01,2.259094754916735059e-01,1.758573063729772068e+00,-3.555926847007973013e+00,-4.389488846765104313e+00,-2.531485445312554594e-01,1.162167172350235145e+00,-2.178686752660737858e-01,2.107289475577720061e+00,2.530767786672163400e+00,-2.325753704158227020e+00,-3.009431445235070335e+00,5.455662190108183651e-01,-3.687571304778956449e+00,2.556099219103796560e+00,2.106273324331109364e+00,1.317059656857026306e+00,-3.812469321096491282e+00,-9.064520613271604965e-01,-1.829071919077547070e+00,-2.380178773407014337e+00,-1.004948738510392570e+00,-2.264094885738288543e+00,7.200008729813012209e-02,3.592882145638757185e-01,-2.127813889090273136e+00,1.329177760706965028e+00,5.521014096383336955e+00,1.921042158589625126e+00,-1.693094745584641014e+00,3.271324545625921565e-01
-2.127535787840969750e+00,-2.258342988848720090e+00,-1.174241993794591821e+00,1.059077939062185170e+00,1.744798574655884504e+00,-3.751687692923606043e+00,-8.691401542361409938e-01,-3.135248318761945985e+00,-2.552084696985762680e+00,-2.198481688848546334e+00,-5.499629342758940997e-02,1.558372806044982184e+00,-2.559300828459049271e+00,5.601602568885545308e-01,2.624806495556424757e+00,1.205773651091502252e+00,2.935549544511684594e+00,-1.729311252382759179e-02,-1.270134247751438128e+00,8.203710852527914543e-01,3.670154097515728964e+00,-2.265034686059729907e+00,-2.305903779430443112e+00,1.805851183545419181e+00,-1.597799054625095971e+00,2.340786847150472250e-02,1.537665276143685977e+00,-4.090667363529471579e-01,2.290771348351008818e+00,3.961496879685826755e+00,-1.911093989300318707e+00,3.172121997743317046e+00,1.899906490273106652e+00,-2.766890948733029543e-01,8.025409456348981951e-01,4.469346425778130794e+00,-3.670385611970899298e+00,-1.436097252533092838e+00,7.749484693751973463e-01,-5.258500352406646483e-01,-4.159562406662727363e-01,-4.837871159090614270e-01,1.900666072783123495e+00,-1.898167979950383888e+00,-3.160717786987828681e+00,-1.993540865422537056e+00,-2.558922101415740169e+00,2.019242624281536003e+00,2.093931502238970843e+00,3.807507486835495669e+00,-3.080196915330289276e+00,-1.180217660249319067e+00,-2.091063166318622990e-01,-2.458360596470924087e+00,-3.384594717748170556e-01,-2.606352682767471229e+00,-1.692848043640563072e+00,1.093922482589322343e+00,-1.327917455325173801e-01,1.328920267805709488e+00,2.906604384194442670e+00,-4.098524916275358976e-02,-3.275380196593228987e+00,5.889652720855975687e-02
-3.627541729019970518e+00,-2.728534799319463744e+00,-1.904812101428058790e+00,-6.145893097024006657e-01,1.164387325938768480e+00,-3.491932509484138247e+00,2.531153585626316760e-01,-3.118869689703449577e+00,-2.003993712593901577e+00,-1.495519633948709792e+00,-1.740743164076606342e-01,2.980963274884703695e-01,-2.618509692303918168e+00,1.420363752006787106e+00,1.304542634575343030e+00,1.570528640994319769e+00,3.439064503957818264e-01,-9.424299881307673932e-01,-1.195027448789307556e+00,3.165018303062664407e-01,2.221951781210358412e+00,-2.372166220025861527e+00,-8.324830395469459132e-01,3.653342082887063746e+00,-2.276241551326560142e+00,-1.030364963034662740e+00,1.118675754311939885e+00,-7.521756394271872370e-01,-1.782961728269152335e-01,3.841599888104934912e+00,-2.725273929005196827e+00,1.675368882909696877e+00,3.210621106155052473e+00,-1.401236579961836037e+00,7.104929113295112009e-01,2.190368130881661823e+00,-3.929869865452611855e+00,-1.592241866673584028e+00,-9.838595919320161087e-01,2.031815338586056896e+00,-4.133012117686745146e-01,1.907534931657321575e+00,9.685866143626571390e-01,-2.476549262417786945e+00,-3.749241111042378449e-02,-1.229946873320570955e+00,-3.300893729863475290e+00,1.910920598379326041e+00,1.229290810073178530e+00,2.325251434303126086e+00,-1.992683810016105950e+00,-3.907548985959482524e-01,-9.559910139120719741e-01,-2.153021012025841063e+00,-2.811955728581013947e+00,-2.965657355043516130e+00,-7.071425538468301131e-02,-7.023888809710794323e-01,-1.219346633861423612e+00,1.007765389178966187e+00,3.072784187255678479e+00,2.057731897988844150e+00,-2.347578247717426070e+00,-1.382453768165397223e+00
-3.522801076770257112e+00,-2.203503387155483217e+00,-2.573230842037443900e+00,-1.782308259424015828e-01,1.817929859050291252e+00,-3.281065201434248735e+00,5.818564143157983759e-02,-4.075501590631128046e+00,-1.278302364832294646e+00,-2.951238296423761565e+00,3.348673226673453129e-01,8.159702870142837572e-01,-3.662812159214612784e+00,-1.401041075278059989e-01,7.303518702305238364e-01,3.070236119185907775e+00,1.692043574498155234e+00,-2.612525286599688190e+00,-9.018520935113534254e-01,-1.771553534125802631e+00,1.328024042372491387e+00,-4.697773249397723561e+00,-8.909315924985530266e-01,2.836891794374186926e+00,-3.019742732337636237e+00,3.633727043596427508e-01,1.243790963407039873e+00,-8.654135818244818035e-01,-1.761330152740201438e+00,3.231101299622785916e+00,-2.731500644477659279e+00,1.071208640224629693e+00,2.027510082601165831e+00,1.351202958793588982e+00,2.040430389532089883e+00,3.998105282610608491e+00,-2.793729074541493329e+00,-2.367373882745452907e+00,-2.953684161739869030e-01,-7.492328612195475745e-01,-6.687244486136939559e-01,1.581809219799422461e+00,-8.521659048598895225e-02,-3.778996176939093843e+00,-2.517291064797190003e+00,1.594272507717408915e+00,-2.963673335679716025e+00,2.994308508295433491e+00,2.595833747485396081e+00,2.283826959692914826e+00,-1.592200955855756384e+00,1.407417967536628289e-01,-2.359556985326133560e+00,-1.605540612503817854e+00,-2.909331484661165312e+00,-4.182837066342013799e+00,-5.965832022806454304e-01,1.979465889854710725e-01,-1.351235105824991400e+00,2.465266493996891128e+00,3.271573218128597027e+00,2.973996435955218232e+00,-3.673977986335079216e+00,1.940943169756195852e+00
-2.045047902033181764e+00,-1.515319201591054821e+00,-6.328898988149507243e-01,-1.300137472952015205e+00,3.458825656873292687e+00,-1.752291609387931492e+00,-6.859285782564603640e-01,-2.775451134856536051e+00,-2.477147104164213243e+00,-1.812893685409906475e+00,-1.925582421645231301e+00,6.251684253111678968e-01,-2.383197794340454312e+00,7.101424916833172230e-01,1.817547455507469767e+00,1.355091143120798147e+00,2.517974091439086237e+00,-3.495018907779774864e+00,-1.165163614810711845e+00,9.559783849828076274e-01,3.394036287676203134e+00,-2.858682334675592962e+00,5.082887784736791481e-01,3.830742273553250143e+00,-1.598090206866824126e+00,4.036579304670068202e-02,2.131644377112170474e+00,4.465244946401744075e-01,1.475591006574950015e+00,3.511070122586535280e+00,-1.662000127027633667e+00,3.608106464744917918e+00,2.423417429536019796e+00,1.207709209795469141e+00,1.632512107588071304e+00,2.841453491659533093e+00,-3.758375350850026386e+00,-1.848856802539629030e+00,2.404044252359636147e+00,-2.031981260790416410e-01,-9.131533682681276520e-01,-9.083045281449197983e-01,3.766268804801375047e+00,-2.859754451541014930e+00,-3.114039788486185234e+00,2.518561702831880744e-01,-2.333590866294839472e+00,2.126870899363974221e+00,1.408084908168124816e+00,2.539999349301867326e+00,-5.644484145555037635e-01,-8.123897505255098794e-01,-7.854694992495951933e-01,-1.974402206195020160e+00,-1.723737382576499888e+00,-1.960499503584354430e+00,9.605192972770211224e-01,6.715489712733736516e-01,-2.399761744739347336e+00,2.627235764287311870e+00,2.112168015242086305e+00,2.526171445592141573e+00,-3.012903632336309201e+00,4.941460888138022867e-01
-1.187548780134675797e+00,-3.435386422770601023e+00,-2.113911360326611977e+00,-5.880139739066625459e-01,1.768682080870895623e+00,-1.586786100870608784e+00,9.254010919973881810e-02,-3.942369558444020150e+00,-2.955145079651017248e+00,-2.636912109437801632e+00,5.054763625254362625e-01,1.445987214701424328e+00,-2.842001832977638198e+00,1.227891187817324425e+00,1.326818391309184664e+00,9.379251654749151124e-01,3.547564661085373494e+00,-3.151514572917828438e+00,-1.669330095139263337e+00,1.324770989837738000e+00,2.039084194862440746e+00,-2.871162273778912422e+00,-2.011119702694195710e-01,1.854258284172382476e+00,2.715089102037244739e-01,-1.343567391774002306e+00,2.772032217782596231e-01,2.842766808040328441e-01,8.899146682237419892e-01,2.431339494268018875e+00,-4.943511541940499576e-01,2.051239023071484535e+00,1.146055474720818701e+00,3.304238022084640680e-03,1.919313803009595976e+00,2.836046108091102802e+00,-3.924612143624205185e+00,-9.125270380689267657e-01,7.506304220164732310e-01,1.773014407050643726e-02,-7.908741419109283077e-02,6.140760857291264196e-01,7.275163998695806100e-01,-1.654230474497167647e+00,-2.461280470395424302e+00,4.631752217592396415e-01,-4.131836853148545430e+00,3.440260231474681518e+00,2.071081631343273166e+00,2.519475398399230848e+00,-1.856010130937701064e+00,2.938630549448929541e-01,-1.626719747941002714e+00,-2.539606927831834504e+00,-2.144954019224454278e+00,-2.280313340562099889e+00,-6.418701887360540592e-01,-9.386529574059159220e-01,-1.917044465200254511e+00,2.127706278815331586e+00,3.278880632243295956e+00,2.801947664839885110e+00,-1.491096972879204063e+00,4.832581486589244690e-01
-4.879710677615662462e+00,-1.114576965015756205e+00,-1.865682313336062048e+00,-1.614587357892202091e-01,4.282773149502681065e-01,-3.726575249993439698e+00,2.240397275797419985e-01,-2.875212944409036186e+00,-1.124856000255017641e+00,-2.020839673822605764e+00,5.416582500332722816e-03,-1.691434236543378766e-01,-7.668328708325868881e-01,1.762178431699850556e+00,1.917386644215041125e+00,3.767770889261703449e-01,2.026978302290431966e+00,-3.006764350637071370e+00,-1.727548569999483696e+00,-6.692727909070192993e-01,2.664480255750638182e+00,-5.375060637172193623e+00,-4.726565580641244879e-01,4.731006492004544484e+00,-4.979014049198271508e-02,-1.492973741619705308e+00,1.941628414682679438e+00,1.157419022302853540e-01,1.107605069416054633e+00,2.641445039665009542e+00,-2.218461754523437079e+00,3.140247487975363683e+00,1.833660523839267587e+00,-3.107793981367015235e-01,3.235734863632484526e-01,2.856289812083806723e+00,-4.434128671991536486e+00,-3.016022206861912913e+00,1.118297105978474093e+00,1.271423644869456471e+00,8.257420647187918572e-02,1.846430180237300434e+00,3.038944382651569853e+00,-2.182774334126472038e+00,-2.949684309969829332e+00,-3.340606580362582845e-01,-4.169822379959969183e+00,5.053194958937425874e-01,2.428344514479860994e+00,-2.485357896480513418e-01,-6.056240897873916840e-01,-2.555653621600025849e-01,-4.038676851690711445e+00,-1.866037470146365118e+00,-2.663088392356661060e+00,-3.427274348554528061e+00,6.325671233486569456e-01,-1.634767262329440474e+00,-3.061599023091020833e+00,2.489024402164991212e+00,3.103697195819503207e+00,2.995001264283562392e+00,-1.806125472361686857e+00,3.262887118499123162e-01
-2.307352275380856632e+00,-9.694415209945757006e-01,-8.536362826719086083e-01,-3.645965830995071544e-01,2.184549563553849438e+00,-3.600598884945079625e+00,-2.277476829666008618e-02,-4.574269700796692817e+00,-2.468922951036151670e+00,-1.629424506507414883e+00,4.860412843497584623e-01,-4.131739313663871371e-01,-2.830527083624764906e+00,-6.241331573264521371e-01,-8.734785225852181867e-01,5.041516929403765390e-01,2.450248285823830141e+00,-1.792223845519163250e+00,-1.620139274122549988e+00,6.225074507233626653e-01,2.843779942217588452e+00,-4.149341550789369393e+00,-3.374707005922861658e+00,2.384663457365269412e+00,1.199799548028317453e-01,-9.550580479628985042e-01,-1.655034899425873451e-01,4.825744230400689228e-01,1.120079267453685468e+00,2.805536006787588299e+00,-2.101116572425906437e+00,2.553190105584263403e+00,1.627855647332784317e+00,-1.167691613493316294e-01,2.847133521068253792e+00,2.266073623225218991e+00,-4.323902678906536678e+00,-2.170569715647774345e-01,1.747013033615969491e+00,1.162585510460764082e+00,-1.423736066025324654e+00,-7.183332364112402502e-01,1.996145122893897117e+00,-3.813796589730928055e+00,-2.734972981582679985e+00,1.124486322855398512e+00,-1.784103258476816389e+00,3.698752866819276619e+00,1.703328347628628947e+00,1.302461161756660823e+00,-2.540178362241884535e+00,5.734711633165128220e-01,-3.094956171448309590e+00,-1.871151339425521254e+00,-1.164587363402102227e+00,-2.475263966992068632e+00,-2.375311758609242929e+00,1.255742557116840352e+00,-1.276311503496354138e+00,2.154135723365647515e+00,2.769686897194464148e+00,1.670936551584896845e+00,-2.391264716080144126e+00,1.950341369110702550e+00
-2.420100739196760831e+00,-4.692744712235921156e+00,-1.032494681584725571e+00,-1.678097423173193103e+00,1.405764287738832774e+00,-1.403096015088372672e+00,7.831988804169596197e-01,-2.922576914769279277e+00,-3.371713802106997893e+00,-3.258770972439393177e-01,1.147105413471549484e+00,-1.230494850897701831e+00,-1.737257040225566262e+00,4.521325539898592427e-01,1.117880596024964035e+00,1.961459119261109940e+00,2.650030667953223951e+00,-1.828572501949019768e+00,-3.065575930866408783e+00,3.309621306100074545e-01,2.048575976702491808e+00,-4.461270991560171595e+00,-4.715634451448620368e-01,3.002199778804226948e+00,-1.610329393803838993e+00,1.030848704695919160e-01,8.644949987725454310e-01,-7.667210552480879793e-01,4.000089485027302216e-01,5.191314628866252612e+00,-1.255719563151548757e+00,2.313017856680379403e+00,1.447747313653986456e+00,-7.011839949487312929e-01,1.288308063135017889e+00,4.071887811121860601e+00,-2.653721855458418766e+00,-1.320415650942986074e+00,-6.548083192975113764e-01,-1.049337419280721440e+00,3.981497180777027189e-02,6.532812545771056190e-01,3.671614544706129024e+00,-3.502518928931271702e+00,-2.663937546908154097e+00,2.457303383347258230e-01,-4.952112799499916562e+00,2.637336638507074671e+00,1.561387838826630681e+00,4.757598418772650106e+00,-1.207106808862570269e+00,-7.261798674638835216e-01,-2.421675255650492353e+00,-2.816959793855925653e+00,-2.420483068263384219e+00,-1.155681837610806451e+00,-5.723206526836371877e-01,1.483789444228179044e-01,-2.767553892141306982e+00,1.163486008471193323e+00,2.372921037540123290e+00,2.349727173804809777e+00,-1.248122868701780019e+00,1.831335554642110175e+00
-3.525044686308893560e+00,-2.203487829582855717e+00,-2.315557876663485892e+00,-7.315986949408395112e-01,1.825121415474167730e+00,-3.174851572128372101e+00,3.222572208003150473e-01,-4.682100229681843473e+00,-2.551481281033016746e+00,-1.234419174435565481e+00,-7.326179405646375820e-01,3.386985310894973233e-01,-2.639249025968346984e+00,8.944308780588958729e-01,-4.588660459721332074e-01,2.333183518087464492e+00,2.542145082007560841e+00,-1.848794607277896906e+00,-3.037225143495762669e+00,-1.020826504171059579e+00,3.764689531712622994e+00,-4.608190396125571908e+00,-8.108151157594872815e-02,2.469422047276419008e+00,-2.808229628289979907e-01,8.683029066260581352e-01,-8.464853385730894964e-01,1.062730283046886548e-01,5.719516910669810716e-01,2.949412021721073973e+00,-9.882717658830979524e-01,3.935923687156696715e+00,2.808827488908496761e+00,2.190007860103589277e+00,1.333414849129248125e+00,2.097817996763017945e+00,-3.198722219267810196e+00,-2.375872573914310948e+00,1.453386154422811716e+00,1.400571673317315136e-01,-9.984135189490420670e-01,6.922461617176042248e-01,2.766573652639737979e+00,-3.655144606055294787e+00,-4.218604050862337473e+00,3.112872840018675591e-01,-4.327888128776055332e+00,3.645441573374722743e+00,1.127918367988963944e+00,1.458610647015724071e+00,-2.392795530598014864e+00,-3.385114264723376731e-01,-2.791742452812380204e+00,-3.177574786636300441e+00,-2.011826317384667995e+00,-1.970966200219002040e+00,1.918887311409372964e-01,-5.644238825498020251e-01,-3.027570854909349407e+00,2.520543752329899689e+00,4.433764985981505369e+00,3.377710198548772969e+00,-2.291796445441699692e+00,-3.802469995798819502e-01
-4.112482577173325993e+00,-3.390651527127507059e+00,-1.669844238648659385e+00,-2.455442276070604279e+00,2.475100413016569245e+00,-2.279313716544522528e+00,1.074476873747937988e+00,-2.143393115766127011e+00,-1.531006454652113602e+00,-7.023265480466431843e-01,5.356475085082372800e-01,1.164324380474182907e-01,-2.670494767727904062e+00,3.372642500197986504e-01,-2.330189841899934500e-01,1.982262611410965381e+00,2.592448147899523825e+00,-3.367437332270529993e+00,-2.835612563081949755e+00,5.516034278819790249e-01,3.380095407328025381e+00,-2.269577258850100421e+00,-1.038479374943449995e+00,1.866407065046483238e+00,-1.299113081708810347e+00,-2.786622261886289031e+00,2.399615271944799400e-01,5.895272973749516865e-01,3.878820339648676452e-01,1.891859412620140235e+00,-2.990786787066591845e+00,1.353471541843460413e+00,1.374927514469099776e+00,7.735786469684442501e-01,4.401558067916693240e-01,2.367904763428707149e+00,-4.149929636449087411e+00,-1.392470000187115087e+00,5.866266741200861778e-01,-2.031482950135778953e-01,2.412276473930056175e-01,6.322408230093174986e-01,8.068357569624647896e-01,-3.727957208945841927e+00,-2.084046791247923025e+00,1.002635322370668769e+00,-2.836118744530609970e+00,1.994941645077628278e+00,1.354341895058926326e+00,3.152993770219629788e+00,-1.018308074079199432e+00,-2.324438724762914354e+00,-1.225548619557935037e+00,-2.660049681144854183e+00,-5.460830568497974102e-01,-4.298183743141017032e+00,-1.436372399119862031e+00,1.679570067013039125e+00,-9.936207588097806243e-01,4.596429573596709783e-01,2.766392424562075014e+00,1.428001121504309801e+00,-1.480717384783763801e+00,1.361701073218945401e+00
-2.974939618302314681e+00,-2.353779868418542698e+00,-2.148823557922753036e+00,-1.122242719071942840e+00,9.560306383594129320e-01,-2.029297387299933586e+00,-3.751075572634987587e-02,-2.302282679511066465e+00,-3.475450522707322243e+00,1.381693326053600401e+00,5.870568068820164465e-01,8.257911043673981100e-01,-1.756013124975733364e+00,-3.141361008971255142e-01,8.702883247195050131e-01,1.650572082260965967e-01,2.390832519546798984e+00,-1.188826031922308069e+00,-1.051403711299229826e+00,1.983325035553206828e+00,3.216380851632997029e+00,-4.109228417122288590e+00,-4.712380147654562368e-01,2.300304550788091262e+00,-1.066577117871751579e+00,-5.984912704992820798e-01,-1.575951218054041369e-01,5.349206181442213159e-01,1.688662447911316589e+00,3.463424815225333742e+00,-2.480394064744170457e+00,4.344367523910298345e+00,1.009504624760563241e+00,-2.682768551529329248e-01,2.074857041789030632e+00,1.396458839339485225e+00,-3.762935268370574793e+00,-2.188026566562690345e+00,5.272509145682484633e-01,1.945553039027805298e-01,-9.043795544393624652e-01,1.270977048611467763e+00,3.223785292902175303e+00,-4.026362852409102189e+00,-4.720750180990537892e+00,1.209632255839260928e+00,-3.820371277561067647e+00,1.344070412511933377e+00,7.156654463752156747e-01,2.180337717137784015e+00,-2.937480909853996458e+00,1.939411341116628051e-01,-2.387389826979589458e+00,-2.669734167299431693e+00,-1.824857433221491076e+00,-1.796357230022780804e+00,-1.626058158860899105e+00,7.539343612463420552e-01,-1.746538674146705938e+00,2.475448914672723877e+00,3.993800193002846832e+00,3.182125536855916259e+00,-2.607339400452641343e+00,2.088129294424115323e-01
-2.197577014874364743e+00,-2.156151956064785047e+00,-3.189126298877177135e+00,-5.692581417129636279e-01,2.135240735237717402e+00,-3.498826976353060392e+00,-1.424336856936915252e+00,-3.981880992318210577e+00,-1.832652256683182213e+00,-1.263257927644956036e+00,-4.677077751275617867e-01,9.690739744481770002e-01,-2.132082641085448760e+00,-1.059316741331046696e-01,2.010438667613513530e+00,2.292616733019098962e+00,2.144928819841549483e+00,-2.300800644524761296e+00,-2.158086885385922304e+00,-6.743499376219510566e-01,2.624654940564674632e+00,-3.078131966845334411e+00,-5.272317467839862104e-01,2.547656693069524358e+00,-8.189440486159675903e-01,1.403091224045350804e-01,7.405195573419773858e-01,-6.480658748088631294e-01,1.966326453912548677e+00,2.246218756733285637e+00,-2.381141040846148194e+00,1.283512715013448657e+00,1.785041265983764003e+00,1.688143881784652800e-01,1.863353348324050973e+00,1.552602144792725403e+00,-4.846105772095237185e+00,-3.998512203014602751e+00,-5.705284122875987629e-01,-2.760567788263864619e-01,-2.984604998670680742e-01,-1.225104772629579397e+00,2.466659138168044052e+00,-2.790591021808149996e+00,-2.808472659917031766e+00,-1.013995897672325563e+00,-2.309491207666635848e+00,1.737480124894299482e+00,1.027633467159343894e+00,2.258213176332712013e+00,-3.747720054045755145e+00,7.207820654575698427e-01,-1.708220475366047930e+00,-3.722640655400711651e+00,-4.023483956231477698e+00,-3.439376365606172659e+00,-7.388846577505583380e-01,-4.953489275227943578e-01,-2.607519928540059873e+00,2.108950677018640807e+00,4.083965613433209185e+00,2.008785045577326400e+00,-2.120541193764185373e+00,1.195974366094641805e+00
-2.196010178759566056e+00,-3.512038160540309928e+00,5.560152563043951890e-01,-7.010605495155801670e-01,1.832544997480323179e+00,-3.848942186614591865e+00,1.108516160944189366e+00,-1.693854111559492281e+00,-3.302387833351820845e+00,-8.397522265919455942e-01,8.766381219664030056e-01,3.358338848409977428e-01,-3.461863666155369224e-01,1.874843744732182627e+00,-6.725328244617800877e-03,1.140719231199082806e+00,2.882312664630627186e+00,-1.629990549215440954e+00,-3.212980726268138021e+00,1.094435603852901284e+00,1.436462814982939928e+00,-3.794104336143576006e+00,-1.804644635611773351e+00,3.699318649942308745e+00,-4.648688117305370682e-01,-1.680638007769895248e+00,1.461542270802408394e+00,1.936702486964292369e+00,6.429833512190509248e-01,3.711875217652646608e+00,-2.757543042151871404e+00,3.121862001868789704e+00,3.435110839664479165e+00,-1.837837519847368983e-01,1.514237010811144701e+00,2.429949013478550413e+00,-4.094336043430865324e+00,-3.803389261619988915e+00,8.255124690322734882e-01,5.752775664298876990e-01,-2.005026774556677993e-01,1.176724742633585397e+00,8.163926740262729131e-01,-1.795429292235261709e+00,-3.271177859379048591e+00,4.051846699992866507e-01,-2.765638567515162460e+00,1.467025929876542012e+00,1.829142246578964404e+00,1.427138722451720021e+00,-2.640581988434013816e+00,-7.124705937450109827e-01,-1.166566268636644033e+00,-3.866003192276532108e+00,-9.209850438438186293e-01,-3.476578421312007894e+00,-4.708422158883253106e-01,9.019455464737340389e-01,-5.900276602680671889e-01,2.455856691889807930e+00,2.457729748947400150e+00,4.277997498110448937e+00,-8.005934904925753326e-01,-1.171527555653054109e-01
-1.709288033099439108e+00,-2.795783768017518156e+00,-2.951170546450168519e+00,-6.136170276949367564e-01,2.156920940866882574e+00,-2.426859438842706052e+00,-8.528354931364093838e-01,-2.215026028690405546e+00,-4.003054125608384695e+00,-2.139624735420355250e+00,-2.183734001591284724e+00,1.256914786687800767e+00,-1.834092072999890632e+00,1.649226939446499118e+00,1.094950283083102160e+00,1.129499631236380530e+00,2.808938144145594507e+00,-1.501536115456572285e+00,-2.255231317680752134e+00,1.986557817469565501e+00,2.805884390477569212e+00,-4.705904360471799386e+00,-7.213138434363066676e-01,3.415497144802390750e+00,-2.384247250572000265e+00,-6.734827216533613159e-01,6.668042664960998067e-01,5.627866517968398430e-01,-6.946155889043814646e-02,2.403268670118697603e+00,-1.911054680310209086e+00,8.211494017531442147e-01,2.867719904609270287e+00,6.297196062992577170e-01,9.306681848792549561e-01,1.553141518379193009e+00,-4.159667182561505250e+00,-2.136709637203934253e+00,4.167513359393846817e-01,-6.381168797869931630e-01,-3.012426212546053250e-01,2.109126023369735092e-01,2.906934789081077497e+00,-3.911937339929623114e+00,-2.205112798586976730e+00,-6.663259127987950503e-01,-4.708689408600797321e+00,3.941641292572231503e+00,6.786156587459366563e-01,3.468654108744594566e+00,-1.185237909317754523e+00,5.503142850669759945e-01,-4.053355431352338556e+00,-2.625037231384720560e+00,-2.683642686868463301e+00,-2.428923666571062512e+00,-2.044809113075247708e+00,2.495282520654236169e+00,-5.666784472137971207e-01,1.986833012843689961e+00,2.129441236127559200e+00,1.105770632816312382e+00,-3.188463143677847000e+00,5.917808479840722669e-01
-2.092605358478639932e+00,-2.823165922955778839e+00,-1.210165788106441154e+00,-1.183178535539346043e+00,2.471190227503684333e+00,-2.672657952672390813e+00,-5.976429227376095499e-01,-5.772295490840729570e+00,-2.219798427363680382e+00,-1.317695241603308975e+00,-1.141889474324347287e+00,2.834479302342862717e-01,-3.167462824794972764e+00,8.339965007560080634e-01,1.218806065168706043e-01,3.520011403647175463e+00,3.787789472032955018e+00,-1.162000267496131833e+00,-2.100917639667456260e+00,1.084629621581808756e+00,4.408197478390591506e+00,-2.419789623544399859e+00,-1.609811801770849815e+00,3.057884691754733542e+00,-1.309910527693184612e+00,-1.257587878490037614e+00,9.255826981165204970e-02,-3.592046758865146128e-01,-5.277771272211917442e-01,1.656390566388971308e+00,-2.129747467022511387e+00,2.154471850715265369e+00,3.141777670236091780e+00,1.146914487488797652e-01,2.028577997195796012e+00,3.194194379780283199e+00,-2.831604208551373514e+00,-1.473230553561550416e+00,6.174874814839609316e-01,-2.910722967361696334e-01,-1.127146888925105506e+00,6.692894173128358659e-01,7.181261720950691263e-01,-1.391692273916474765e+00,-3.494889426913274644e+00,9.848164118079233420e-01,-3.632936874644983938e+00,1.664881006807585440e+00,2.302096444013313814e+00,1.659972138744744807e+00,-1.788089629271573999e+00,-2.041825575964803630e+00,-4.158497096707087781e-01,-3.140007352275667074e+00,-7.892797051893148952e-01,-2.910081059594189945e+00,6.095666006953217586e-01,9.650409868693881066e-01,-6.025250142774218887e-03,2.302224792616268445e+00,2.394699306538184747e+00,2.589178073795999513e+00,-3.904394269885355762e+00,-4.043392174160166386e-01
-1.651314010317162184e+00,-1.319532032207368921e-01,-2.910611207371410103e+00,-3.730596268006657334e-01,2.238986109344356379e-01,-2.850543179766824586e+00,2.136376502230608043e-02,-3.471265539010095491e+00,-1.506015760214117760e+00,-2.202305860685606298e+00,-1.609976235794762012e+00,3.802247642808009864e-02,-9.583961637626300378e-01,1.456871273601724415e+00,1.821321116190420586e+00,2.161074155605831493e+00,3.475365203771520139e+00,-1.270186857635648092e+00,-3.586105349783992757e+00,6.867006615383465240e-01,3.325476031304480440e+00,-4.233086541210223430e+00,-1.483301893787085213e+00,2.758496531128100671e+00,-2.118141771873022439e+00,7.213834750853780342e-01,1.353478938778505336e+00,-6.587533681050703471e-01,1.146202276442244372e+00,2.064522715198680913e+00,-3.062856629935819086e+00,3.117687308136081192e+00,1.875491249110189163e+00,5.899979092766831357e-02,1.135722290825857073e+00,1.968474890159689794e+00,-4.369544799387483636e+00,-3.533289357600867930e+00,1.553700072290735257e+00,-6.670231417114902417e-01,-1.196118584661354678e+00,-2.604670995845304038e-01,9.113423509778478815e-01,-1.094975010989223341e+00,-2.873807122727014107e+00,1.548466422131506537e+00,-3.740561656689738168e+00,2.560344871837312297e+00,1.742579502466413466e+00,3.718535880962480000e+00,-9.018162459013663312e-01,8.209853863165235133e-01,-1.944320441226772722e+00,-2.252822819337624072e+00,-1.775406827890646744e+00,-2.363344578869743362e+00,-2.240612610375583458e+00,1.154889424761226024e+00,-9.277990061431752311e-01,2.472622841956875650e+00,1.920125151364342475e+00,1.273190043248142889e+00,-3.530845311200769387e+00,-1.159991968229467929e+00
-3.370033167496513826e+00,-3.218768809167526612e+00,-3.151552112461984301e+00,-4.637428640882867992e-01,3.387951008843534950e+00,-2.704916993742923381e+00,-4.429631562646704213e-01,-4.243085649789449576e+00,-3.970142318615161425e+00,2.687755242323113247e-01,-4.578040885538107729e-01,-2.072955109102391447e+00,-1.565064602126230886e+00,1.140921653531605795e+00,9.141261589142949395e-01,1.990675703384984452e+00,3.845334434979693405e+00,-3.809646019190746635e+00,-3.437748004528339507e+00,1.209220155100663607e+00,2.410969747286668241e+00,-4.229576677373386495e+00,4.754050471470863126e-01,2.762531124482089595e+00,-5.724167253665435329e-01,7.251417391203975882e-01,7.029960451061340043e-01,-4.209723397182186244e-01,-2.083875531274938631e+00,3.510552950585495768e+00,-3.237675675012111842e+00,3.211726796349644530e+00,1.342599080347282925e+00,6.953489524322489235e-01,1.757333466375621267e-01,4.636424972916209697e+00,-2.582947325323972976e+00,-2.199931391292791805e+00,1.549561979962187808e+00,-1.251563334680581008e+00,-4.616750989054900778e-01,9.275205561925445874e-01,2.594675769706596746e+00,-2.728944383349096281e+00,-4.320893634621727486e+00,7.612223377565139337e-01,-2.368167915868643725e+00,1.481544159345241862e+00,7.689866066368928887e-01,1.619476642607388772e+00,-2.380498229827829881e+00,1.832993790440095694e+00,-2.857775587249697935e+00,-3.044067402488772611e+00,1.602862231608719323e-01,-3.339415258393863883e+00,-3.284761412817256976e-01,1.179216968024833001e+00,-1.140133896332314656e+00,2.095466100259829378e+00,6.992712596795476188e-01,1.975085196891907646e+00,-1.992722706390588572e+00,-7.889204534534284274e-01
-1.710056066775496930e+00,-1.925814172530832202e+00,-1.479847027841234119e+00,-5.021156239962607515e-01,3.274093878126276724e+00,-3.450983316388038347e+00,-3.595149655481783002e-02,-3.362934337198116186e+00,-2.285034780865249360e+00,-7.278504996217074474e-01,-3.442245529543436211e-01,3.268502587367649870e-02,-2.893318865679189944e+00,1.613901473742037851e+00,4.111655616838966187e-01,1.689817125164064793e+00,1.456016119144092791e+00,-2.372604373172820136e+00,-1.305074561787916920e+00,1.444260354981662942e-01,9.862471862361155139e-01,-3.354773624749243677e+00,-1.975443380434360074e+00,3.984804391221467679e+00,-1.356692333670067585e+00,-1.148422795143421160e+00,2.612629188650806844e-01,5.848025371016870588e-01,4.998256375038844235e-01,3.278539831549424743e+00,-3.312609727595355658e+00,3.124926107427837163e+00,3.311768839831553013e+00,-4.639952175553636871e-02,2.145304820810052249e+00,1.955527087222745486e+00,-3.194380112092685575e+00,-3.443360781144195748e+00,1.976514363554404241e+00,2.351674276048054124e-01,-3.487055270463201850e-02,1.559081645348351808e+00,4.371905214912620963e+00,-2.304758468809232852e+00,-2.557171897090102064e+00,1.013335739899665855e+00,-2.199037983132028806e+00,2.718304775310992127e+00,3.874929461113496565e-02,3.198953076213874702e+00,-3.300136691472304484e+00,5.389508024321825186e-01,-1.381273114903753374e+00,-3.102272514318501706e+00,-1.120661780510928240e+00,-2.499679851281964460e+00,-4.125941600389154140e-01,-1.548629920328563614e+00,-1.580438791292710476e+00,4.456288653898107910e+00,2.783758726054727184e+00,7.808747787587060341e-01,-2.147054060998194736e+00,3.735962319655062869e-01
-1.862478323641551192e+00,-2.553369291764526761e+00,-2.396456061514228963e+00,-3.369595269585489161e-01,1.733113061638333674e+00,-2.115521431198823965e+00,-1.066543128910703020e+00,-3.396053534721825695e+00,-3.228452811188843086e+00,-1.483661534895962975e+00,7.387199545077582918e-01,7.855662172525775810e-01,-1.848192390399517215e+00,7.495857174407795087e-01,-4.830194294821723577e-01,1.888327516728087296e+00,3.324845691241390622e+00,-1.449064585793769400e+00,-1.656598038810783935e+00,7.712408719201163665e-01,3.333712381150439885e+00,-2.724064505972051187e+00,-2.258355339010051921e-01,3.070007742178752164e+00,-9.542774526569031135e-01,6.543140050491180748e-01,1.938751397461263570e+00,6.942042409004636205e-01,8.529716552314523526e-01,5.890489288413395030e+00,-2.445805651982495554e+00,3.864231264995536375e+00,2.342475829255609376e+00,9.504931572959735009e-01,-2.481672702205326431e-01,3.440158088208492781e+00,-3.552273688976926636e+00,-2.377664835960803025e+00,-4.704194916043886732e-01,6.128616037580461029e-01,-3.503865810604974151e-01,2.679497334248491569e+00,5.679986496327935619e-01,-7.151409758493834090e-01,-3.402394569719972672e+00,1.072504684735543279e+00,-3.475167709077638278e+00,1.289140936603181409e+00,8.735814919322369976e-01,2.695996760037028483e+00,-2.645968749083618565e+00,-5.343918941919347798e-01,-1.935837247966667451e+00,-3.764629401639761674e+00,-2.386780647273485378e-01,-3.579451150654426428e+00,-4.706679005732830046e-01,-6.380809986353002117e-01,-1.617495923243663425e+00,1.888932102139677438e+00,3.135328179648412039e+00,1.585639553691034820e+00,-2.855306852263415962e+00,-5.374280868561719382e-01
-1.720045907830257459e+00,-1.858596121677433155e+00,-1.544223964465335053e+00,-1.231827288421179167e+00,2.154955114255892923e+00,-1.403167396751128448e+00,9.684139135785252428e-03,-3.452689203281290808e+00,-2.430988531715970513e+00,4.957538928852081028e-01,1.680899521603648861e+00,2.897656524574614978e-01,-4.126921479695808692e-01,2.444199922820270654e+00,3.260868003960831762e-01,8.285823261469960066e-01,1.491803992752415375e+00,8.650101488294739127e-01,-2.953119568504106507e+00,3.382747267051791074e-01,2.443847575220468471e+00,-4.349334088203441695e+00,7.797306286837695222e-01,4.579656056246458995e+00,-5.513110772100650037e-01,-1.827920155072469965e+00,2.818723575659231706e+00,1.580619150045962096e-01,2.367294217619189955e-01,3.437220725968081592e+00,-1.805877412356339917e+00,1.116777582350420461e+00,1.739570671057605100e+00,-1.734717471787630361e+00,3.134112479241528249e+00,3.696100735878342203e+00,-9.012547493354898798e-01,2.118185701147199396e-01,-1.772561196724619759e+00,-3.544765050944166385e-01,-1.063615645993788661e+00,1.997135075711762298e+00,1.581285634472635593e+00,-2.087824621917804713e+00,-2.801930555654645438e+00,2.391752771587789261e-01,-2.940236813457001386e+00,1.772214732487621180e+00,2.541144402019113180e+00,1.929952182459373056e+00,-3.948377059999840455e+00,3.541463985324770913e-01,-2.329308201472984230e+00,-2.614934792887116721e+00,-1.708698140623473583e+00,-4.147264419277132852e+00,-8.763362406560368800e-01,-2.851295980196685287e-01,-6.575871418789458467e-02,2.342597568276901576e+00,2.222448793646412124e+00,2.958628118277275121e+00,-2.210362712114043671e+00,2.620935031724934694e-01
-1.440649091809934834e+00,-2.284130932282942172e+00,-5.988154737491961921e-01,-7.158315426052489494e-01,2.351845419668951109e+00,-2.700086648122694832e+00,-2.020710779600920493e-02,-2.192747450776733942e+00,-1.203501643522969511e+00,-2.204540454290919271e+00,1.217837356597639253e+00,4.456055334181143746e-01,-7.744069506598152408e-01,2.916091532018913579e+00,-4.111053072849548684e-01,-2.720203426249945267e-01,3.268530573373903625e+00,-1.270366061082456088e+00,-1.225288977673962387e+00,5.221890114484660783e-01,1.873559436949393309e+00,-3.728793502308437091e+00,-8.616717645566105421e-01,1.386777114518015663e+00,-2.774182833233727052e-01,-1.000584864460854373e+00,3.305158810845679751e-01,2.279312569389446708e-01,-1.176936016010969865e+00,3.466717121212138597e+00,-4.934827520284672531e-01,9.487714446680135527e-01,1.900891031981780888e+00,5.069397561351317583e-01,2.478995677498871064e+00,2.920938119512073605e+00,-5.296239443779869660e+00,-1.294343124402213219e+00,1.518193519389306800e+00,6.349421229046807724e-01,3.692025140077646039e-01,2.023257653231264719e+00,2.435314453959122272e+00,-2.302907222880345994e+00,-3.909834537277875555e+00,2.653418454188433140e-01,-4.536230151134100552e+00,1.159517934990538679e+00,9.371619281384442335e-01,8.291023011632416839e-01,-1.928267955606459028e+00,-2.417100125877915118e-01,-8.297656692774039167e-01,-2.613125451052465742e+00,-1.536766439244945603e+00,-1.607306341031284669e+00,-1.611311672868795952e+00,-7.483265211889200685e-01,-1.999929955753882993e+00,5.884039485747660780e-01,3.259975568941105184e+00,2.176117584188109078e+00,-1.975679756944492826e+00,1.666795041883739836e+00
-2.583491344216983787e+00,-2.413178483184610812e+00,6.282178369724356060e-02,-2.472374345435042642e+00,1.360471145676609428e+00,-1.923092591500017878e+00,-1.490619647872792441e+00,-4.708386862700637110e+00,-9.459729528125293552e-01,1.068798332605409129e+00,-6.763589873213529668e-02,4.146481597493295590e-02,-1.695434778105242124e+00,-8.736897797769795915e-01,1.585427341317049876e+00,1.692888532676074309e+00,3.536883295753849410e+00,-1.843123508941597155e+00,-4.994067826674521093e+00,2.664909433667682626e-01,1.280330795126773502e+00,-2.418033173537634362e+00,2.460658819323049418e-01,3.555934222180081150e+00,-5.820656838759388219e-01,-1.072859963323176680e-01,1.230803870079717699e+00,2.354504650629096307e+00,2.012955890745654841e+00,2.734962264987621516e+00,-2.781534632811036634e+00,4.036578359662798654e+00,1.014211342240132208e+00,-1.079326444781088634e+00,2.159596472450548088e+00,4.151836552745223230e+00,-4.491926000361956994e+00,-3.157529978556027572e+00,-1.594418473532702718e-01,5.430839938371962994e-01,-2.904824965269633186e+00,1.262594835742835375e+00,5.874703467371598098e-01,-4.202550409162894240e+00,-3.091624337296301039e+00,-1.805520098536646856e+00,-2.673848917578505624e+00,1.974018696575110976e+00,8.177398143526967145e-01,4.042917955376685413e+00,-7.499986758358685446e-01,-1.925662848946812500e-01,-2.233273703674222954e+00,-3.154027732786267357e+00,-9.985134251322078658e-01,-3.634104705154950654e+00,1.128746886491652113e+00,-1.631925714638251979e+00,-2.572584408718005200e+00,2.937184578081770692e+00,5.249657603442623000e+00,1.258491433524812297e+00,-1.738755292540667075e+00,1.061543778307059149e+00
-2.814263097660370416e+00,-1.947681552876896038e+00,-3.309665128000957690e+00,-1.997667379571531399e+00,1.781515255634657402e+00,-9.737528537099136017e-01,-9.060443022658697387e-01,-4.017757205131659681e+00,-1.999059516935879355e+00,-4.382985531145255909e-01,4.326950732018691737e-01,-1.308985799448156850e+00,-1.551364722510512939e+00,1.982439109001583599e+00,1.153114516091858555e+00,1.499107922781933722e+00,3.171741472912651183e+00,-3.292868680946797966e+00,-2.394068050120598201e+00,1.486986348336257757e-01,2.626496325656491493e+00,-2.368384548930164701e+00,2.224439049469955076e-01,2.878263610532941996e+00,-2.307479879289698221e+00,-3.962540256463097932e-01,1.364515783875232646e+00,-3.880147400744857755e-01,6.955360931217380305e-01,4.424375773009499468e+00,-3.335694316752810806e+00,1.680078949867735316e+00,2.414348181624541123e+00,3.888938218506829969e-01,3.364581814567250806e+00,1.244894573876874633e+00,-3.976301749198210889e+00,-1.300479951787908206e+00,-5.858926736051589534e-02,3.517463947528571833e-01,-9.879116954647662041e-01,7.617848308277952452e-01,2.533514459132246266e+00,-3.787788128662955334e+00,-2.078905768632309581e+00,-1.679840274765973085e+00,-2.932662312451678410e+00,3.298732289330185807e+00,8.577148840136453734e-01,3.115542338145302015e+00,-1.921698703017608700e+00,-6.516438810044815622e-01,-2.186025513989826585e+00,-2.287679717924248290e+00,-4.070464368148833945e-01,6.440068607250326593e-02,-4.112999465528708321e-01,-2.983669326034706359e-01,-3.233081489286165677e+00,2.385787533451588338e+00,-3.322120195932658504e-01,3.444879610492834310e+00,-2.109380499589505575e+00,-6.268549444826345685e-01
-2.739526414606092697e+00,-2.385628724973159809e+00,-1.866829419180682681e+00,-4.473657962870074556e-01,2.601716119065978994e+00,-4.487447437460451383e+00,7.947616724484698469e-01,-3.774780204692686603e+00,-4.471703728727471017e+00,-2.363412156944421305e+00,-1.338193053898139251e+00,4.952797560563940715e-01,-1.025208700720580124e+00,5.461619011811704727e-01,8.113576622340779032e-01,2.322352163366198319e+00,8.051922416323749054e-01,-3.821594277143050888e+00,-2.135111474832762646e+00,1.076803596451292311e-03,3.185923525117449806e+00,-1.311227172393820695e+00,-2.711682007856855980e-01,2.446877243948978098e+00,-1.269150860191192720e+00,-9.585165768883084914e-01,2.512217815206083671e+00,-9.018413456962133257e-01,3.063850675622903363e-01,1.496512573838102655e+00,-1.449718329080585955e+00,3.140484273675666405e+00,1.926013597618341011e+00,7.168028773913753815e-01,1.335292138905168180e+00,1.599687887801885200e+00,-3.426585908791595081e+00,-2.813516186540259589e+00,7.788359748726503273e-02,-1.527462082987127490e+00,-1.126049391364973395e+00,1.211282593585579104e+00,2.013441429475799183e+00,-2.407934449816164779e+00,-2.667913240462532087e+00,1.031500073609001422e+00,-2.429718705673041157e+00,2.560441889294858608e+00,1.356566875715803588e+00,9.494928065342542745e-01,-9.894308614604594432e-01,2.710527127076716170e-01,-2.026673694499983913e+00,-1.546093526623295800e+00,-1.790467201407834219e+00,-3.240807489391750451e+00,-1.001118149985103178e+00,-1.355039344049267791e-01,-3.258683197637775031e+00,4.495277419804654784e+00,3.580612433876703360e+00,4.328793107599484102e+00,-3.059527106178741906e+00,1.177642389164031300e+00
-2.634274234841338824e+00,-3.362087786071505491e+00,-1.597185371061482506e+00,-2.481923114725383073e+00,3.401765588905426352e+00,-3.977673488808293190e+00,-4.391677588474050542e-01,-2.274372607093340548e+00,-1.719910153967997513e+00,-1.744911275505027781e-01,-8.404154804304900805e-01,-5.521367996186166138e-01,-1.653535060144210256e+00,-9.818121402788486662e-01,1.020816051561811655e+00,2.962779048662441461e+00,4.732540317239623207e+00,-1.739126050741636842e+00,-3.655037448956344193e+00,-6.461938865558447542e-01,2.689101945510928182e+00,-3.862377702619408826e+00,-8.155872041244255355e-01,3.964570890004742054e+00,1.143440574290812251e+00,-3.938145935143599896e-01,2.663164361250104584e+00,-1.956416529342801525e-01,2.254158711419678163e+00,4.131097774652053189e+00,-2.246903267020797124e+00,2.513790443847991440e+00,2.132692494948525752e+00,-1.333208736062561073e+00,1.738002399138094844e+00,4.130455763622218335e+00,-2.416910538058793190e+00,-3.038596215606904849e+00,1.160469265084550727e+00,1.068226491957881552e-01,1.199575606431871666e+00,9.264987152557718764e-01,3.227265636844248498e+00,-3.647600502759835717e+00,-2.051187470942706259e+00,4.835501208871473278e-02,-2.868836665827673826e+00,9.995090328507982846e-02,1.693367073230506392e+00,1.648430109388117515e+00,-2.439259325356997632e+00,-4.165752725075875795e-01,-1.835590859796085494e+00,-2.980338175323989258e+00,-9.958643699151799034e-01,-2.790219288901523154e+00,1.415075032014957213e+00,-1.092562265220014650e+00,-1.374253885568799127e+00,1.621223181106243416e+00,1.187044005715758743e+00,9.469320743620988079e-01,-2.290996736170423098e+00,9.986624059895673478e-01
-2.128781529731749167e+00,-2.177311593375355070e+00,-4.040373367428848894e-01,-1.079787457008673845e+00,6.026102733560225744e-01,-4.585002771963991641e+00,-3.500148023344483716e-01,-1.768660958773720759e+00,-1.505493206451539834e+00,-1.321269063594519011e-01,5.445819845144248550e-01,2.083981957738565427e+00,-2.856181263174581098e+00,7.540422611991689505e-01,-3.834200681789097231e-01,7.839885032372184703e-02,1.810787602930469919e+00,-1.312238605613419207e+00,-2.355939380943642636e+00,9.568123973002984339e-01,2.054062713435813148e+00,-3.902645759737285225e+00,5.195807897800146513e-01,3.369998667411207460e+00,-1.397785975688787596e+00,6.789912521710317339e-01,2.893571717305176705e-01,1.243556872447786787e+00,1.825794319734753701e+00,3.083419631014567841e+00,-6.819301098461307831e-01,2.577630478989587193e+00,3.566359811184434569e+00,5.530526114563207862e-01,2.645348122087337384e+00,1.849915380986068891e+00,-2.281464199738380216e+00,-1.800944360583385251e+00,1.152115772878326005e+00,3.828577034037755622e-01,-7.056344028858666517e-01,1.967219641979403466e+00,1.691319025412027166e+00,-3.334377361738572798e+00,-4.417720099895227293e+00,2.060439327358380091e+00,-2.786340103343440067e+00,1.593354663257996906e+00,1.110090475967440149e-01,1.291613932862487379e+00,-3.692895144191830070e+00,-8.746566721501463082e-01,-1.249039426316510326e+00,-3.798085387869483576e+00,-1.760300728886730726e+00,-1.733265431188093508e+00,-1.474055745644540671e+00,1.489132784423096711e-01,-2.868237323392818006e+00,6.653204001911650067e-01,3.179290438322989854e+00,2.279934983870230081e+00,-2.765404463306971650e+00,3.182876136397709832e+00
-1.544336350343236797e+00,-2.592062541600947956e+00,-1.552313440790978660e+00,-1.809738344443175606e+00,4.253411213408410774e+00,-2.790313641991282179e+00,2.127693540259152361e-01,-2.189158881961787539e+00,-2.101988825412623552e+00,-2.040783783124620054e+00,-1.268842533294430197e+00,1.536430411134888097e+00,-3.410627076227363830e+00,1.570425749606147559e+00,4.881689138417050766e-01,7.413601635355776542e-01,2.277717006427317781e+00,-3.474785502156381156e+00,-1.849846837628956298e+00,1.836071161446769517e-01,3.474564344818440009e+00,-3.067804397780346193e+00,-1.382069758356334166e+00,3.644988791854830712e+00,-1.959750402943633008e+00,2.154831111389061249e+00,3.282454987586387318e+00,-4.619693969784165466e-01,1.108846833877599414e+00,2.360869719442072689e+00,-4.198689525993849259e+00,2.141659583014774881e+00,2.877293062138773116e+00,2.202381695444117771e-01,7.870895718749644221e-01,3.748004763891464641e+00,-3.375126924474246337e+00,-1.857430926265493998e+00,4.714538794637696539e-01,6.201917319304079967e-01,-1.257219674131949017e+00,1.019769589130874676e+00,1.103203847789434366e+00,-4.246142877132171201e+00,-1.349122033570901769e+00,-8.574497479158624813e-01,-2.737949563749295656e+00,1.963894527858560446e+00,1.441015359646523830e+00,2.861036094177946687e+00,-9.637291023436121984e-01,-4.416678421911557351e-02,-8.236046812514907778e-02,-2.802193765886356047e+00,-4.096573961067960568e+00,-3.397877073235445078e+00,-1.459940259084886449e-01,3.915885735469508688e-01,-5.298855599284102436e-01,2.145648535729830719e+00,2.394642379972503399e+00,1.142923894876241464e+00,-2.093719385586527260e+00,-5.183331031777196340e-01
-3.240948645400052008e+00,-1.818696560058614020e+00,-1.915287158957944325e+00,-1.075946414508420768e+00,5.805649459895478870e-02,-1.936362163433090533e+00,9.086271646534649360e-01,-5.387992257222466108e+00,-4.199507136558592535e+00,-4.860106871237723780e-03,-2.690862087469508834e-01,-1.641876627601421834e-01,-2.667748620519938552e+00,3.524150530369236645e-01,8.383858398582250127e-01,7.171968317104396862e-01,9.725617852187220524e-01,-2.155256458327575064e+00,-1.058865170638235709e+00,7.209740773155546290e-01,4.425497195233837111e+00,-5.728416100267552657e+00,2.558512770344283371e-01,1.297205487987645567e+00,-1.420115322737552033e+00,1.276918808139940742e-01,1.427560946292488309e+00,-1.132870499112573981e+00,1.097569424891991385e+00,3.137555915991005140e+00,-1.268599818226012754e-01,2.008932350286829482e+00,2.258372657400453232e+00,7.478201273029845553e-02,1.838316564111647455e+00,2.843174491597500797e+00,-2.721331531427549244e+00,-3.484012508188077728e+00,-5.081912705035399602e-01,1.438506308208039819e+00,6.136057313053138174e-01,6.362753695221905481e-01,2.449595929145215401e+00,-1.443357040439084527e+00,-3.452263373840998018e+00,1.769416161404813725e-01,-2.512615798447099369e+00,1.927214035675284709e+00,2.030346163420210903e+00,3.174957337997727613e+00,-2.128228312491155627e+00,3.034259412059108207e-01,-1.793653592904712379e+00,-2.961014766084438143e+00,-1.941163501260525504e-01,-1.213874549146418458e+00,-7.569171096374747165e-01,1.473760460284611939e+00,-3.442170437051691234e+00,2.628570543741474363e+00,2.791594815563116505e+00,1.878184030716899322e+00,-2.528298542911836311e+00,-1.132591267479656216e-01
-3.764959723437767636e+00,-2.253290100766813797e+00,-8.290049651138593489e-01,-1.279104107006212132e+00,1.828753054243830167e+00,-1.184952717551505552e+00,-7.931319939057497326e-01,-3.070266928362779701e+00,-2.743164022479708031e+00,3.981945327412872437e-01,4.469840844100259059e-02,1.295745819724359427e+00,-2.447132902568053936e+00,1.837394706943253908e-01,1.863559483955304019e+00,1.445752469873975654e+00,1.677582983670995898e+00,-2.614293267575233060e+00,-3.078283156258080133e+00,-3.836660352019638509e-01,1.188428765378777507e+00,-2.391356134602167671e+00,3.953092316829165398e-02,4.108039137327626378e+00,-1.987549688689381089e+00,-1.206563209106856327e+00,1.418506972810610778e+00,1.221571513493536321e+00,1.901906556977144502e+00,4.013081008000186856e+00,-2.516246280115654432e+00,2.267004097922031391e+00,2.411302914034759937e+00,-6.000995191055388256e-01,-8.615846428684292846e-02,5.405832688485871174e+00,-3.320445766961598544e+00,-1.106650998364305361e+00,-4.516178486180716378e-02,1.785345371558657579e+00,-1.362295050565648924e-01,1.565453800038680843e-01,2.046650069287621054e+00,-2.212409705529980286e+00,-2.292695782665017390e+00,3.112886717500104261e+00,-4.007917661789375252e+00,2.059042556074718089e+00,-9.551498611745947720e-01,1.937866805904324252e+00,-1.869384810406235609e+00,-1.037629025754940315e+00,-1.375562527595779683e+00,-3.313138435003127658e+00,3.037370641562147089e-01,-3.625359146018590550e+00,1.096987095384895916e+00,-1.889789558059973007e-01,-1.907478822302502319e+00,1.134308579042146770e+00,2.734306488372289845e+00,1.763340547193961827e+00,-7.721174986626413439e-01,1.347933591846264045e+00
-3.169572945519697704e+00,-1.653724003775487450e+00,-3.002265011715980592e+00,-1.326048681520919148e+00,2.274777868198391229e+00,-1.981473255042853987e+00,-8.123701543887346110e-01,-3.949952308307269178e+00,-3.111072770474576643e+00,-1.557891574352992192e+00,8.144217548947794150e-01,4.742144511097342585e-01,-1.825130593066631945e+00,9.148570221149021631e-01,4.025648134968337066e-01,7.961827679151334269e-01,3.812460552042900908e+00,-1.133755388684086096e+00,-3.621395978345767208e+00,-5.736421960063433634e-01,1.988286616049407263e+00,-4.164326560653826448e+00,-2.647027762708433207e-01,4.170141145565327001e+00,-1.497415359264988144e+00,-8.963439894793339136e-01,1.691363523541830283e+00,-5.913195317492246916e-01,1.225074035363576286e+00,2.103475039496053967e+00,-1.579149461807324961e+00,2.735918129910372976e+00,2.531353995934369827e+00,1.392749971979683421e+00,4.802980355416450742e-01,3.683704243852953031e+00,-2.778363473539619655e+00,-3.107262604193062216e+00,1.252966023159643560e+00,1.841067391359666905e+00,-1.201925913750994779e+00,-1.459623811922627912e-02,1.388923828057840426e+00,-2.252060732738756066e+00,-2.184770321780908020e+00,8.902000650232743117e-01,-2.836615492667788008e+00,2.501246139843396499e+00,1.938220125535250915e+00,3.238182086137588289e+00,-2.207303505877696637e+00,-2.181005482168019149e+00,-2.377338107784022547e+00,-4.381225092965548740e+00,-1.586022786731732248e+00,-3.276888471821624460e+00,-1.175556721241301839e+00,-6.936523922739717962e-01,-1.186670329053215456e+00,2.726267355284978766e+00,1.343518063115236583e+00,3.134914100725353592e+00,-1.825404317188326742e+00,2.940393625262919808e-01
-3.172696119287084393e+00,-4.309783874641274437e+00,-2.606449576019060910e-01,-8.260262619601252965e-01,2.790619147507711340e+00,-3.584145497860943497e+00,1.855404334891473939e-01,-1.931126016635477116e+00,-3.654251852630165054e+00,4.936734989258981798e-01,-1.344610415076133991e+00,7.587404676021701766e-01,-3.683461210510641237e-01,1.098958847590628674e+00,4.551894849751051964e-01,2.764265595238487805e+00,1.302216208760446747e+00,-4.702723136537287019e+00,-3.249323032222229291e+00,3.810171590304279321e-01,1.191496841066356227e+00,-2.463743607193258356e+00,-2.153249836842826337e+00,2.325044655216040201e+00,-3.901839812407528196e-01,5.084823855160631734e-01,2.188905519372299491e-01,6.109233492233179241e-02,-2.385796218213687148e-01,4.130610406434811033e+00,-1.292104297783389200e+00,1.772246927480043865e+00,2.842496567371428196e+00,-4.599616664928852794e-01,1.310525401496847708e+00,2.715458181473086707e+00,-3.759622976514720882e+00,-1.621125138267854204e+00,1.931749719319513225e-01,7.869138713079431025e-01,-3.349556581827219492e+00,1.109459033965394248e-01,2.182687087969755968e+00,-2.385478444706857992e+00,-2.038953561019681171e+00,8.335977013575683880e-01,-1.812165795304457871e+00,3.601521434834447088e-01,9.410075064060688943e-01,1.812398645166385158e+00,-2.475279631077892617e+00,3.071254217247068041e-01,-3.767112539538808313e+00,-1.398978714691811565e+00,-1.006601888912315168e-01,-3.354756247511189837e+00,-6.755504807076836427e-01,-2.374279133758207205e+00,-2.672291937656425365e+00,2.018002057747476652e+00,2.914444562502307434e+00,1.082506652236668199e+00,-1.474999830573585857e+00,-1.153134050074726469e+00
-2.283228038290798789e+00,-1.886730594596444099e+00,-3.998626020688256233e-02,-1.299636629559505430e+00,1.405610154867528161e+00,-3.368438918006857463e+00,-1.985012170060264314e+00,-2.628672170005043718e+00,-2.636699992160711492e+00,-1.941560621735427539e+00,-1.497464006184995533e+00,-1.962653987853332227e-01,-1.793219643406882335e+00,9.255705604059500935e-01,1.135226501693325396e+00,7.097307727066978211e-01,2.241386800773033539e+00,-4.029153136186136130e+00,-2.849247340826771779e+00,1.174944015606576908e+00,2.419502339845603256e+00,-3.397747522046851820e+00,-7.052995275438631584e-01,3.674549117663489906e+00,-1.798545781605054295e+00,9.541042712612293197e-01,1.979588331251142197e+00,-1.354902104573854293e+00,-1.103911207810625905e+00,4.018607221424904452e+00,-9.600215777406919671e-01,1.505164544948759842e+00,2.254257640073122904e+00,9.802847818820205061e-01,1.643852761715382860e+00,4.127961941294881143e+00,-1.998914868624239727e+00,-3.118183239397608553e+00,5.250841920821103237e-01,1.559122394525893407e+00,6.387376656231953387e-01,5.967213953241665703e-01,1.240125461998761169e+00,-2.378393235925032378e+00,-2.818891800991526253e+00,1.567791060304373207e+00,-2.440645070326023180e+00,2.561359872481636213e+00,3.581699232263379162e+00,3.076000204141309702e+00,4.210379862643121029e-02,-7.691373728203739768e-01,-2.541348372819363099e+00,-3.858815061491002840e+00,-2.220003222912164009e+00,-4.554103681869387188e+00,-1.958409593199688992e+00,-4.631149999002711626e-01,-1.706167357810762564e+00,3.013117147376778604e+00,4.383920940885417394e+00,2.255339418023791342e+00,-2.375187707473266130e+00,1.067874629228118266e+00
-4.682583540352387885e+00,-2.601883866884821206e+00,-3.996961769113811513e+00,-9.967031762773228554e-01,8.549024760043123505e-01,-8.554054683777345680e-01,-3.188150604804930177e-01,-3.102778784285252556e+00,-2.465365224879235928e+00,-1.968746464862728640e+00,-3.332460393279920718e-02,9.622615299779887499e-01,-2.010443185612145633e+00,-7.296985584330535346e-01,9.516267707589765035e-01,1.879221572071235080e+00,1.377919395774474420e+00,-1.873496437776391632e+00,-4.409325707374643244e+00,1.076966086763583741e+00,2.985797493391298740e+00,-4.403035386294086528e+00,-1.567688169923141750e+00,1.311302718259601763e+00,-8.000369575535223321e-01,-2.932925262347465534e-01,2.740263869923275086e-01,8.487118305850005484e-01,-1.425819626348476810e-01,2.754110922455031307e+00,-2.737359181486481940e+00,2.702059073187792926e+00,1.552312109814046437e+00,-7.440555710314398219e-01,1.025818886184596046e+00,1.430972212864152437e+00,-3.439388591634527703e+00,-1.018643038491722219e+00,2.036212302191286128e+00,7.978108064865550020e-01,-1.263349675051240295e+00,6.552180876498536755e-02,2.235585905857972122e+00,-3.484894552917894739e+00,-2.958535530821579940e+00,3.298005807845239001e-01,-4.186045845404710697e+00,1.980493640725734306e+00,1.221138974546080114e+00,9.466462879668029462e-01,-2.236808482979478097e+00,-3.401155641216622727e-01,-2.593746179247680139e-01,-2.394336203986902945e+00,-8.578188096064922608e-01,-3.310362755046539540e+00,4.544417722143572202e-01,5.126811491092442274e-01,-7.989908440409123624e-01,6.702192161583688801e-01,2.865044227493581452e+00,1.871493864372242522e+00,-2.579951111088781612e+00,2.023215330575596771e-01
-3.906418359154620656e+00,-1.952453106318216225e+00,-8.192367737317106657e-01,-3.350092358584721985e-02,2.253258375948639536e+00,-3.663063295308093270e+00,-7.590406982367911559e-02,-2.936877899111669077e+00,-2.542376545059326975e+00,1.509126928814914503e-01,-4.770181301547803399e-01,1.088076006798556483e-01,-2.459115659388637631e+00,-6.126661507328290401e-01,1.061510569977064167e+00,1.567768172518371639e+00,6.977885471325004918e-01,-2.731187516369113499e+00,-2.257408413639062861e+00,-2.838686203848268530e-01,3.454018527904558322e+00,-3.166054803873021406e+00,-3.187644721395824776e-01,2.434582315136525565e+00,-1.329142534893714256e+00,-5.454096024130234976e-01,8.213219517624065213e-01,-1.359292967219413395e+00,-7.026739340003849144e-01,4.012600498078469080e+00,-2.892696121765635731e+00,2.742713689372383357e+00,1.717080488808758520e+00,6.857198357882340334e-01,1.359777428155684476e+00,3.816898834933815099e+00,-1.505877214968704969e+00,-1.459112077709015853e+00,1.273402647923459030e+00,1.134727711433120678e+00,2.759439498808746727e-03,2.603423544899028830e+00,1.411459877721255030e+00,-8.249388094372660518e-01,-3.512785629793067965e+00,1.347388003583213534e+00,-2.906877481118252504e+00,2.622668750135987992e+00,1.061551661898782584e+00,2.188738176198935736e+00,-3.149301016801599573e+00,3.310367983733051300e-01,-2.699112805223167211e+00,-2.865880057157907945e+00,-1.475779670579995484e+00,-3.002268579570520401e+00,-2.479255864673996612e+00,1.938236570891887500e-01,-6.309567552914863153e-01,2.793414219740485205e+00,2.675198872823444152e+00,3.153925971968496444e+00,-2.135245858684219122e+00,2.971444542880439688e+00
-2.178209798081883974e+00,-5.834546618783820193e-01,-2.573348957778593515e+00,-8.138101824891437186e-01,1.351154017993757561e+00,-3.017208919857989446e+00,-8.542701410446250643e-01,-5.342355024519500617e+00,-2.624400619901436027e+00,-2.390601689954520159e-01,-6.360465689016653323e-01,-3.993380606077120420e-01,-7.042167698825139155e-01,1.298590868217859295e+00,1.836279382072806721e+00,1.022884411162142682e+00,1.788575983996501861e+00,-8.802642460946719094e-01,-1.758488520410694367e+00,-2.543266698489002886e-01,3.698264675710616345e+00,-4.490366834961803555e+00,-7.105733966946756741e-01,3.356940735465117953e+00,-8.199909753996911244e-01,1.195007642776679813e-01,1.911240789338423784e+00,-1.760695245102148476e-01,1.351917830445223068e+00,3.004907773523054271e+00,-2.731589852739063851e+00,2.979706924311531058e+00,1.926275334527533634e+00,-8.935754079869786537e-01,-8.521451846300980293e-01,2.741344162043859889e+00,-3.969027197860790057e+00,-2.766471166831466100e+00,-1.020632486126262783e-01,8.948102291545370068e-01,-6.713808825609164366e-01,8.930246505104912913e-01,2.430907627282442363e+00,-2.251560759022606106e+00,-2.363921706255529998e+00,-3.258320143858650653e-01,-2.562607924340028376e+00,5.394424612878070402e-01,-1.446607810026150354e-01,2.059461401733655883e+00,-2.141271690940767414e+00,3.872626808379910912e-01,-7.205054285692666927e-01,-3.814682213365863994e+00,-2.795597666699936923e+00,-2.642553854671768399e+00,-1.667803668696916874e+00,-7.524830746224917544e-01,-1.768812440311734013e+00,4.183478118792610445e+00,3.381344580876448180e+00,1.638404208970744902e+00,-1.000942380201179427e+00,8.490610497731848616e-01
-2.990511624253192391e+00,-3.124308526650426465e+00,-2.886847600905951161e+00,-1.737710361380253143e+00,3.671289315515840812e+00,-1.998015204120032973e+00,2.001207685709891493e+00,-4.346800715308080321e+00,-3.547651356879577556e+00,-2.735854443060362629e-01,6.064169418013543034e-01,3.706214956711971209e-01,-2.980104015604333689e+00,-1.410081994288038043e+00,6.974326346938476417e-01,1.766660136010291815e+00,3.008872989538951437e+00,-1.869707755844966846e+00,-2.001047742460295709e+00,-2.215840387357163044e-01,3.891685478016423172e+00,-3.356505724211025221e+00,-1.290733870882050827e+00,8.931166687207667820e-01,-1.428125544043010287e+00,-1.256015533128048922e+00,-1.245419499660915807e-01,-5.556036005855966020e-02,-1.199548663428121609e-01,2.813186294595173997e+00,-1.529159451438943496e+00,5.003788922824314866e+00,2.644213919764769827e+00,1.401906525292538230e+00,1.479264275796361217e+00,4.150217301096596145e+00,-4.007118640799966158e+00,-2.738822278958322087e+00,3.331048765198035833e-01,1.379949785655967709e+00,1.485518041424714664e+00,5.547549879338468104e-01,3.837116003987614654e+00,-2.285877806980498583e+00,-4.527715291554423871e+00,1.453140388575573594e+00,-3.246023914796741572e+00,2.992301051910791543e+00,1.175028611889606278e+00,2.204036333706997475e+00,-3.569829181121252581e+00,-5.305579485984909249e-01,-1.597539660247508264e+00,-2.140386782236716190e+00,-3.952536844481402412e+00,-1.921301691091701347e+00,-4.210362638541051972e-01,9.348210008727568798e-01,-3.462410043770271173e+00,3.020112807925575016e+00,3.921502110800402896e+00,2.225685105713872680e+00,-1.996589775320896099e+00,1.778295628494249159e-01
-2.860888058938036771e+00,-5.702965278065637911e+00,-3.203234796478071189e+00,-9.189538449281791088e-01,3.231392871076962159e+00,-2.529351766153999037e+00,-6.420934916346178190e-01,-3.234445237397736594e+00,-1.778044010077849624e+00,3.196545407391166993e-01,-1.557210798195135526e-02,1.381462169518771876e+00,-1.111797639670982329e+00,9.651880422061061005e-01,-1.649894456291867595e+00,3.586328207285863101e+00,4.846419513845492411e-01,-1.550226655471729886e+00,-4.477587201175180276e+00,3.383189648150984330e-01,2.921885497532449083e+00,-2.731989770154997110e+00,-7.866331691084256228e-01,3.574746469517537051e+00,7.725001268071873817e-01,-1.255333166038105297e+00,2.053863381992476977e+00,-1.254798570941913494e-01,1.438950563647999892e-01,3.599689202362740481e+00,-2.333428603665637091e+00,3.797919752558422068e+00,1.706067716587347682e+00,-1.719195343591288339e+00,3.437075249302139923e+00,3.060059750654791078e+00,-2.875206059122919378e+00,-2.465251002826883475e+00,-1.211088118403680358e+00,1.041179551641795986e-01,-1.001421640884271325e+00,8.378263690129174046e-01,-3.065654559275552415e-01,-3.454855055331462754e+00,-1.944564610643970459e+00,1.827172543577834762e+00,-3.630434984102635987e+00,2.609844530151198327e+00,1.101509074414612099e+00,2.788397550162930560e+00,-3.012415350445595053e+00,-1.497373730605297659e+00,-2.448840889814514199e-01,-2.847166077336392931e+00,-2.219020379389318620e+00,-2.375775616325708217e+00,-1.770149964869162762e+00,1.024586677095003839e+00,-1.441957582519535208e-01,2.965367284349260224e+00,3.693077164981119598e+00,2.441016341513992494e+00,-4.313587410058863369e+00,4.933892724974099364e-01
-3.728374231988278442e+00,-1.303168725815273321e+00,-1.164068129043668520e+00,-8.559721637906302361e-01,3.300593050510160609e+00,-3.265413629237427173e+00,3.685842939724637279e-01,-3.654749709207484543e+00,-2.247641392219953627e+00,-1.821169095059515408e+00,-1.734526457869542071e+00,1.425108443560546112e+00,-8.240330033094982465e-01,7.420693830196162244e-01,4.496195070306185926e-03,1.434235154362265341e+00,1.566933797854884958e+00,-1.929943422606071657e+00,-9.034327704455453745e-01,-2.194491317795559393e-01,2.325568063869904556e+00,-3.124782489510587347e+00,-1.404834300314085072e+00,2.546936587703768851e+00,-7.230840531600518650e-01,-6.948201188562562747e-01,2.342711143854247169e+00,-1.750791862063705295e-02,1.069967460993249020e+00,4.182114217681101920e+00,-1.955607187609133879e+00,5.994334508049403709e-01,4.519130238763631624e+00,-1.279220130577649606e+00,2.033916613165544174e+00,2.684841093442309923e+00,-3.353961772066056390e+00,-9.520108179322099851e-01,6.348883559631801621e-01,8.213696779342773979e-01,5.410520963301421737e-01,3.906198708243940887e-01,2.289856371746288755e+00,-3.699543530796106872e+00,-3.072356280777071458e+00,1.116557832472355738e-01,-2.967211867888198018e+00,3.850433537610642887e+00,1.837666339749312039e-01,2.078928725837072111e+00,-1.033329051856970437e+00,-1.815476350444959586e+00,-1.181435130553633250e+00,-1.448568484303822013e+00,-1.676379253487623178e-01,-1.046873964886120056e+00,-1.309736954109343099e+00,-8.665931929037422599e-01,-1.954291012865843502e+00,2.452323523976692066e+00,3.593209487454037454e+00,1.499801817695538553e+00,-2.427633536683578175e+00,1.614240433414572573e+00
-1.962052968319567769e+00,-2.148824836372809965e+00,-7.669907467596186468e-01,-7.823586948472065483e-01,7.523324435077225480e-01,-2.894894217209071030e+00,5.304594974032565968e-01,-3.904007919858817122e+00,-4.365009100480361504e+00,-1.401319402257362512e+00,-3.379530248106146217e-01,4.579907805862154513e-02,-3.164091701057174522e+00,7.394840755260309040e-01,1.833291375428632630e+00,6.853659679980166342e-01,1.063196295584702966e+00,-3.871984493361568802e+00,-3.634595788002858541e+00,1.292494333168188181e+00,3.876275795463267393e+00,-2.919516084612008733e+00,-1.345864772042840940e+00,2.513930882655561305e+00,-8.964701322769199621e-01,8.795183623434188469e-01,8.091945859578797418e-02,-1.612212757581548139e-01,-6.009240399435062940e-01,2.863827377266099816e+00,-1.631979829514508484e+00,2.301960818557505561e+00,2.159917261124513654e+00,6.523767535467382972e-01,1.920591251730977556e+00,5.784535766387305600e+00,-2.458124377869188137e+00,-1.940849578457362945e+00,-6.648152115446642751e-02,-1.006549023311601010e+00,1.347302360830688883e+00,2.129030570133020328e-01,7.577679188783139619e-01,-3.303238598955651639e+00,-2.681648947329696941e+00,4.331734426682322114e-01,-3.485036744265684661e+00,1.024552523669052473e+00,1.010441052146299645e+00,1.929965200575823658e+00,-2.625268300821317347e+00,-1.728638357697967587e+00,-1.947368400403430844e-01,-3.111218496491931607e+00,-4.989338502989929536e-01,-1.615199651555429661e+00,-1.498121876788441664e+00,-7.211611350227153938e-02,-2.136839810175404253e+00,1.331451734935082065e+00,3.850720144210634022e+00,-1.731562704408338149e-01,-2.347474369680993878e+00,8.341550056604554175e-01
-2.634967291928327793e+00,-2.515986774489002098e+00,-1.185435034312541713e+00,-2.421554314907446326e+00,2.374975391210062625e+00,-3.361136700734540739e+00,-8.104325319924640669e-02,-2.573131705434330119e+00,-3.069592652195120230e+00,-2.382504961117319020e+00,-1.103547811376454302e+00,7.188520454964140161e-01,-6.897142179772468573e-01,7.928618712809132330e-01,-3.822327487123424739e-01,3.693549160436235823e-01,1.807057414782739846e+00,-4.199826844413878213e+00,-2.386777780491500245e+00,-8.679622890087035358e-01,2.615790735440212789e+00,-4.017184373100221251e+00,-2.169635596612587314e+00,2.415936502518551965e+00,-6.432149674541871587e-01,-6.277248413665554860e-01,4.396374880712919930e-01,-1.912951044493196529e+00,-3.687725268215437113e-01,3.726317685085070330e+00,-1.310536307780791443e+00,2.729685552244013547e+00,2.773134564225895105e+00,-1.190003628119993717e+00,9.617865198370084689e-01,2.851880675724599801e+00,-2.385944861385085325e+00,-3.788755128706613462e+00,-4.625144711070939829e-01,9.485677195967368025e-01,-1.394019358089827021e+00,2.015367883907903668e-01,8.053037211485707392e-01,-2.786714616648495735e+00,-4.062057564859191672e+00,1.179330163313982105e+00,-1.771151942537128487e+00,2.235376381876328811e+00,8.887309739366244798e-01,1.956090619783344753e+00,-8.193591659001304706e-01,-1.588308192102709349e+00,-2.729239351489101573e+00,-2.488830271625362300e+00,-1.908243103463554302e+00,-3.283593396274974374e+00,-1.194109869068541663e+00,7.505461267432944616e-01,-6.643984447507336188e-01,2.698969822281074737e+00,2.798070322929002707e+00,3.392607217156814237e+00,-2.361267011984264474e+00,1.619105311257596602e+00
-3.614253638661925727e+00,-2.963345394646596187e+00,-1.048428882492652869e+00,-1.551196373969808029e+00,1.990965569425998449e+00,-3.984950063562278100e+00,1.189197098308296008e+00,-3.571460371868536043e+00,-2.967354595471471512e+00,-9.756612773317275833e-01,-1.052092226905765315e+00,-1.496059920619771111e+00,-1.062866278687381261e+00,7.950111403691320078e-01,1.786556113986677019e+00,6.266528450603329192e-01,3.759302501812768149e+00,-1.171684766202919281e+00,-4.446504116405563423e+00,1.183903454374798603e+00,3.231478329440166330e+00,-2.516545435102241157e+00,-1.929923556343192903e+00,2.886117130669524578e+00,-6.614357714640102248e-01,3.968252362970441371e-01,1.238199542269589504e+00,7.754153791940001650e-01,2.493446810662577562e+00,2.952807585088816023e+00,-1.791832507069943903e+00,2.125320674151736977e+00,2.710338332028202402e+00,7.868524664559028992e-01,6.374550811519431592e-01,4.285178075363880623e+00,-4.225594821307743665e+00,-1.319554020352724732e+00,-5.374768390531972084e-01,7.512168487407460127e-01,-2.854140961014378419e+00,-3.530580339126450085e-01,1.672724345335853791e+00,-2.597902536616210956e+00,-2.457648513474596896e+00,1.095395203217077951e+00,-1.741828530600039837e+00,1.990409141689321260e+00,9.618567703572070693e-01,2.749505223194765424e+00,-2.209212089287019509e+00,-4.687641402879381691e-01,-1.958946066376080930e+00,-3.398385983580928027e+00,-4.435868743655644320e-01,-3.044526602226580891e+00,-1.389018000250661355e+00,5.815257595310180383e-01,-4.649439722653108120e-01,1.400987616465699137e+00,2.590994806699746356e+00,2.617637909334149526e+00,-3.871388912670786553e+00,3.723928855932207571e-01
-2.454521791629911132e+00,-2.833332694434170129e+00,-1.517203129606746970e+00,-8.206687399911960501e-01,2.751298658025797650e+00,-2.538337651716032095e+00,-6.386468027699330197e-01,-3.937679299143527434e+00,-2.479240186919828837e+00,1.272929184264266045e+00,-1.006341344878979527e+00,2.446460442952479220e+00,-2.812631658121496514e+00,-3.544258330014504743e-02,1.607224376935082688e+00,1.581440109893653689e+00,3.224743467582991130e+00,-1.526109681790177586e+00,-3.724583100187622620e+00,1.569747551964888244e+00,3.819646097268248663e+00,-4.322256392716920637e+00,2.944161252990418198e-01,3.621352700567946226e+00,-1.512189372416823385e+00,-1.213072783303602797e+00,1.171375240753780966e+00,-6.657063909073517305e-01,-4.683915950074587498e-01,4.569555060397413548e+00,-2.668274484759999954e+00,5.464044078709800800e+00,1.443084577150615111e-01,-6.409149303420376143e-01,1.897321319609805546e+00,1.149635544389538300e+00,-2.802835978407363093e+00,-2.720173140323188576e+00,6.004797997528027453e-02,1.344661926796824059e+00,-1.963399811753958835e+00,1.744333802083664953e+00,1.399255007523480865e+00,-2.215204638835707840e+00,-2.975612671854510172e+00,6.146915188085059212e-01,-2.165657575959595516e+00,1.842123315650503468e+00,2.344536466434225197e+00,2.661638062673271854e+00,-3.227335405185458583e-01,4.144751057938258487e-01,-1.425836394340046720e+00,-1.247815734294535073e+00,-2.094708619770266456e+00,-2.874349029297785130e+00,-7.817424463285227443e-01,-1.772342485719006766e-01,-2.863842362824474019e+00,2.800217784479952510e+00,2.119431400307089319e+00,2.020101717062062541e+00,-2.819421101112640216e+00,3.021096263342858967e-01
-3.907371216995731089e+00,-4.837342431026799616e+00,-1.637806460879122517e+00,-5.967814138289989634e-01,1.751822199236691802e+00,-3.369855477447845082e+00,1.500534174615003602e-01,-4.435552404831704543e+00,-1.811405166126736965e+00,-1.938449345418547409e+00,-6.539984873288755551e-01,1.462186246445741356e+00,-8.424287443834568290e-01,3.070517765408051769e+00,-5.555062156961547704e-01,2.718650343371812994e+00,2.682747629821224944e+00,-1.970919589147028805e+00,-2.178600282564312263e+00,1.794761575236790696e+00,2.166234377110233922e+00,-1.285199703639999136e+00,2.953874181162645662e-01,3.031314185716723841e+00,8.754220275019599651e-01,-4.121126876022341290e-01,1.865914215096734052e+00,5.630404300102594961e-01,-7.390944742091636321e-01,4.318262251926949347e+00,3.627322125454788271e-01,2.791511436020293502e+00,5.219362751336056316e-01,-3.568656920659949994e-01,2.550041627641217445e+00,2.241006055582605683e+00,-3.799967511292825506e+00,-2.290903007888935417e+00,3.357618929096951588e-01,1.177228696559346588e+00,-1.329645175550739911e+00,5.955911239336474372e-01,3.188427500748432841e+00,-3.158808794230959283e+00,-3.979177425171106730e+00,1.712747591545768833e+00,-2.562661549221482371e+00,2.127186420077292084e+00,4.139724737036873492e+00,2.380035450575935574e+00,-2.866270650017530564e+00,8.626485777997023874e-01,-1.410594825291398458e+00,-3.906444661793829543e+00,-1.732296348769394756e+00,-2.373268437371730322e+00,-5.918138145769952230e-01,2.420047195874840962e-01,-2.486363864945469349e+00,3.872925741320955240e+00,2.023162802831668827e+00,2.474579302842783601e+00,-3.952350528615332426e+00,1.099931037012385149e+00
-4.385192375540050591e+00,-3.754352649978785816e+00,-5.205988330568172007e-01,-1.666614714198498604e+00,1.988557924341757488e+00,-3.335603695657984424e+00,-3.794284708369440873e-01,-1.918585715509667944e+00,-1.690335185387903838e+00,-1.112294836200646841e-01,-1.142785496352187291e+00,1.152877250639752660e+00,-2.453891898925187220e+00,1.119252156221639094e+00,1.940691814860832309e+00,1.959392267210518179e+00,4.558237864170398446e+00,-2.035929044155025736e+00,-2.366842049736779696e+00,-1.218513087811368356e+00,1.855998379136459819e+00,-2.754760772611389186e+00,1.926467262431189598e-01,3.328623618247955385e+00,-1.804843586305846515e+00,-8.479583426492370846e-01,2.444795268629342821e+00,5.489609064636352675e-01,1.523293461181203901e+00,1.763908965638559367e+00,-3.650001172027091734e+00,3.215199891118248221e+00,2.172099419374053930e+00,-1.422640152936849312e+00,2.879115452656542562e+00,3.305289832787253967e+00,-4.472135542491555427e+00,-3.001800152950071965e+00,4.454660571164947291e-01,1.755963346557261273e+00,3.237421333957360980e-01,1.300649607363290050e+00,1.678193051849974804e+00,-1.069880694783956976e+00,-2.462836092393287934e+00,1.269969928338314347e+00,-4.262482328276070653e+00,1.543156830184779560e+00,4.256374297111886751e-01,2.280889593394087811e+00,-1.552630807825090109e+00,-4.118827114753519369e-01,-2.334659402350425239e+00,-2.367951020573594967e+00,-1.464965059236119638e+00,-3.935247161198708543e+00,8.187890209829278287e-01,-4.566927970108869417e-02,-2.886787018108281089e+00,2.652738546879778170e+00,2.546095039852142250e+00,2.062566269640987215e+00,-1.714174709259889573e+00,5.305159141216951868e-01
-1.948478059424092468e+00,-3.233625020289776053e+00,-9.502775052629806041e-01,-1.404041349728314181e+00,1.617905551881312798e+00,-3.690351438821581009e+00,1.164866482763518896e+00,-2.366123038344468021e+00,-3.321077263639233834e+00,-1.736349675806420079e+00,-1.154170669915565717e-01,1.137437316085885719e+00,-1.317857698073235939e+00,1.775150327128664163e+00,-3.598721746453474868e-01,2.538266966976938654e+00,2.080475474457707197e+00,-8.316208889569929319e-01,-4.159186220376279941e+00,4.955887873020387024e-01,2.126897887421112188e+00,-2.807212281954859279e+00,2.652113758098505469e-01,2.646719093005253320e+00,-2.005427232349033417e+00,-1.246162505031100487e+00,-3.722593889578442727e-01,-1.174896401314609040e+00,6.682029962959814551e-01,2.875200102806718228e+00,-2.432177126374460929e+00,1.142916482432057013e+00,3.073058681699665673e+00,-1.097160082869719444e+00,2.365348004128986492e+00,3.518555510909263440e+00,-3.897389532916343491e+00,-1.338988798049398632e+00,-1.617230557979337124e+00,-4.851265313969224113e-01,-5.630673421442611293e-02,-3.883938236419881562e-01,1.734709738306228655e+00,-1.890336531975730150e+00,-4.411667160506755003e+00,7.706843146867534688e-01,-2.477777383431855718e+00,3.004143488547531327e+00,1.420668833772367634e+00,3.338506839692207961e+00,-2.072115093299979893e+00,6.555781747061162346e-01,-2.095246302101507752e-01,-1.562142132794303917e+00,-1.317282307463145008e+00,-2.522229876868952836e+00,-1.027014533383985073e+00,-8.308042939246456093e-01,-1.539608730333105413e+00,1.755822150478241195e+00,2.137888537752368645e+00,2.073393554886127532e+00,-1.807049442127142580e+00,8.341533052190468478e-01
-1.899228763170501377e+00,-3.415027903011785160e+00,-1.517276119947471580e+00,-1.816464747954678494e+00,2.079431647516419623e+00,-1.680316464330348980e+00,-1.802496284143722427e+00,-4.824808421258352631e+00,-2.257736303225383878e+00,-1.748559966512376107e+00,-8.619345622856345868e-01,2.783978807343043815e-01,-8.537020251656961545e-01,7.709862881267347534e-01,4.940200364590321969e-01,2.086134852013922902e+00,3.101837579418967206e+00,-3.118435900332310773e+00,-1.313525505213113620e+00,8.599298503055231579e-01,3.106500153707266065e+00,-3.036264031326170176e+00,-3.125561533950970139e-01,2.882725296710744622e+00,3.706041534564152862e-02,2.293738372956866112e-02,1.620367023665167938e+00,-1.349996003674607925e+00,6.547788837031680576e-01,2.140858335423917680e+00,-2.082158169953682858e+00,3.427884971709405093e+00,2.091755692744155404e+00,9.552463388110350451e-01,2.783073225930166039e+00,1.723490088180416713e+00,-4.087172782528477377e+00,-3.100956796643521418e+00,2.333683251194221264e-01,4.846366011996523504e-01,-1.221988447522952104e+00,1.208539037359867230e+00,2.159175828042584122e+00,-3.343448090891986801e+00,-2.811982925503591080e+00,9.031569880721485033e-02,-3.183781495203835910e+00,8.257131803269863735e-01,9.446656132894779567e-01,2.794234866344514678e+00,-1.728504496023680392e+00,-4.944319893483247741e-01,-1.768373807887119398e+00,-5.213082910584160956e+00,-8.384102596340097246e-01,-2.025474997731409488e+00,-1.002291493840903325e+00,-8.014138475110051951e-01,-1.607042260645941356e+00,1.277046540701578525e+00,2.211443340242561284e+00,2.090138941133463657e+00,-5.442765493210248717e-01,1.142457693879014968e+00
-2.508131169267755478e+00,-3.268290633965291292e+00,-1.050954700535760455e+00,-1.942408699956265972e+00,1.663258411686135529e+00,-2.054128554205889134e+00,-2.785675462970808591e-01,-3.109081159335995714e+00,-2.802738482533143394e+00,-8.627452884885937756e-01,7.202686384493717231e-02,2.515987445918310694e-02,-1.783553136386063276e+00,-5.110742354822548350e-01,9.073810078081689934e-01,1.102679043964171379e+00,1.976902176749192552e+00,-2.406749833848473408e+00,-2.935937788891612943e+00,1.635561361679573888e-01,4.090509063413582780e+00,-2.355703195462771404e+00,5.990385196914667087e-01,4.256071917918503367e+00,-1.086456902092389543e+00,-5.319268095476271663e-01,7.085580433843008397e-01,1.123899636051931550e+00,4.821431705487238539e-01,2.059350394595365508e+00,-1.722438741341943524e+00,3.053025957770585830e+00,1.835509291386877795e+00,1.773029678934718439e-02,8.725857655188899997e-01,6.663262396797204445e+00,-3.778599218029409013e+00,-2.665995117976811102e+00,2.983203776342112645e-01,9.716821234120761597e-01,-1.406068514409021475e+00,-4.810966249674788475e-01,1.181904606435607130e+00,-3.680106302235331306e+00,-5.796272680998577620e-01,4.335672748223670658e-01,-5.172693845562408299e+00,1.166223175428738656e+00,1.318724978014778504e+00,1.611490018628095600e+00,-3.241821945383105863e+00,1.750703893053238147e+00,-1.928639649976199522e+00,-1.810408474957154512e+00,-1.211428585036919081e+00,-2.736737890520735572e+00,-2.568795797511101431e-01,-9.337252168801990493e-01,-1.042214851833596523e+00,3.215974153569367999e+00,3.916790136123406540e+00,2.373541793105770292e+00,-2.528824029800683437e+00,1.489704440449544975e+00
-3.019409597269190559e+00,-2.904410358520225888e+00,-1.162851795700048596e+00,-6.022295868071343428e-01,1.869175827770714671e+00,-3.253671258467212279e+00,2.318322929940538346e-01,-2.983636250751049435e+00,-1.953182663732999647e+00,-1.298177992947586956e+00,-1.511386238328882747e+00,1.356816752492065570e+00,-1.326856485919582163e+00,2.158936020893355234e+00,-1.192833080070416774e-01,3.140451800568906382e-01,3.552791160997403885e+00,-3.191443306860725748e+00,-2.919168054570455695e+00,1.250198845850944984e+00,3.602802193746140968e+00,-4.253121298359574531e+00,1.480203322465088345e+00,2.909253448906006234e+00,-3.127578760064917418e-01,-1.090859002634379848e+00,-5.139970406897962363e-01,-5.811502528671012024e-01,2.043367704544913899e-01,2.645218950692581394e+00,-2.745721168814858615e+00,1.882918119793293599e+00,3.346986891693309207e+00,-5.887095106064759165e-01,4.970864960954421985e-01,1.691123639275890156e+00,-1.443336870016610041e+00,-4.579305838449155175e+00,-2.047101355908385045e-01,4.667851697050144910e-01,1.771333521954775669e+00,1.115458438521173656e+00,6.975437298640353445e-01,-2.960864397379257884e+00,-4.016681699413143569e+00,-4.769288007739337365e-01,-3.712148297475071690e+00,1.345355758939614788e+00,1.084389426505005138e+00,2.125187766388324295e+00,-1.572323861918891286e+00,-1.424671212932199449e+00,-1.500130407377749053e+00,-3.200966150870290683e+00,-2.537149165261608275e+00,-3.268156145315900041e+00,5.227791997726938256e-01,3.358683900478161011e-01,-1.108386626749244819e+00,3.323111069836729214e+00,2.292522772587123558e+00,1.742033226959234016e+00,-2.671410130036204755e+00,-5.150499774014605237e-01
-1.876027199774451093e+00,-3.367115389548219540e+00,-2.590566401625820969e+00,-1.466340446810867837e+00,5.097629905412244256e-01,-3.581978066064140265e+00,-1.146266909880759188e+00,-3.833629127091231492e+00,-2.680969717684545728e+00,3.528448000671047247e-01,-1.352896883465054545e+00,9.339950994881096591e-02,-2.290074656260256525e+00,1.161561890694040589e+00,8.005357244134656547e-01,2.494912508835501086e+00,2.419812995800806554e+00,-2.733154085493802121e+00,-3.146258935610238616e+00,-2.232808541700997962e-01,1.669396879333361339e+00,-3.240679679586093709e+00,-4.855083559279704808e-01,2.321940471746161805e+00,-2.771866724092289402e+00,-1.430897890331978450e+00,-3.555021267110636263e-01,-4.897046401114173997e-01,1.439100497136630796e+00,2.754886072885317283e+00,-1.031825671573011194e+00,2.580937611985302915e+00,4.247142329098229752e+00,-1.216739677544186549e+00,8.855266933034324772e-01,3.883381751964857020e+00,-4.210436476163745390e+00,-2.367568790095367248e+00,3.146193882901610062e-02,1.611955269126294610e+00,-2.611363105570758236e+00,1.351841576486326524e+00,1.332745516665984509e+00,-3.038789957819757692e+00,-4.217672332017200709e+00,5.067400001853543667e-01,-2.401090129918926230e+00,2.065438907528514001e+00,1.626557879523932826e+00,2.622421153056512022e+00,-1.951118999092301021e+00,6.601749040240885158e-01,-1.317024573844602475e+00,-2.689187346782254018e+00,-1.097112510704330468e+00,-4.206666794289034783e+00,-7.346536934477529979e-01,-1.205547121796595039e-01,5.250213100637952657e-01,2.013662326361979726e+00,2.477270006702885219e+00,2.199773590056926853e+00,-2.196138512071189819e+00,4.429692908925769168e-01
-2.610102680246042084e+00,-4.171859060124158525e+00,-2.992142920859244271e+00,1.321095147889344457e+00,1.135447483508478683e+00,-3.310587886460179874e+00,5.244352588842569052e-01,-2.715509656408761074e+00,-1.845931614356763451e+00,-1.405046153427806699e+00,-1.130771797788455935e+00,-1.615552668762766153e+00,-2.174298655760303678e+00,-2.985644904233433206e-01,8.885181751338780964e-01,2.534617148373242479e+00,3.897068273532946492e+00,-1.918592313137850391e+00,-4.211281817112793036e+00,6.092311254863940206e-01,3.529294818692993996e+00,-3.675547627837412623e+00,-1.276190205236511499e+00,3.848997404491574237e+00,-1.683158526071181438e+00,-5.273747875204919389e-01,2.865033436707438597e+00,-3.387834839552466004e-01,-8.296551435541632546e-01,3.436451399829890008e+00,-1.159807660113720607e+00,1.378019381500037221e+00,1.121573117111875240e+00,-3.105385298224341839e-01,-2.608693289875918531e-02,2.639151104958923355e+00,-3.782559672696665931e+00,-1.458408446199652708e+00,7.198585131747989863e-01,6.112112460629647304e-01,9.239007788915021280e-02,-3.425439601720456917e-01,-1.088765419731736461e-01,-2.061487886665203106e+00,-4.134921629067607185e+00,2.410144104483170402e+00,-2.369819198910885660e+00,3.727850201266642571e-01,1.613983654272473700e+00,2.334226697387144611e+00,-1.830494931408589432e+00,-1.791795797418105796e+00,-1.503631681745026150e+00,-2.629816553444618954e+00,-2.611751150278420752e+00,-3.036925971131982926e+00,-1.440182467640911401e+00,-3.293353749856817725e-01,-2.090864365970682037e+00,1.023301943971302475e+00,4.140673525352219997e+00,2.233714401077587564e+00,-1.771442669361761979e+00,7.102678141971161541e-01
-2.692677010999979359e+00,-4.619136061753259526e+00,-1.093197151914480525e+00,-2.786383017964275677e-01,1.017527048792986610e+00,-2.304426168975923339e+00,2.955024031955427066e+00,-4.173898995931320854e+00,-1.603373848537920976e+00,4.481423773432882118e-01,5.309834735148849516e-01,6.908231117798544485e-01,-1.239198194554306465e+00,9.223249053346483928e-01,3.237025079645726056e+00,4.422845879845072048e-02,1.382787175698449555e+00,-2.477523235214169173e+00,-3.116659682086774019e+00,1.809541204218561572e-01,2.699562859938341663e+00,-2.691924997266188946e+00,-5.320706445798545348e-01,2.770723783763234138e+00,-1.954906202205160426e+00,3.059964717803935752e-01,-5.605209564826907354e-02,-7.103050952260073769e-01,-1.536065020318752694e+00,2.883734980320556751e+00,-2.623926055329245166e+00,2.487872347921418203e+00,4.052885293669687528e+00,7.214725042110557707e-02,2.407581544264790985e+00,3.022930195001084730e+00,-4.271015123507940103e+00,-6.831445605974786339e-01,2.984111164432922680e-01,1.579548803577810689e+00,1.168158944328473892e+00,-4.766832137101173483e-01,1.600766887271377836e+00,-3.239701519503883631e+00,-1.204099309195224787e+00,-5.960051873134755152e-01,-3.952155623862878109e+00,3.954617402926434266e+00,1.369032906202532374e+00,3.304874461315876477e+00,-2.431575435504531590e-01,-8.488269346963462914e-01,-2.213889324314636031e+00,-4.113466943508846896e+00,-2.936313210054269263e+00,-2.191014963003692806e+00,-9.572877248977820219e-01,6.531422266139145227e-01,-2.886233649222387232e-01,1.681536229540919525e+00,3.403258835601659538e+00,2.158332645347886380e+00,-3.157362886346989583e+00,1.402183748161326404e+00
-7.400101323539403086e-01,-2.047397752306097551e+00,-2.239390791332329211e+00,-3.058952508935109726e+00,1.400437681996885564e+00,-3.447430536541196133e+00,-5.064792027562335930e-01,-2.957652164478873580e+00,-1.724918335824378479e+00,-9.888771035346766158e-01,-5.614065305828538355e-01,-4.387965813702797702e-01,-1.419455370288373430e+00,6.377988170635897625e-01,2.397138436667090033e+00,-6.425448936486946039e-01,5.797714609035951039e-01,-1.704192683650731288e+00,-2.342593337773587692e+00,4.407383115208774460e-01,2.771995890934914275e+00,-2.776621443481492868e+00,-2.379059960042231303e-01,2.260644647554288067e+00,-4.444631643243455721e-01,1.593955430456670319e+00,1.221400058681367806e+00,-1.061283008923899818e+00,1.198234401979993979e+00,4.832265027784094613e+00,-1.685941401752940383e+00,2.350825620656287640e+00,1.998937126041270052e+00,3.832660031109863530e-01,1.424445681780283746e+00,3.250057743659274134e+00,-4.608734958176819774e+00,-3.793554111317708255e+00,-7.276362674137206721e-01,8.899091092519951784e-01,1.115257084743930927e+00,-1.133168707675994424e-01,1.783393941868294696e+00,-2.554274664706084774e+00,-2.835721385184029053e+00,-7.274520195988076754e-02,-1.573913148089155944e+00,2.964199514608341524e+00,1.700387022326988351e+00,1.954671907632206551e+00,-1.823005190501118866e+00,-3.260861090860289302e+00,-1.943315102306429898e+00,-3.855722898477403238e+00,-9.116889240352179513e-01,-3.434169966951806430e+00,-6.423727232390119557e-01,7.378615410884420411e-01,-2.991182315131779568e+00,1.418996448178210468e+00,4.771042101700762927e+00,1.190316240430851824e+00,-3.792379150172551228e+00,3.255560053901874751e-01
-8.168288668971195321e-01,-3.184749872414473160e+00,-1.878447344658217277e+00,-7.994902813935899077e-01,2.903955034351528575e+00,-2.566965989638473111e+00,-2.024886429269822929e-01,-3.386046838146039573e+00,-3.037921479961637417e+00,-2.310213360937327209e+00,-6.854206126847166569e-01,9.027239709091011699e-01,-2.719446909306634019e+00,6.212699456045674973e-01,9.339314424243343460e-01,6.762672180212895290e-01,2.929386343256812353e+00,-2.147058935413205027e+00,-2.763576623669472099e+00,2.786245150304939022e-01,1.818351667820433226e+00,-2.264030239127377442e+00,-6.768342313611088734e-01,2.759453571089621970e+00,-3.030922985103012834e-02,-2.533986005031576560e-01,2.617315602415135167e+00,1.580844874537660871e+00,1.679258602635242958e-01,3.096840432587203651e+00,-2.777145341490889763e-01,5.196335134969098490e+00,1.757598216565736005e+00,-4.055696534467586045e-01,2.885741652121051271e+00,3.105120044146845615e+00,-4.661883749250637976e+00,-3.866609922001134514e+00,4.447323967289146252e-01,1.496213191053927249e-01,-1.242945215541322979e+00,1.421923043254014196e+00,1.741713185752084003e+00,-2.831991520706796717e+00,-1.974548265008779557e+00,1.057738403340271915e+00,-3.226778164014142192e+00,2.684899427867121435e+00,6.585185828336006519e-01,2.112096877020479990e+00,-2.177723914938090033e+00,-1.177793501060656833e+00,-2.186754722090654024e+00,-1.733544971185562389e+00,-1.743707041020069459e+00,-1.675807889652941807e+00,-7.632943309755055861e-01,4.824375008601001769e-01,-1.624121977335561962e+00,3.553685809249477412e+00,2.826609436861102331e+00,2.348059079848570541e+00,-2.569962100309011621e+00,2.591199635281677960e+00
-1.966254330500745828e+00,-3.586212692746570951e+00,-2.423561440163974456e+00,-8.301768722522013810e-01,-8.122637994868147082e-01,-2.352550458050503224e+00,7.498934259261944568e-01,-3.107699204457324171e+00,-2.907109827275017988e+00,-8.824016264185119418e-01,-2.262832362371196004e-01,1.656488399705299486e+00,5.663947645809843667e-01,-1.070397607195057166e+00,1.157591057021964520e+00,7.893912752151743817e-02,2.023425081753025712e+00,-1.292360093515747099e+00,-1.528148258208627652e+00,5.626160533008173203e-01,1.736065803227217152e+00,-3.577058554361043363e+00,3.723485159631755304e-01,4.015213971734514331e+00,-5.934074357811598421e-01,-5.152698941403628385e-01,-7.565057927167553320e-01,4.562139580809841943e-01,-1.811874279521945574e-01,2.674585120693127926e+00,-1.603412137907318957e+00,4.147985621446879101e+00,1.529739397578383953e+00,-2.532389254009111745e+00,2.546691037017644543e+00,2.061304499225601994e+00,-4.616818488627879802e+00,-2.910955896852561509e+00,4.360416935958827955e-01,-1.888529203658575017e+00,-1.293517939358098445e+00,7.027481849755468080e-02,1.732836365839050430e+00,-2.958511469547129291e+00,-2.782014517452411351e+00,1.773160549910792527e+00,-4.752214797191022910e+00,-5.450569416832973246e-03,3.134856231039284680e-01,2.259339490968450992e+00,-1.830612994564480234e+00,-1.193371483052900306e+00,3.518483673603813866e-01,-4.304088271047206149e+00,-8.972749561787277672e-01,-2.853071751356667907e+00,-6.002876483091983406e-01,1.129217884434358998e+00,-1.515359040680596125e+00,6.849093268395451961e-01,3.151136410363627238e+00,8.445520394780763329e-01,-3.130646425643606179e+00,1.117704178408419402e+00
-4.185173215398312330e+00,-3.506962424291633074e+00,-1.478088165345259331e+00,-2.339038696345007828e+00,3.120965406682040033e+00,-4.479513911468261611e+00,4.020658349699380851e-01,-2.763555569876915641e+00,-3.628502271818417224e+00,2.538447869170512572e-01,-1.527032364885674731e+00,-7.299096244247764709e-01,-3.038983233713462795e+00,1.232295687879372048e+00,-1.213111691723341989e-01,4.315360672561738831e-01,2.936676451521061271e+00,-1.986802561601693773e+00,-1.620304504923256506e+00,1.703825992116440036e-01,1.820809526239733689e+00,-4.284217099305196008e+00,-5.881051004705188934e-01,3.179122179063223363e+00,-9.427603090435477950e-01,-1.944014151019487491e+00,2.349393805349428987e+00,-6.002298620475629010e-01,4.885882555721194898e-01,2.462931257296466114e+00,-1.421593439749456955e+00,6.960681754162569845e-01,2.508774678103599332e+00,4.746684740372312250e-01,2.611956438566529481e-01,2.895170517775648822e+00,-3.249142484757864935e+00,-1.230977420048684046e+00,3.446127620736983976e-01,1.678932577681233607e-01,1.229035405062345321e+00,2.581531860671184120e+00,2.479252366495995119e+00,-2.168343453555905409e+00,-2.854609492602802945e+00,-2.616772190142387933e-01,-3.982912339556507142e+00,2.481889474141417473e+00,2.556491202663221385e-01,1.954330883937471119e+00,-3.465875308685363976e+00,-7.031068978956290794e-01,-7.175113932631730362e-01,-2.883400688564265124e+00,-1.522711173040296462e-01,-3.243161165656579747e+00,-9.768966042627136304e-01,-7.028804234549195229e-01,-1.571919244896667456e+00,9.974364051246431551e-01,3.635223083314090164e+00,1.685531259431604090e+00,-2.380408079253231168e+00,-5.084043937381447220e-01
-2.448096779801993694e+00,-2.464112817587221116e+00,-1.626851017341564232e+00,-1.440079706484034272e+00,3.234400790360409950e+00,-3.570923576527066601e+00,3.660474606202760439e-01,-3.291368019447804105e+00,-2.179324613121173204e+00,-2.825498155260405486e+00,-3.983958717295038587e-02,2.193287802807449616e+00,-7.729252012146856643e-01,7.561958322492114970e-01,1.580259742775270926e+00,1.674169528081354663e+00,1.934658951007838912e+00,-2.702327219328868768e+00,-1.512897822661059433e+00,4.518469653545177378e-01,2.710155235956007935e+00,-3.289795305846170415e+00,-2.973627574717734867e-01,2.526831877569099660e+00,-1.103541565859053497e+00,-1.633974366041501369e+00,9.803854370432304455e-01,-4.550656301264204839e-01,2.090104804487450951e-01,3.639679389262584053e+00,-1.933725144902931570e+00,2.466768522404965580e+00,2.637294773897772782e+00,-1.011528554583229544e+00,1.700167144879399350e+00,4.107718955519432669e+00,-2.370059450016452907e+00,-2.860989334088874791e+00,1.400635270316084480e+00,2.567510290796831463e+00,1.353007063908428842e+00,-5.470918837809524149e-02,2.182329939668426366e+00,-1.016508503944661967e+00,-3.069816568178335370e+00,1.636695881644167239e+00,-3.977679548154447353e+00,5.538170961708845930e-01,9.487543640850317761e-01,3.794313591840574151e+00,-2.897675306154701147e-01,-2.099920562799693080e+00,-2.023994340630765443e+00,-3.313166386881089220e+00,-1.585947158444888760e+00,-2.713077527459804905e+00,-6.555183334945411389e-01,4.486600959141453515e-01,-1.670960382914014497e+00,1.868922784414121407e+00,4.325104267805350844e+00,1.832334867680351920e+00,-4.533451080361497354e+00,1.739625612876909644e+00
-4.542006301686667413e-01,-2.664658265913695701e+00,-2.101969301363210363e+00,-7.867000912603326901e-01,2.100632152979533096e+00,-3.187356869335511877e+00,-2.891985416032979983e-01,-3.668612133514601137e+00,-3.168328806189111724e+00,-1.686491124954022425e+00,1.460082749146159875e-01,8.256325414850613775e-01,-2.727094141330576260e+00,7.239182657656465514e-01,3.537856257682621131e-01,1.726349021213387180e+00,2.726071796498033439e+00,-2.104832289778615362e+00,-2.168580590101356620e+00,3.143023397169939503e-01,2.558704983757184692e+00,-4.496793596119380787e+00,-7.625563257478766843e-01,7.807961530947826745e-01,-1.688507665525624812e+00,-1.713242912114834038e-01,-1.847465058623176670e-01,8.353677544553437251e-01,-5.924640102978282474e-01,3.813638956906474142e+00,-1.968280070633149359e+00,2.596891820288177222e+00,2.823261908115017427e+00,1.515400335094923001e+00,1.040634831586277897e-01,3.468426125322348508e+00,-4.981592728924209013e+00,-1.193281159460230612e+00,7.590567074010862170e-02,4.375097030208496274e-01,-1.123895388976501319e+00,-9.527552307213611460e-01,3.308611350888376101e+00,-2.137903074797878222e+00,-2.680651339831115365e+00,3.949593517141709031e-01,-4.183268255967915294e+00,2.733040565269643007e+00,1.397112654301957413e+00,2.265000488348083429e+00,-1.528548001204899975e+00,-3.760192823487205072e-01,-1.709341385550440240e+00,-2.602904657408997124e+00,-2.361641838540286642e+00,-1.567053221613242675e+00,-1.479691371182356718e-01,2.419893501264756552e-01,-1.210150755244662646e+00,3.876168567904789253e+00,4.373849114741110711e+00,1.842744330512870343e+00,-1.581701876262235018e+00,1.117568759671157430e+00
-4.602194779601997965e+00,-3.028521873539015807e+00,-2.361320624955652647e+00,-8.318852464044087514e-01,2.058608031452497933e+00,-3.400818209994776353e+00,1.281129504757742676e+00,-5.813749883698887899e+00,-1.670274601936167613e+00,-2.726655473396466522e+00,-1.168677362241056228e+00,1.141235379351593471e+00,-2.149975909090051651e+00,2.538524072928827202e-01,7.130372200652954628e-01,8.785832956971473262e-01,3.561174693102802102e-01,-2.020194187739255742e+00,-4.328554432419325693e+00,6.842859169917254736e-01,2.965114793754612510e+00,-3.841764471282248739e+00,-8.187212706944937413e-01,3.324318771856103361e+00,-8.242864371895307629e-01,9.076546221082799626e-01,2.602887321270717536e+00,-1.746667708619993320e-01,1.516005547011259225e+00,2.122361318053770596e+00,-1.824299710561440913e+00,2.217125998559340783e+00,1.255025495738372632e+00,-7.004054279980176378e-02,2.060255548332906361e+00,3.725135361065976092e+00,-3.764431101826787973e+00,-2.885705911395345158e+00,5.294352934317632098e-01,3.737788365533786239e-01,-6.495633526246525902e-01,-5.413983638491037809e-01,5.243184191654239878e-01,-3.107250510571395008e+00,-3.191619456255657017e+00,4.555812506287185704e-01,-2.511234805820132365e+00,3.076085972951471792e+00,-3.847419349443550463e-01,2.638038185812924041e+00,-3.187064221795616881e+00,-3.747502273299347375e-01,-3.183115595527951314e+00,-4.770304401243373960e+00,-2.168019051743646841e+00,-2.832609170574908575e+00,-1.713751702739052307e+00,-1.768593125227561624e-01,-8.348540832913017296e-01,1.701374963063411849e+00,2.605138896613322874e+00,9.563780565294570657e-01,-5.222484168186929399e-01,1.126975200185863280e+00
-1.494809922696808346e+00,-2.151130904945083522e+00,1.511571854734734544e-01,-1.430352503774167339e+00,2.554440442951003476e+00,-1.899105991442509911e+00,-1.934494189504936679e-01,-2.268672248054389939e+00,-2.843611484810904866e+00,-7.922400746016262651e-01,9.052937776991500929e-01,1.975486446390406936e+00,-2.720138958485144975e+00,1.896249385449947589e+00,1.123247072757744158e+00,2.995948482389758638e+00,1.820973281632982888e+00,-1.827298194003805110e+00,-2.095898858230962336e+00,3.430135758425761905e-02,1.560438645933396762e+00,-3.885286685880977586e+00,-2.271575348918336013e-01,1.966924257247917751e+00,2.174164594055312261e-01,-6.196373235152580206e-01,6.971139524778479091e-01,1.097537252699581467e+00,-9.582879081130724064e-02,4.055811891102915290e+00,-3.263214933858308520e+00,2.429502414406211397e+00,1.630584837818682242e+00,-1.878229617711086319e-01,1.089681811497359210e+00,2.735588016943000245e+00,-3.760143379695803478e+00,-3.000326671915538590e+00,-2.216621547228561084e-01,9.117144600970279456e-01,-2.696620045864903670e-01,5.775706181953962348e-01,8.497352898399929133e-01,-2.523887356320634545e+00,-2.646159691747762110e+00,8.376353279817244646e-01,-3.495288255634016572e+00,1.663725108640110140e+00,1.452430306007415961e+00,1.779164413107350740e+00,-1.011318647085195810e+00,-2.151824094870383952e+00,-9.053716010352941268e-02,-3.714907446889779141e+00,-2.177820547055655975e+00,-3.293713589313562284e+00,-5.376441822748723176e-01,5.080930040868519848e-02,-2.871008990449657183e+00,3.378255687903038318e+00,2.628399814202369011e+00,2.643354529199301695e+00,-3.565204559967829034e+00,-2.928446039401569889e-01
-3.607804836461902198e+00,-3.671938417936110088e+00,-3.287180975371166713e+00,-1.231933138756734714e+00,1.908640439244757125e+00,-3.398772041276562295e+00,-1.783204872917888206e+00,-3.421458886594413773e+00,-3.483373476525859047e+00,-1.789567622015608706e-01,-9.832899099866621029e-03,3.810185043041706687e-01,-1.462500492230389249e+00,6.258202065380306101e-01,6.775190256950529566e-01,3.047117830859766396e+00,3.345764123695950332e+00,-2.756714060299405133e+00,-2.507450761187234534e+00,-4.529138650719561898e-01,1.741788435194759233e+00,-2.232424236365607939e+00,-1.911856244734225774e+00,3.255570482328962179e+00,-2.066962198291391495e+00,-6.853096600260805138e-02,3.125138433911029079e+00,1.342908473873347441e+00,4.672094027559597906e-01,1.451209340480587917e+00,-2.675995972489089603e+00,2.073678944411416758e+00,2.414149294278717495e+00,2.450236200010221244e-01,8.806036974275378570e-01,2.368207769503581694e+00,-3.565026644697598002e+00,-4.105159530061277984e+00,1.854459179299764449e+00,-7.648343975039610942e-01,-7.701527883941509112e-01,-5.293525237571541364e-01,1.754889971615132049e+00,-1.879618871393893276e+00,-2.986850283752605861e+00,8.918042414226876602e-01,-2.279098822130563917e+00,2.941419394439812152e+00,2.040599935376319340e+00,1.834720492357357902e+00,-2.853209201048601873e+00,1.588988163649841301e+00,-1.320190296017089482e+00,-3.619306331282202471e+00,-2.027935346748710899e+00,-1.324262539353636914e+00,4.519163836099144849e-01,-9.089007639276256434e-01,-1.833260983814794187e+00,1.646159605875882281e+00,2.459027190151387821e+00,2.519392753580530275e+00,-2.330349402338411480e+00,6.416127930519799349e-02
-4.143322595487017423e+00,-3.623441325156549375e+00,-2.970856836184875505e+00,-1.164794587251956504e+00,1.553850317241990631e+00,-3.421462893381979953e+00,-1.045413238947385803e+00,-3.080799089035611171e+00,-1.942734507661594279e+00,-2.451893199507351184e+00,3.557200860421024791e-01,4.491423698892132998e-01,-1.887200186357191445e+00,7.392433524068146022e-01,7.121770201598528471e-01,1.410185153250858692e+00,1.744702265659549223e+00,-3.832473662336960185e+00,-1.422070829503481626e+00,1.038978143224103867e+00,2.071127779870390206e+00,-2.928318954122473450e+00,-2.002928049781900199e+00,3.381641475389843166e+00,-7.309802298765613049e-01,-1.542632194560757064e+00,1.511671101926057581e+00,-1.296986008820200320e+00,-1.098569863940952462e-01,2.617887100055070970e+00,-2.254324456204806371e+00,2.339849470308383861e+00,2.983154590888720925e+00,-1.226362403680247293e-01,9.642115867737814927e-01,3.269290388637329237e+00,-3.208812015516859351e+00,-1.927432537819440794e+00,1.056998795327882545e+00,-7.512717659273987492e-02,-1.846108269261492962e+00,8.533370228340075858e-01,2.329933725371404307e+00,-1.374875215617230806e+00,-2.707052497967247451e+00,5.553444245789980194e-01,-3.381682731126117947e+00,2.653094135718798263e+00,5.333334160777283284e-01,3.140319686739683203e+00,-3.587763872085117711e+00,-1.344477443785876414e+00,-6.555803164023864538e-01,-2.682509473952866763e+00,-3.119768641615154880e+00,-2.300505640320894329e+00,-7.483648253693453434e-02,-1.537526781127680209e-01,-1.757299787647326639e+00,2.052942459723317015e+00,1.282390869390219290e+00,2.438783647126559817e+00,-2.507578641797115981e+00,-2.378614262700690096e-02
-2.228205701602877120e+00,-3.045732030187578321e+00,-2.528060508523314542e+00,-7.043596465277343066e-01,3.182313859465901729e-02,-2.794223720623401519e+00,3.184420979571510602e-01,-1.740608477209387939e+00,-3.168657926389354618e+00,-6.550805027750630227e-01,9.936132895621813121e-02,1.339756582684991981e+00,-2.325418344980442420e+00,4.305884732835118522e-01,1.301075512468354844e-01,1.215854187218671889e+00,2.787402523029987478e+00,-3.302451957312005248e+00,-1.449904774200087454e+00,-5.674679032943807933e-01,1.828785522661213303e+00,-3.701786542965565641e+00,-3.901838460393632912e-01,3.232097254054088875e+00,-2.689801602780122813e+00,-1.940654899192383320e+00,1.369585086595661583e+00,-1.466585491716074774e+00,1.304337900802187367e+00,2.488123786821935024e+00,-3.675733710305093105e+00,3.362179313870789610e+00,1.620773985331388278e+00,1.054322628058345312e+00,1.350699277685149635e+00,4.897018437302670613e+00,-4.169413033485104059e+00,-2.906309378493488360e+00,4.024342095281637222e-01,4.681676513054028321e-01,-2.142624343092471850e-01,-4.818393752121341578e-01,1.736131211960724618e+00,-1.658524520709728778e+00,-3.107410917561390207e+00,-2.666712492860001671e-01,-1.798042604797319477e+00,3.334497937245504584e+00,4.318656412546661993e-01,3.082964744379019795e+00,-2.659095890951510999e+00,-2.534251646254863655e-01,-2.742790354610651349e+00,-3.451833880183908576e+00,-5.070563438338582252e-02,-1.564191776501060893e+00,5.461133012498784467e-01,-3.805083608188283284e-01,-1.093119463461453389e+00,3.707861194410490668e+00,3.409235309307031780e+00,8.590972368450282559e-01,-1.276959040713556703e+00,-2.657218876376906680e-01
-2.075190442055010909e+00,-3.181030942875350931e+00,-2.276909240363797160e+00,-1.361153197287583660e+00,9.733575236562267419e-01,-2.712293775957133501e+00,-1.898516433284578586e-01,-4.320762549885568404e+00,-1.808838087603177769e+00,-1.121608573619921723e+00,-4.035598856753403463e-01,-8.342805267955946125e-01,-6.381642821771276175e-01,2.512809632483349320e-01,3.418877558953593576e-01,1.023351069572151939e+00,2.862193390150453709e+00,-2.216472023864087149e+00,-2.136897058179982434e+00,-1.011367183346582932e+00,2.626275538711107416e+00,-2.993881634080211462e+00,-2.077743796342333304e+00,4.129154146987302099e+00,3.756959510301722815e-01,-8.689421750655454968e-01,2.366823239436271820e+00,-9.907013188945871240e-01,1.673962256577145480e+00,1.868497296202292990e+00,-3.489788429704616668e-01,3.177714871760397131e+00,4.648059607138284477e+00,-1.514446955183155863e+00,3.769221549850442443e+00,2.653063028353848107e+00,-3.084847303244167449e+00,-2.181660510006366849e+00,-9.275759841976367603e-01,2.705812008634417509e+00,2.411776019341288491e-01,1.005637602020448940e+00,1.892497968525347574e+00,-4.045037562852587421e+00,-3.587422189220681901e+00,-1.485806214127793901e+00,-3.618047719576213961e+00,1.953883181418817561e+00,1.748884772216837025e+00,2.704478403814150056e+00,-1.428815217177772601e+00,-6.959756729542623255e-01,-2.098381571511552579e+00,-3.383366507415724644e+00,-1.628877715334881460e+00,-3.657881050098654274e+00,1.574728544095954863e+00,-1.538204522547055031e-01,-1.647718928594350984e+00,3.054213673357387915e+00,3.859029889254073531e+00,2.335962252380258786e+00,-2.350192780784511104e+00,5.672484070937345857e-01
-4.465529585616645036e+00,-4.337925095795458930e+00,-3.177927880709712216e-01,-1.051267107279963753e+00,1.069692646602326436e+00,-2.386241431668078228e+00,2.949876609384037840e-01,-3.062344077154860233e+00,-6.461131315677968168e-01,-4.375894578534281765e-01,-2.196896568677035866e+00,-2.812956057679649735e-02,-2.211485078877713839e+00,2.265721305859886847e+00,-6.086128437608269159e-01,5.170917885743675502e-01,2.888964633587736586e+00,-9.066123687406342224e-01,-2.769391832091768535e+00,1.010658388277420716e+00,1.497882864766086675e+00,-3.738701838268092104e+00,-1.387449709229373163e+00,3.552122105427053533e+00,1.724369009674509012e-01,-2.195299388503035409e+00,7.498407267748150584e-01,6.742397951562794089e-01,9.751636461311830040e-01,3.164801123369454849e+00,-1.745457318254271639e+00,3.687122750704130425e+00,1.966206049977790027e+00,-1.058043036495152078e+00,7.873478505286535256e-01,4.104382081099183566e+00,-3.992818098470900079e+00,-3.066558522882893989e+00,1.272472221225866562e-01,5.224372913965105170e-01,-9.230417101125809598e-02,1.465984442082983730e+00,4.000726547378022246e+00,-4.056858510825922082e+00,-3.680644261306520004e+00,3.218529766618211108e-02,-1.644248869356288001e+00,3.550493382410495613e-01,-3.834801541523547019e-01,1.256825679794416173e+00,-2.966013549958161910e+00,-1.295749691419005645e+00,-1.170237259238289695e+00,-3.052330787735930251e+00,-3.582362404130333688e-01,-1.844896839372038411e+00,1.186247864885420888e+00,1.575313128165573451e+00,-7.931381334328455601e-01,3.234771076124895117e+00,2.144966342311571239e+00,1.975153082864944620e+00,-2.229490011596314325e+00,-3.606879385314254449e-01
-3.037910559508346431e+00,-2.558271606144380428e+00,-1.743956798778736550e+00,-3.276336593654850526e-01,1.942583918090547979e+00,-3.700611621266093110e+00,-1.126527973293674822e+00,-3.411826769031328421e+00,-2.622462783097103234e+00,-7.079119599605936397e-01,-1.058226473282164015e+00,-8.814791536330754962e-01,-2.266195990725033305e+00,4.707469047088893577e-01,1.164259297476781807e+00,1.901993951770538649e+00,5.303132455745187102e+00,-2.091409514731310981e+00,-3.927838938708996253e+00,6.695626426085579119e-01,5.255661288201755710e+00,-3.979720346406392828e+00,-2.488130777389452319e+00,2.785565993077970592e+00,-9.986275350215969571e-01,-4.466265015784134373e-01,2.138739782173249893e+00,1.606118566080361854e+00,7.050012783367765046e-02,1.067297332203116511e+00,-1.536544547118399162e+00,3.969932837436558781e+00,5.882602597561576996e-01,5.691124429333045409e-01,1.239945774067591433e+00,3.040721773118411519e+00,-2.709914092786106732e+00,-4.035574923135593295e+00,1.306211207010906428e+00,-8.831073492813819037e-01,3.467246579682958796e-01,2.192898579907061052e+00,3.286454947623073330e+00,-3.124127220353823287e+00,-3.389235091920515419e+00,-9.650542174193665890e-02,-3.598408261922449558e+00,1.819656738422303244e+00,1.077073211673487574e+00,3.015744075422794435e+00,-2.178912128954297422e+00,3.778961234955793280e-01,3.028680685494846703e-01,-4.300774195281537260e+00,-9.224090223568264246e-01,-2.953445550072305803e+00,-1.321385513368567688e+00,-3.411711814748608074e-02,-3.142841560961136871e+00,1.616597851241095674e+00,2.134498279359246631e+00,2.125757683736593240e+00,-2.021131883994371492e+00,1.409877070817120437e+00
-2.808448340332682758e+00,-3.484409772458771481e+00,-1.746524022768752404e+00,-8.834464485238743281e-01,1.859056288858761175e+00,-3.706631819239559533e+00,7.119562769608829278e-01,-2.889495779330735203e+00,-2.856445794878019306e+00,-2.950494009731182476e+00,-8.623666983210049874e-01,1.116611884952674716e+00,-9.584414888652914577e-01,5.768515743950779484e-01,7.307073556005488912e-01,2.459381329809364747e+00,1.421807882763337361e+00,-2.163129018957814509e+00,-1.330743058619215269e+00,-2.034546219957488189e-01,3.780738346304961084e+00,-1.309974809928446060e+00,-1.899707629876604020e+00,2.719722389890151248e+00,-1.379354091966967122e+00,-1.653862651578627219e+00,1.541046509588169133e+00,-8.972535056292272326e-01,7.745254022007732608e-01,3.799333516465302818e+00,-1.396955725713073582e+00,3.190311705157631739e+00,1.152603951798435888e+00,8.674839602113820769e-01,1.756297531472402973e+00,3.319763200900709421e+00,-1.946793295522680545e+00,-6.749647198179795637e-01,1.628621567161283035e-01,2.387562883539218639e+00,-2.369992944187807593e-01,2.977432796074667154e-01,6.558520304827990532e-01,-2.663118947634577349e+00,-4.427326045281542832e+00,3.630142504068708531e-01,-4.374629763439558339e+00,3.020986708498858420e-01,6.176320424227221828e-01,2.385522910910848449e+00,-1.876350579081126790e+00,-1.472650417060423322e+00,-7.089139914135081932e-01,-3.188726223206528765e+00,-9.075164345643556008e-01,-2.631984330572483266e+00,-1.231057123141398035e-01,-9.102848496272761269e-02,-2.055739273325507099e+00,3.304489821480752987e+00,1.351769072743577604e+00,4.868606043139065420e+00,-1.584759322007203375e+00,1.272003153918775720e+00
-2.803598286193007549e+00,-3.716217752651850059e+00,-1.071651310911222010e+00,-1.028928382425351673e+00,1.690156538870050795e+00,-4.136321350585666856e+00,-3.086503408804757709e-01,-3.280940260790207841e+00,-1.626698354863628238e+00,4.071413968822268359e-01,-1.207226985729398017e+00,4.424782645007110382e-01,-1.262628876572431835e+00,-1.044641919989632184e+00,2.274017729939544985e+00,2.085236782609030115e+00,6.452939644687138987e-01,-4.307292815744141912e+00,-2.604797944892159212e+00,2.053653462381271333e-01,2.837700529153679874e+00,-1.834339744113787196e+00,-6.838691728798635960e-01,2.434110045582133175e+00,2.493792174546665130e-01,-2.866469434152183027e+00,1.199930685827154786e+00,4.769203400698835971e-01,1.007225658316802441e+00,2.974793472386093374e+00,-3.205207105559307212e+00,4.145071613443846559e+00,9.986436127438134136e-01,-1.570539760818237540e-01,2.051282506857980970e+00,3.751105948293954384e+00,-2.386796556309697781e+00,-2.493235367348558551e+00,-9.852988949791570139e-01,-1.161685174277346633e+00,-1.138582157442221909e+00,7.402638580072926633e-01,1.441162116202897359e+00,-3.699179208681447228e+00,-3.631830881358026897e+00,-1.257048603766496297e+00,-4.052516958237616151e+00,2.711870071073660071e+00,1.928543705922537654e+00,1.424201658127430159e+00,-3.752442172567049816e+00,8.852950490105073733e-01,-1.133083085280724989e+00,-4.364877243447706334e+00,-1.584603158782698085e-01,-3.648886106428094855e+00,-5.315117243209706022e-01,5.377234015484246843e-01,-1.541544834578695511e+00,3.035182765826220930e+00,2.205867374095145550e+00,2.937473927824846065e+00,-1.350516523385852485e+00,5.162216349624659806e-01
-2.408346312681769685e+00,-4.323448716799844327e+00,-1.183829104403815391e+00,-1.408468777669566574e+00,1.512935068474912548e+00,-4.243943882812447832e+00,-3.552823251420298978e-01,-3.342720783033026333e+00,-3.810344703722178483e+00,-3.338059174368110948e+00,-1.300144764856012269e+00,-1.032838060022968296e+00,-3.152803500594715480e+00,1.189972101692012396e+00,3.338566874640019888e-01,2.200343950450805330e+00,1.211604605598809226e+00,-2.174566633244460423e+00,-2.018847732973209297e+00,5.285109198051014534e-01,-1.159502657169042550e-01,-3.701785264259032537e+00,-5.017005067439227473e-01,2.134872497856020068e+00,-7.488012451067654895e-01,-9.340721928826650755e-01,2.932320577849125698e+00,7.542655823192355724e-01,1.807177965342181114e+00,3.738330431438760648e+00,-2.835336685519621369e+00,4.013189248639182694e+00,1.293579986574329821e+00,-1.977775139832196327e+00,1.072300424871688751e+00,2.601218758862923419e+00,-3.000074288690243840e+00,-1.393231326282152738e+00,-1.793165061398711568e-01,2.072317836202684838e+00,-2.567138250782240672e+00,1.256606836592822241e+00,2.803825178464150802e+00,-2.174102115995608209e+00,-2.079772415238761329e+00,1.256142976398518796e+00,-2.895891155320774679e+00,4.964599820325870105e-01,2.331726679270294866e+00,2.568974478721178123e+00,-1.247600977676168066e+00,-2.730625497694057491e-01,-2.090533460774515628e+00,-5.475846252687403215e+00,-8.763823872871763232e-01,-2.256004714058327032e+00,-1.443871404173483919e+00,-5.387265216630867659e-01,-3.044098792821542609e+00,1.650486360421987708e+00,3.841996633162573005e+00,3.085170365826935157e+00,-1.199424878926830473e+00,1.094870944645806699e+00
-3.257866915821677090e+00,-2.781749347206495138e+00,-2.142132953050873034e+00,-6.328230478898568823e-01,2.664205713669298703e+00,-3.572426965520055564e+00,-3.766470016192651760e-01,-3.338581073230119323e+00,-2.225262986282345867e+00,-1.372200310853561422e+00,2.842928402282878242e-01,1.744682687379000008e-01,-2.288412090062241333e+00,1.180219518082859853e+00,1.498215887243622646e+00,1.747443686742031765e+00,2.768813099978963077e+00,-2.738574168715091073e+00,-3.676134038466988940e+00,1.202778419866608273e+00,1.757085831634354944e+00,-3.837685914201249826e+00,-1.121723801542317656e+00,1.568515025476301172e+00,-9.701114212506405377e-01,-7.429188885575974677e-01,7.648547418023103894e-01,4.670924057768752746e-01,-4.951286963609814462e-01,3.136154576966783569e+00,-2.310852737195110418e+00,1.315249181701077408e+00,2.793637343118540617e+00,2.618516581953662659e-01,3.080954319008735620e+00,3.066863444282660112e+00,-4.658626588668093760e+00,-2.207001228891253497e+00,2.462547469740451689e+00,-5.934140362246533851e-01,-4.093327213925515018e-01,5.164806399092146671e-01,9.816648826510828707e-01,-3.677753564563558619e+00,-2.499333049095334935e+00,-2.525475883607022354e+00,-3.664426817872799447e+00,1.074050793671334381e+00,1.602467248884573037e+00,2.072253744110453155e+00,-1.652136252602814492e+00,4.924299481780280985e-02,-2.913652558767778622e+00,-3.723735750886401963e+00,-1.476896598119850301e+00,-2.439878082498138312e+00,-4.649016459626035269e-01,-5.695353009109468401e-01,-1.619110653360069207e+00,3.418908250737885623e+00,3.217279417692061383e+00,3.852942898704589503e+00,-3.788916838257988751e+00,6.578885695814589152e-01
-1.591419593804269672e+00,-3.113453623093833222e+00,-3.217219616344449307e+00,-4.470941663483978257e-01,3.080317467347352789e+00,-3.239018680571766673e+00,-4.082535188165614115e-01,-3.051873297726036771e+00,-1.633614544988445605e+00,-7.999463407548105254e-01,5.682098365506736970e-01,-4.333062501663519361e-01,-3.012348549952070798e+00,1.117793475154342797e+00,-1.064849123079146143e+00,8.670584146088556876e-01,2.206776659934019058e+00,-1.642416204223083209e+00,-1.434401100330374934e+00,1.545498546931911799e+00,2.474414666573775623e+00,-4.077290185674918632e+00,-7.061895755022714605e-01,3.490107632572595708e+00,-1.292461924441956844e+00,-4.737629942216965984e-01,7.470620739346259809e-01,-1.936923431832794640e-01,3.321640275235046569e-01,3.181389647838067880e+00,-2.117946894273695424e+00,2.544486742011275560e+00,2.571307613291506478e+00,-3.767265941271306651e-01,-1.090818869864256246e-01,3.166700606785555649e+00,-2.905598478224915571e+00,1.388061685947068469e+00,-3.010992858249004200e-01,2.637384499695287765e+00,-7.818373636046938024e-02,-4.251897045763237681e-01,7.690307438883960955e-01,-3.191111069929391864e+00,-3.048003297323123917e+00,-1.415633125801691872e-01,-3.197730710419377065e+00,3.464808168404649891e+00,-9.342409895902714645e-02,2.691354636120059762e+00,-3.836492575523236415e+00,-2.740252311199687374e-01,-2.097628578564269652e+00,-3.506820864360476797e+00,-1.894862924577172869e+00,-2.644307757432657890e+00,-5.260921386333081706e-01,-1.659584277746839198e-01,-3.389868864581647934e+00,9.697628473365009771e-01,2.836179831007867858e+00,2.800032875072715033e+00,-7.901213232720081248e-01,-8.264254793170724422e-01
-1.793981854127109754e+00,-2.269196168348329046e+00,-3.583412828275299944e+00,-1.956543103561520169e+00,3.636660215886738712e+00,-3.296759761437903169e+00,-7.014031442496488911e-01,-4.415275935590794454e+00,-2.350248321957552733e+00,-2.011133450432303515e+00,-3.544071684744523609e-02,2.113867188412270615e+00,-2.057619366447458464e+00,9.647514752896108048e-01,1.905826723893779606e+00,1.568439086976413543e+00,1.780227459188666650e+00,-2.319478276876016931e+00,-2.371717793818591158e+00,3.036033631941609801e-01,2.416906735175580856e+00,-3.046349263668163054e+00,3.578520000050580130e-01,3.165813519062987247e+00,-2.970426667732504633e+00,2.977805095141972114e-01,1.578272484032170464e+00,7.862474822256438900e-01,2.592241609018719473e-01,4.287121217637954729e+00,-1.972287489592277510e+00,1.219464329553085813e+00,2.270914026850961775e+00,-2.226890607132760547e+00,1.172826521147617429e+00,2.857319745454444337e+00,-4.052357664746986998e+00,-1.724989407467218294e+00,-2.147508433997825650e-01,1.238624500714932797e+00,-6.629262734721530492e-01,-2.713080025995164846e-01,2.089347009788149023e+00,-3.034471097012767515e-01,-1.534459512637384782e+00,2.038826099346932708e+00,-2.695405251308026440e+00,1.066141972081062539e+00,2.304070312312206159e+00,4.259376680427863882e+00,-3.015878590138302506e+00,-3.018846834682282210e-01,-1.165049136659310314e+00,-4.176303264014190830e+00,-7.027336217768207494e-01,-9.473674412543400258e-01,-7.138078903389953878e-01,3.874597114744058324e-01,-1.445914574973020672e+00,2.611319033111097809e+00,3.600373435041307690e+00,1.440342482574819005e+00,-2.281901836300438191e+00,1.337678819282745790e+00
-3.773503639887355376e+00,-6.609459995524975540e-01,-2.333441517681037247e+00,7.853349590080425102e-01,7.086272135125479821e-01,-4.919929177141434629e+00,-8.292411955947039948e-01,-2.471573771961178334e+00,-2.912012655916143888e+00,-9.764469547809483396e-01,1.623731850464993354e-02,-5.867216415655907014e-02,-1.459127613374325394e+00,1.125397577846798391e-01,1.179673584636508954e+00,1.653012244644122664e+00,1.455481337882619908e+00,-2.424929853099750066e+00,-2.588669277981151762e+00,5.466249103439508872e-01,3.515188839164253842e+00,-2.539468922592339695e+00,3.837278927428571240e-01,2.892947251262931729e+00,-8.388096167071811271e-01,-1.224307801966137144e-01,1.783967290336025968e+00,1.229142497815957746e+00,1.073722030596486743e+00,3.762455023759988304e+00,-3.855055916198621091e+00,3.657522658759582601e+00,3.331310587642525967e+00,-2.482913983864214469e-01,1.002035223870096026e+00,1.227781475086583640e+00,-4.147099759261993590e+00,-2.361529119016681388e+00,-4.691704750753851183e-01,6.304646016390189622e-01,-7.831442312569897313e-01,-8.411504028909830843e-01,1.130763936295062555e+00,-2.710454208677308241e+00,-2.602620546794446543e+00,-1.357754408416247394e-01,-3.046773617889539487e+00,2.120301938934445296e+00,2.554714163968434537e+00,2.290984288108507627e+00,-1.863074767209607518e+00,1.106481323875279310e+00,-1.950533789532157947e+00,-3.860737632775292916e+00,-1.695479735419088918e+00,-3.197092305506915810e+00,-8.665749933268731553e-01,4.930604454339249099e-01,-3.643850866176065573e+00,1.684291235706098622e+00,3.839645397400016424e+00,1.447636831876815799e+00,-2.460719172556587342e+00,2.076523456170139337e+00
-2.912203435192287859e+00,-5.605922640605994545e+00,-1.464629162313108690e+00,-3.328159181556158419e-01,1.888415151344815524e+00,-1.530106631888464630e+00,-7.111597485715805966e-01,-2.907501923071883709e+00,-2.636576882947634815e+00,-2.266312210588653286e+00,7.335205464876445314e-01,-2.010476810449780549e-01,-2.141156650222920010e+00,1.564347415541327280e+00,1.652703709503718255e+00,2.078410052106347550e+00,1.855551796866267589e+00,-1.803994192848066280e+00,-1.985678806175681821e+00,7.201504090358019639e-01,4.989365702752651899e+00,-2.558315724414478964e+00,-1.091123446899495697e+00,1.777354505087539005e+00,-1.874466450336699896e+00,-8.258223791591854379e-01,7.386204790031496437e-01,-5.527727899874164130e-01,-2.970726104167572545e-01,2.631690094566447424e+00,1.013277668785125041e+00,3.205929609380571588e+00,2.048728609152981939e+00,2.252888983929539179e+00,3.108022175846075541e+00,2.733292530697037037e+00,-2.299404570613096332e+00,-9.444656582182966442e-01,1.217857006285851806e+00,1.457107294393590990e+00,-1.543564899343545349e+00,1.595001279153045459e+00,8.521715404954210982e-01,-1.600934014915422532e+00,-4.236864181952341823e+00,5.900002041220699933e-01,-4.475486238947796735e+00,2.099295071679306179e+00,3.065413909402656678e-01,5.541310477526313338e-01,-2.008680574501971350e+00,-2.018190465366050290e+00,-2.188680888833860472e-02,-4.284879281864002465e+00,-1.111418852660510659e-01,-4.049030452072238440e+00,-2.280304903041107778e+00,1.790133889687281488e-01,-2.432012436044047377e+00,2.220063088762701753e+00,3.187558130536362722e+00,1.124517816702759854e+00,2.552583292534809090e-01,-7.346678252405247633e-01
-3.070962329016814873e+00,-2.723064070130250869e+00,-1.939180069366728487e+00,-1.579320326531217233e+00,9.954278048479018315e-01,-3.854275992197059963e+00,-6.323074080452146806e-01,-3.352297583224244093e+00,-2.165828201897002536e+00,-1.821854267891485080e+00,-1.907493043976241198e+00,1.420415587473316810e-01,-5.245341025428666981e-01,1.859223127855495372e+00,1.544703223213961696e+00,1.267508993393891004e+00,2.318226081348915724e+00,-1.794329466806358964e+00,-3.660922048372463156e+00,9.441088605766967401e-01,2.153929317705153501e+00,-2.873777770683840771e+00,-8.379709805353200425e-01,2.856369821753198313e+00,9.775359782838521916e-02,-2.504230737926643080e+00,8.462365890907803667e-01,4.182513115819944116e-01,-8.035625940871427009e-02,4.594682895936010425e+00,-1.913019995539591234e+00,2.033256377383306113e+00,1.447309386173235346e+00,-1.580823682113864814e+00,2.933008732806167806e+00,2.880728345304848670e+00,-3.653640394168154781e+00,-1.648078817762706816e+00,7.304604580882873011e-02,-2.084923232104193280e-01,-4.834837769880273584e-02,9.046161471780641561e-01,1.352896445763758226e+00,-3.502505884104822886e+00,-2.744959226788140860e+00,-8.101158603526319446e-01,-2.969249779256170285e+00,1.690597137760625035e+00,-5.334344029921673780e-01,2.689412882694363294e+00,-4.223403119246238457e-01,-8.053946749755236389e-01,-1.330014577623516825e+00,-3.897420366291297178e+00,-1.475127376660269274e+00,-2.649152241502439775e+00,-1.918508155580241015e+00,-9.632653428676277718e-01,-1.903812678870943076e+00,1.362930397094470614e+00,1.944563036759284103e+00,2.074264805531395695e+00,-2.424831632303285023e+00,1.125890170597658724e+00
-1.961324106260820432e+00,-3.941696074537787364e+00,-2.226864317197741361e+00,-2.335403511702684121e+00,7.363528747884637848e-01,-3.871015564123191588e+00,-1.041780877537307637e+00,-2.389330776359271269e+00,-2.040215356067610841e+00,-2.008492572291140643e-01,4.475782944392469043e-01,8.294522343674316511e-01,-3.762538622764472596e+00,1.227934781323669178e+00,1.556084407350496468e+00,3.290670192412811890e+00,2.408325713208536722e+00,-1.678177164695158652e+00,-2.557811394676483108e+00,-9.148492126555292092e-01,3.765768516759803397e+00,-3.376542378542167544e+00,-6.491704048057496124e-01,2.352649385320520814e+00,-9.845331062252428156e-01,-4.169335521498320762e-01,1.654214490826975581e+00,9.375138169828398649e-01,1.053773214536892544e+00,3.102896701893226084e+00,-2.501506029794944297e+00,2.263285121518419984e+00,3.505682034565760219e+00,1.238575601018391481e+00,2.081225579350642008e+00,2.813365708631384798e+00,-2.638988220183226208e+00,-2.420979274494075018e+00,9.152385737628138118e-01,8.521845081589098925e-01,-2.538997106395958769e-01,8.498628624062705139e-01,1.587115594518485828e+00,-1.799246491171555551e+00,-2.883379923823062185e+00,9.088114630142123396e-01,-2.255421751158392052e+00,3.101187397208927887e+00,1.735922314835520952e+00,2.139923211094090227e+00,-2.041188244599108081e-01,-2.859634480782908827e-01,-3.830867509596487253e-01,-1.521082486324925709e+00,-3.743474321112493453e+00,-3.107676233321138071e+00,-8.201990373499139508e-01,-1.675758301424855379e+00,-3.244268731452898180e+00,2.383506563690715563e+00,7.013028514443653272e-01,1.406432420515557391e+00,-1.004285549966244195e+00,-3.355329719403624678e-01
-1.707384186576704099e+00,-2.350798412504989887e+00,-3.388267028536966485e-01,1.046959748866571616e+00,9.853086103781591998e-01,-1.665856995504502391e+00,-1.934076413378643666e-02,-2.896302630641252485e+00,-3.713132534337018953e+00,-4.416707707248141990e-01,-5.114443038233266181e-01,-7.399080844396657142e-01,-1.940197878827045974e+00,3.356973059418415950e+00,-1.885079693619524654e-01,1.251795796247028303e-01,2.079839365405964813e+00,-1.515712230341865752e+00,-2.289108035490286852e+00,1.312153168916654344e+00,5.046361693462935172e+00,-2.973904139898866816e+00,-6.564707886639333800e-01,4.411674004135999638e+00,-1.344867863431509214e+00,-1.396439524084618911e-01,9.963307313642739693e-01,3.652240685235648154e-01,7.870039220631369625e-02,2.771146544309500914e+00,-1.907493068352349885e+00,3.455191175638705481e+00,3.171158213165698569e+00,-1.754385562958304945e+00,1.768279862023455440e+00,2.836180331966075219e+00,-1.711074965645142054e+00,-4.326813382043966705e+00,-1.375850850287513749e+00,-9.758512585765948266e-01,9.238575791050873676e-01,1.460837472804409121e+00,1.658581775643609424e+00,-4.054080348450278315e+00,-2.880372253763469281e+00,-6.107188524726880896e-02,-4.986786795482807122e+00,2.876966328974308151e+00,3.835498740994547351e-01,2.773520532283959117e+00,-2.540910796111489400e+00,-6.948044168373362917e-01,-6.821766729262395135e-01,-1.933455746469578296e+00,-1.678648567368557831e+00,-4.127153451220540781e+00,4.820170437946800224e-01,-2.384726926584872508e+00,-7.345950745397613613e-01,2.315863590980793418e+00,4.559610479036352970e+00,2.691074060495981080e+00,-3.346651180447794527e+00,5.017800965450159856e-01
-3.102810073989918926e+00,-2.265030829662932899e+00,-7.337468056624401047e-01,-1.847355114915346430e+00,2.829679041539412410e-03,-3.939687838504140949e+00,-4.058610747511401939e-01,-1.960048411423688686e+00,-2.829678444923111602e+00,-2.413998662446483756e+00,9.814092109062466651e-01,5.212802847732026512e-01,-9.329525136271070718e-01,1.217225078990186615e+00,1.590544505071648240e+00,3.200808319297215654e+00,3.686911769922589066e+00,-2.485855854096326034e+00,-1.765122873923809621e+00,1.100778325973781557e+00,3.600267666543041756e+00,-2.512342849265500000e+00,-9.258598313131878310e-01,3.480351936623849340e+00,-1.237251480870864118e+00,-1.851970884980865373e+00,1.751757419781603931e+00,-6.887770742235486132e-01,1.187526650090156455e+00,2.633841930545915755e+00,-1.670370585317950685e-01,2.287715987358373226e+00,1.537051027151207228e+00,7.186471784039744071e-01,2.614198912549573706e+00,2.684144515941505826e+00,-3.188936231723181969e+00,-1.832562182876342982e+00,8.145899060314630846e-01,5.493711689650215835e-02,-1.052000471454933361e+00,2.487060720332785912e+00,-7.834920009420520692e-01,-1.232034941791247951e+00,-3.679376162812540763e+00,2.305903348663239927e-01,-1.936131625046060734e+00,3.913925158138008342e+00,-6.186577518080293991e-02,3.148115397358715040e+00,-1.657866266093889429e+00,6.496786105701204406e-01,-2.039371297905133495e+00,-3.186719721903118252e+00,-1.200537342571891930e+00,-3.311921413586897067e+00,3.954348974646351156e-01,-1.624369928371609317e+00,-2.003268166328667554e+00,1.390692415061996812e+00,1.846427078836782920e+00,1.110521338076774001e+00,-1.626570407021081799e+00,1.655721288553482662e+00
-5.737095989382114958e-01,-2.941536097000761796e+00,-1.842206107329284803e+00,-2.373949566575197512e+00,2.290092409474556501e+00,-2.505747438551856554e+00,-4.045738730935277139e-01,-4.052744838145384776e+00,-1.596396414435893973e+00,-2.890665648368395679e-01,-3.134826552921760712e+00,7.469011786657406282e-02,-2.496383694029622902e+00,6.814721820773468330e-01,1.084340430055835691e-01,4.200471463865782518e-01,2.932902649113950488e+00,-6.678635066563054501e-01,-2.482998636079982280e+00,-1.295720327815401030e+00,4.018840090620489747e+00,-6.110262706016840184e+00,5.346126060552636172e-01,2.626041188019345274e+00,-1.047921239667186866e+00,-1.734210805379619913e+00,1.084174973324165459e+00,8.926759265349196171e-02,7.705453275241409550e-01,4.192677460620247487e+00,-1.267779355563564803e+00,3.255472654994147952e+00,4.761770779844598067e+00,2.265328853368418827e+00,4.130824992193575795e+00,3.890209402499445357e+00,-4.551127585022106459e+00,-1.663830611930859682e+00,2.094000519730258247e+00,1.711528743745824421e+00,-2.098572590703070562e-01,1.661861411252059106e-01,1.186810371936862785e+00,-3.342404428383153103e+00,-3.541588602030267374e+00,1.427133550213922852e+00,-2.251395532709544067e+00,2.823269924946155474e+00,3.937654517042380453e-01,1.734075285242436593e+00,-1.732105096525943466e+00,-7.147037922340063743e-01,-2.980303319689654451e-01,-3.276164273767339985e+00,8.005706450214180592e-01,-2.879094856209545306e+00,-1.260650052240329666e-01,5.604723270261255941e-01,-1.453586801879919399e+00,4.240070584263111453e-01,3.715033867651422295e+00,3.198169429927607332e+00,-2.813900787667347192e+00,-3.744706388474476899e-01
-2.279585375079460796e+00,-2.802549965770774865e+00,-3.535373402047349956e+00,-7.159042115945868368e-02,2.049306953162541856e+00,-2.711990099108938956e+00,3.320568652984173807e-01,-3.741398590687808223e+00,-4.411194413334417419e+00,-9.389087981727379795e-01,1.536341092780878492e+00,5.699493911176188865e-01,-7.505838655335659304e-01,-3.647606428870688866e-01,4.648897201926790457e-01,2.203372432747628729e+00,3.498276952267848294e+00,-1.801322159488147667e+00,-1.954933193284772219e+00,-1.561907296476889417e+00,3.455838963935149000e+00,-3.775603722734016010e+00,-6.447437016227274276e-01,2.253395181632285915e+00,-2.642970157551951083e+00,8.589967590500011685e-01,8.783872008581838919e-01,1.215867991756179045e-01,9.206110711717936379e-01,2.461576906309267621e+00,-3.053332062495233590e+00,2.770786234942847592e+00,2.032125783441165900e+00,7.015300611815739051e-01,2.685367126455913134e+00,3.860629360203444271e+00,-2.198364508649999660e+00,-3.182971148202788481e+00,1.719642362351188614e-01,1.339059983913807317e+00,-9.940755376262321308e-01,9.091944041823840639e-01,3.033991218710197391e+00,-3.142790029945503605e+00,-3.371418471675912798e+00,4.900756928099355147e-01,-3.188274768183866570e+00,1.352792538670013922e+00,2.331232024758194132e-01,2.960832402078279912e+00,-1.524610673593322474e+00,-2.799972718217437762e-01,-1.290820310565758744e+00,-2.879217202572174283e+00,4.734255853785140911e-01,-2.268640850296298694e+00,3.340505335598171754e-01,-5.442747708590769395e-01,-1.764658919294594064e+00,3.146874280035592886e+00,3.145769795999732832e+00,3.546202152243476569e+00,-3.213498548139305022e+00,1.192773874693464908e-01
-2.454998530683903724e+00,-2.141376383201494704e+00,-2.112585823837523691e+00,-4.845828285545346059e-01,6.277318811635104190e-01,-3.181201601024812753e+00,-3.357855201573711312e+00,-2.091808042684097479e+00,-2.831821675152218276e+00,-1.625201306882661623e+00,-2.196988733673746474e-02,1.565078586910793712e+00,-1.741592649758400002e+00,5.513008994019090725e-01,-1.245607793469608593e-01,1.797645759139650856e+00,1.955682066830178645e+00,-1.811888590085162676e+00,-2.381378607911829981e+00,3.080029902743858239e-01,4.565833436990795136e+00,-4.764376857969464751e+00,-1.469254099985064288e+00,4.249301943467885145e+00,-1.438438614099153856e+00,-8.530944675235567765e-01,2.301964305086092288e+00,6.433413677015757948e-01,-5.482467047881438571e-01,2.588982217773562411e+00,-2.172735675126067356e+00,2.594082475126682663e+00,2.743436963942460949e+00,-3.694718805374359594e-01,1.586816582248155028e+00,2.602955054754181763e+00,-3.088671189339704970e+00,-1.617124231620481467e-02,1.649960234254058133e-01,5.787982376068034895e-01,-5.574825619411883926e-01,1.107989860062577936e+00,3.227302516878947536e+00,-2.225517001438754416e+00,-1.819848215711339812e+00,1.348984760390762538e+00,-2.227669877659280040e+00,2.758524698897291128e+00,7.723832955686561474e-01,1.760559602772713506e+00,-2.644622702816785687e-01,-3.466948880888007234e-01,-4.388755066815344996e+00,-2.800288968138891832e+00,-1.669330108191124928e+00,-4.387984867793469412e+00,-5.986868056053458176e-01,1.288465859684580384e+00,-1.309170478078216959e+00,2.549529461193586144e+00,1.634085108337395953e+00,2.898929377033302224e+00,-8.929571380976202288e-01,1.152634718140379988e+00
-2.841654790552028409e+00,-3.946823361917108475e+00,-3.120729413864154367e+00,-2.246358841405953655e+00,1.780673801075207452e+00,-2.857883903435214368e+00,4.977195980510737972e-01,-1.732935193966531839e+00,-4.519888129015694922e+00,-2.561110929450274298e-01,-2.637262132680979754e-01,2.142104905372113621e-01,-8.933654521375504753e-01,1.721501249213941431e-02,5.489110459755852656e-01,8.413089853748668689e-01,1.699703872210295952e+00,-7.811184598769875809e-01,-3.888563398411092997e+00,2.113561134812209918e-01,2.409560248479412081e+00,-3.064897498813531573e+00,-6.062760147069101713e-01,3.662555010988059578e+00,-7.691774539326673432e-01,2.764169014468040864e-01,2.191236273736842044e+00,6.979986037664368537e-01,1.447289334401193450e+00,4.104098772021024466e+00,-2.009476450416543880e+00,3.203265054441634785e+00,3.247442890950984484e+00,1.370469855659681269e+00,1.542139664026208390e+00,4.678743208965189027e+00,-3.631398623035098971e+00,-2.549830305597371449e+00,-3.065841058707312605e-01,9.964576712630293098e-01,-1.323514859523534093e-01,4.424272568223664992e-01,2.160660675354358240e+00,-7.421799334053409414e-01,-1.576908770362969392e+00,5.346701151044475075e-02,-2.645529575703848391e+00,1.657551640540918747e+00,-5.534794185453619786e-01,1.799767033310828879e+00,-1.975407875036682803e+00,-1.028895830959897228e+00,-1.411839288379153956e+00,-1.908471680933881531e+00,-1.982625601079802014e+00,-2.206674688171316401e+00,-1.959286781478751793e+00,-1.298908768114056533e-01,-2.565290843807658039e+00,1.902927872998739112e+00,4.054205992915910883e+00,2.494403471310611575e+00,-2.291106802085541627e+00,9.509756340617401271e-01
-1.902169534901896109e+00,-1.437610716903745978e+00,-3.392765567270562777e+00,-1.321703964402014986e+00,2.845360928603873241e+00,-2.914012690599979027e+00,-6.359544962102743337e-01,-3.027840902967077419e+00,-3.362231680900762409e+00,-7.333270137242853259e-01,9.292811155371232257e-01,-3.786759034626557829e-01,-1.887095985647559537e+00,2.134224935310871096e-01,1.395647574308577665e+00,1.933788124185070290e+00,3.161724594736363247e+00,-1.823168725248846656e+00,-2.667984096822385798e+00,4.895151442779439033e-01,3.093684426164259094e+00,-4.587571630546994683e+00,-3.810362242022763413e-01,2.899904892167299852e+00,-1.488794730237881669e+00,-3.202378438463916455e-01,9.626155895627630521e-02,6.419733158706785181e-01,2.282734602978882421e+00,2.419880709384583994e+00,-1.848182170247317346e+00,2.892675986010945888e+00,8.700383434521796744e-01,1.663597479536418788e+00,2.283711435705744197e-01,2.913782141058439468e+00,-5.218203319580187127e+00,-3.139635924817917534e+00,5.951160972390607817e-01,-5.253918767349846641e-01,-1.331097988331691129e+00,2.078278953701411247e+00,1.629031943776807045e+00,-1.807638311878004167e+00,-3.172281819138143000e+00,1.070966852669550939e-01,-2.681196804926097688e+00,7.912753761434054844e-02,1.312358795451885163e+00,1.905217675882919792e-01,-2.624374000269740215e+00,-4.019615992954931882e-01,-2.665999027619809780e+00,-3.381696115660701274e+00,-3.225202474709961464e+00,-4.598008151043650571e+00,-4.086272202128508613e-01,-8.896314357007095719e-01,-1.489113542843354177e+00,1.214579675428621774e+00,2.286077380348295218e+00,2.391862439163883192e+00,-2.595210182213900207e+00,6.415973805221779624e-01
-5.076221268805774400e+00,-1.920069504414956274e+00,6.221319062451209358e-01,1.193338899037610368e-01,1.473578740881064109e+00,-2.936058764927750087e+00,-2.738959028284918551e-01,-2.502795787410675210e+00,-1.455012197124991413e+00,-2.230999100664622592e+00,-3.810649970655778374e-01,4.713052198850475882e-02,-1.170187672343752761e+00,1.889382094809118229e+00,1.846443762732874694e+00,6.287963273896510774e-01,5.516776230564408579e+00,-1.097157862138811169e+00,-3.167444733978613591e+00,5.081513180232803961e-01,1.583786374153266951e+00,-2.101655625978265718e+00,6.434475825173600061e-01,3.148367937102282355e+00,2.785538979437589546e-01,5.323511155507428816e-01,1.073184326249388310e+00,1.124398938628453859e+00,-6.280828354993215346e-01,3.521588812600005447e+00,-2.949116637411389963e+00,3.019579534064413817e+00,2.571849477603465939e+00,2.231135911577066366e+00,1.970979559724564290e+00,1.954151212263105730e+00,-5.756168299247636178e+00,-2.458009281624944364e+00,6.230866495018261286e-02,-2.366365396703051793e-02,-1.550692990557312356e+00,1.516165298366732861e-01,2.849152460288594924e+00,-2.061218493599617396e+00,-3.101666790098164483e+00,9.424158585867420390e-01,-3.908687681142144932e+00,1.937882820967318231e+00,1.044160261033153736e+00,2.364678933196767030e+00,-2.565140096012241244e+00,-1.930403393754533070e+00,-3.743003266864126655e-01,-3.164124913884010848e+00,1.169375548932138908e+00,-2.148152768610525509e+00,-4.949511868749636445e-01,2.674295049723954820e-01,1.963184218916995682e-01,8.526090425705263875e-01,3.442388272081659206e+00,1.633566692065098191e+00,-2.202724061420950896e+00,1.161490168508101606e+00
-2.707395766931926406e+00,-3.816050419660715676e+00,-2.170477043866347877e+00,7.982396120200354606e-01,1.482328684357128168e-01,-2.568991272296369921e+00,2.099551359823660368e-01,-3.278600212829677840e+00,-2.301286120737722651e+00,8.766665728424372084e-02,9.909360497985493232e-01,3.584589112766232155e-01,-2.716056553930307427e+00,6.398836428023544354e-01,4.339110957192489071e-01,1.042493852559686962e+00,4.946045445383175476e+00,-2.469390010570650329e+00,-1.761876103248522618e+00,3.264862472195061427e-01,3.583224563320480893e+00,-4.391027729405323932e+00,7.114693515159087323e-01,3.666515149478873248e+00,-1.332384018967599504e+00,-1.417382752263904644e+00,9.218779268790011638e-01,3.187163427477923694e-01,5.207498574842142069e-01,3.465684823012257887e+00,-2.484572792251601658e+00,3.157788371367481250e+00,1.943315190041477347e+00,1.668343911016148429e+00,6.440169555415642400e-02,2.942274153111544166e+00,-4.207975306284097883e+00,-2.473305151799682466e+00,8.007590763695552338e-01,-5.235366604792102141e-02,1.493729134357611343e+00,7.356059574318107863e-01,2.064531419992547079e+00,-2.973725619376927476e+00,-3.525643297538663568e+00,-6.615489274324763969e-01,-3.480532906363216217e+00,2.381421213148685823e+00,1.127178207952887590e+00,1.337829565074921678e+00,-1.442582764046201227e+00,-1.625921421900534236e+00,-1.614097831100532732e+00,-1.345963882963020941e+00,-3.332100271721183837e+00,-1.904739151003774111e+00,7.461207395842857082e-01,-9.429701745739641483e-01,-3.480676884391422643e-01,2.594875744901839809e+00,1.401380136557786482e+00,3.057356951038037618e+00,-4.048797298995503446e+00,1.913260550580500485e+00
-3.314256577570118711e+00,-2.363842950208450144e+00,-2.266254932265223676e+00,-9.910990367457599426e-01,2.845401366649482178e+00,-2.760063397209266522e+00,-1.417736688766206843e+00,-4.095597489338749675e+00,-4.096750360127574098e+00,-1.157407561479057545e+00,-2.557542264863887471e+00,2.399612518660046712e-01,-3.444743935777235144e+00,7.549770200988750180e-01,9.429072639619343610e-01,2.962317204493216671e-01,8.622296928149122408e-01,-1.560033037853411741e+00,-3.815254370181484500e+00,7.166996056485726019e-01,2.095163871563743285e+00,-5.707399966119563572e+00,-8.946857846341602638e-01,3.011613063071502339e+00,-2.083760343108205682e+00,-2.317799943995894063e-01,1.009395711777290261e+00,1.601452612040431323e+00,-1.157435707364157462e+00,2.729287445479203100e+00,-8.538974914599588573e-01,4.508278660690778317e+00,3.693921324483084412e+00,-9.738555318251088111e-03,1.908972805709419296e+00,3.650590373649290399e+00,-4.915937271968719990e+00,-1.659232754514666341e+00,1.519310979084865232e-01,1.276626777488209852e+00,-5.529113698350908157e-01,1.331538143542003949e+00,3.507324785601007022e-04,-3.295246496855991580e+00,-1.831529880058662352e+00,8.559027939474138647e-01,-2.518150570582477599e+00,9.777999336119238549e-01,2.041562427964556115e+00,1.623089500083124914e+00,-2.158063023001601355e+00,9.824784170409011086e-01,-2.058340553335783696e+00,-9.625482671631713227e-01,-4.358228104050515528e-01,-1.205437519043874861e+00,-1.389774455973839418e+00,-1.977249376894420485e-01,-1.575269040547463639e+00,2.623323244873307925e+00,3.010636264107543703e+00,2.151759919514717456e+00,5.524401798314193535e-01,-1.953718039200436518e+00
-3.526738242656121791e+00,-3.587381304644474689e+00,-3.065314785087033922e+00,-7.590912125032762692e-01,1.050049338021412648e+00,-3.166850462086298279e+00,-3.387606818358153138e-01,-2.877788106437036753e+00,-3.245417462875945347e+00,-9.436331346809767595e-01,-6.520174342460470784e-01,1.559281959513811877e-01,-3.056375640555226703e+00,1.167939859104702105e+00,-3.559776922186608239e-01,-3.000013058546646683e-02,2.247133627840616210e+00,-3.718249297223480188e+00,-2.318033163021112841e+00,1.456584383374197156e+00,3.394261151558552569e+00,-3.254866199497286949e+00,-5.500076675685001693e-01,3.046924808403001173e+00,-8.078998436520772319e-01,6.624279304762681342e-01,1.253182459571942076e-01,-2.594854502904222482e-01,2.464991942366779210e+00,2.680697717589280771e+00,-2.459809708470449330e+00,3.528583656630732257e+00,1.554504054507998667e+00,-1.512927963661155450e+00,6.685211074822562383e-01,3.376683699619656309e+00,-4.051046446007322999e+00,-2.140660669655883641e+00,7.515065597608205916e-01,-3.319896892251518183e-01,-2.431553342945083518e+00,3.778890155590620692e-01,2.053416148848431266e+00,-2.752739670797470506e+00,-3.299688072136201189e+00,1.081532655939151377e+00,-1.498177531430733067e+00,2.179742821044630130e+00,1.288314614174545181e+00,4.762118199301248467e+00,-8.711186000601101043e-01,-1.017153385023424006e+00,-1.060709574037397962e+00,-2.916722507319981617e+00,-1.491072155517957576e+00,-2.641233539347304760e+00,-6.450011292739049606e-01,1.298993483192179221e+00,-1.731585751448414756e+00,2.591051731299254257e+00,2.512495140892727630e+00,3.802455569365770671e+00,-1.782753960828934892e+00,9.841078891448667987e-02
-5.262176970740483739e+00,-2.207022780476175949e+00,-1.955739956101169241e+00,-2.723114933373280699e+00,7.861521970146487792e-01,-3.311500493983282389e+00,-3.124024361080501300e-01,-3.141953782068533041e+00,-2.477798289657167974e+00,3.921462602776413231e-01,-1.791723870213407954e+00,-3.264091289580764998e-01,-9.939562642327373077e-01,1.000430900856681182e+00,-2.096436828753521553e+00,2.640383944930589699e+00,2.166673694962705010e+00,-1.970825764278686831e+00,-2.236610458228375453e+00,1.419414768044513497e-02,2.464297162116445783e+00,-3.899251109527430703e+00,5.485123950252872582e-01,3.970581694679161444e+00,-2.097896388245738208e+00,-5.344818022113562161e-01,-2.717395409366556436e+00,2.100519991401629483e+00,1.796362178609783200e+00,3.595319884535519428e+00,-1.755119077366557701e+00,2.153194742698389064e+00,3.921335316301493013e+00,-5.308245230766959200e-01,1.897718318401362847e+00,3.332503780668594651e+00,-4.198239693001752038e+00,-1.821360273919946593e+00,9.800674698642525273e-01,-1.352700214893936437e+00,-4.676516740524181981e-01,-1.623126598553846556e+00,2.871285037429843534e+00,-3.527757357898191337e+00,-1.753085630015011720e+00,1.782199484002195966e+00,-1.054641091252201512e+00,1.543165666608775188e+00,-7.628114977694242516e-01,2.573923981840685826e+00,-3.074865361423762877e+00,-1.586261285337267291e+00,-3.867178806416815551e-01,-5.234809035101546826e+00,3.392137521017257740e-02,-3.933189040121464863e+00,-1.222333783326536860e+00,-4.785103251545511638e-01,-1.504261359050093727e+00,2.043625886209125220e+00,2.084506757400292010e+00,3.572277320772355047e+00,-2.007157017259134868e+00,-4.644023290827505868e-01
-3.116574512152340937e+00,-2.471455006881426275e+00,-1.286920480448716653e+00,-2.486311248517325545e+00,1.514275563480048215e+00,-2.309374183655528157e+00,-8.352335264373871304e-01,-4.419076449027978803e+00,-4.118542786007177270e+00,-2.143092753206717216e+00,-2.768899443592787168e-01,-1.605078418720596867e+00,-1.308705340306479226e+00,1.271947227364071953e+00,8.073082456504224735e-01,1.486237608680740507e+00,2.331746411659887830e+00,-2.739897537492322677e+00,-2.273510712920538968e+00,-2.985044716704938761e-01,1.328950051193740656e+00,-3.957267011401258916e+00,-3.062190324339443270e-01,3.230860699650708767e+00,-1.879804443758330113e+00,-6.058239001980519900e-01,6.545738914732702751e-01,9.325451131534061577e-01,-7.141177137596541602e-01,2.647461692506796194e+00,-2.134480379167597697e+00,4.423614354372364943e+00,5.571260199974092941e-01,5.627239039916948071e-02,2.726597082268529260e-01,3.343116954815087194e+00,-3.462433779155085212e+00,-4.897366125733704223e+00,3.447439191235660561e-01,9.913864017142055562e-01,-4.936632554099738557e-01,9.457888859791596659e-03,4.907812848388637406e-01,-2.699294663534730798e+00,-3.931009456203407915e+00,4.945964453298094532e-01,-3.672367320216068265e+00,1.520634351892256486e+00,-3.156945671308011292e-01,4.046274741351616910e+00,-1.753727158913344519e+00,-5.746959892903965583e-01,-1.234585739209559163e+00,-4.166500434647187667e+00,-4.894303357527742815e-01,-2.739893477350796580e+00,-3.533474300995123052e-01,-6.038661771958029334e-01,-1.464060586982592671e+00,9.251474350527255641e-01,1.750553199342044008e+00,5.752221836608615302e-01,-2.105666370462353942e+00,1.448133703769668434e+00
-1.686290319351215539e+00,-2.754070305734352075e+00,-1.593952587362859052e+00,-1.125832253906324354e+00,1.115375352734000680e+00,-4.489163375680606194e+00,-3.473863238510997431e-01,-6.519158424542443875e-01,-9.624328894429274861e-01,-1.242030391132209477e+00,-4.271270855176159675e-02,3.324538688261120534e-01,-6.960975371385829114e-01,1.772054192739292100e+00,6.353525480004950099e-01,1.448915977993758597e+00,2.626648345156884279e+00,-2.196040456893451953e+00,-3.138062491406877985e+00,3.871123419695239876e-01,5.092252312999873354e+00,-5.211813483253731505e+00,1.351836285607243004e-01,5.138293222658910864e+00,3.794583862622491477e-01,-1.429124792548736478e+00,1.213673950796163359e+00,1.571195889268197365e-01,1.448479190133029615e-01,2.929014735349817933e+00,-2.164892425231963902e+00,3.354661899106902823e+00,1.892125904990918706e+00,-1.149267543225515942e+00,2.716874650198852770e+00,4.422806488308327566e+00,-3.177276123290439180e+00,-4.017441471319371793e+00,1.382103792251099250e-01,9.781561770140732026e-01,-2.375086755815797868e-01,3.946550709002124568e-01,1.683443970062732831e+00,-2.801681031336139771e+00,-3.136540613418297152e+00,-6.003962771101695184e-02,-3.665771077038428416e+00,2.355795113063752666e+00,5.502296919739436687e-01,1.953802992690106155e+00,-2.057476571090907314e+00,-2.905251283349345570e+00,-1.729053257539660660e+00,-1.436037067194789518e+00,-3.174191679005591737e+00,-2.696704146091194243e+00,-2.433712732582978266e-01,-4.588941370096339956e-01,5.138780785606842372e-01,3.069228265290630198e+00,1.907367699536342220e+00,1.800127412811739935e+00,-2.242919412499685183e+00,3.131731501686116914e-01
-5.007909140876579457e+00,-2.545266658926849779e+00,-1.547368381453455566e-01,-1.884062474110714813e+00,2.839648556362317500e+00,-2.951554122199337549e+00,-7.999206411493978153e-02,-3.176526287640809354e+00,-3.681605213572173518e+00,-2.245595780841694200e+00,-1.024474510514576053e+00,2.879982628562824498e+00,-3.169679412260019369e+00,2.649235715160327409e-01,-1.440837471287947480e+00,2.184964887925070265e+00,1.721262295643151585e+00,-2.337542101214455492e+00,-2.760005492278409189e+00,6.374737001153298888e-01,3.814109582967783130e+00,-4.209816006840518376e+00,-9.147241251726079270e-02,2.847232553925388210e+00,-7.857360378527985523e-01,-1.868209329970448973e+00,1.511761110271910180e+00,-2.030913274131670998e-02,1.185410513977537939e+00,2.807410211681146350e+00,-2.469662558224722471e+00,4.486487394639908644e+00,2.763904174161154081e+00,-9.249939531166827544e-01,1.482613291877786121e+00,1.830852449450906638e+00,-4.240811757755853506e+00,-2.903208857107762331e+00,1.703319581369536206e-01,-3.006321433904504126e-01,-2.848868472276398833e+00,5.746662179540737991e-01,1.337089895141770235e+00,-2.688889360847522614e+00,-2.828173932354359543e+00,-6.611540639983672918e-01,-3.390748970356963987e+00,2.554575008149241100e+00,2.940977964705563164e+00,2.701487895662057603e+00,-2.282776431682238094e+00,-8.743836549496722954e-01,1.380953668358600561e+00,-1.400842768978202590e+00,-7.993374871670974047e-01,-2.112942693743647293e+00,-1.128588120317555621e+00,-2.285001340955664428e+00,-1.404822760027577111e+00,3.232010781413313438e+00,1.671324155984586834e+00,3.291921105788129687e+00,5.619294804748875549e-03,-4.589142496770657331e-01
-2.056594347399117506e+00,-2.630223132367366379e+00,-2.257898239405907503e+00,-1.192005480563778086e+00,7.707456842024706933e-01,-2.813328331007659333e+00,8.298914670454127229e-01,-3.452857531432728333e+00,-2.933347262423009028e+00,-7.708404763124688808e-01,-1.086231352834322816e+00,1.175407984647404369e+00,-3.666822846307285388e+00,-4.580276774384084426e-02,7.418353326585925833e-01,1.074196933179554891e+00,5.172515325473359127e+00,-2.519853151624307674e+00,-2.024250770220051621e+00,6.648130946742347724e-01,2.927327489437050012e+00,-5.533946629743476286e+00,8.108849942297959856e-01,1.885888640214620882e+00,-1.219091713042296021e+00,4.797258761288653028e-01,5.835861896839378282e-01,-1.276939963864869576e-01,-9.554741914993725160e-02,3.743515836746434733e+00,-2.097175650975422911e+00,2.124626667335631325e+00,-1.850473621045445327e-01,4.876719657042833944e-01,2.072125608565182020e+00,2.614816892076324173e+00,-3.111877324705627945e+00,-1.721346849658386358e+00,2.395691655864164993e+00,2.878872020011075672e-01,-1.535059750660928479e+00,6.966958925108288625e-01,1.088527669901891759e+00,-3.079295626107061867e+00,-2.384669051579565657e+00,-7.828027212115538092e-01,-4.874470019161141643e+00,5.903181180375935977e-01,8.181630638903650832e-01,2.469899049980701200e+00,-2.348662434241048480e+00,-6.992033069307409532e-01,-4.923113983603533139e-01,-3.884015354030702305e+00,-2.157781687936116022e+00,-3.945908251978974768e+00,-5.806363899193242029e-01,-9.821393998426142247e-01,-1.407135809498032408e+00,3.267602971624430808e+00,3.762778906874146401e+00,3.320873982994427376e+00,-2.617756307731559762e+00,1.603769731699267176e+00
-1.464818912290613895e+00,-2.637331940214489023e+00,-1.300970316701482554e+00,-2.005612587192309171e+00,2.644049569151062151e+00,-2.289390392065178581e+00,5.790653953861587544e-01,-3.472816327239099721e+00,-4.247701196804619883e+00,5.618752840718610475e-01,-1.085946084497076747e+00,5.314209813144500361e-01,-8.771691131194676583e-01,5.230105304709068426e-01,1.295360278902911277e+00,3.597505336742846449e+00,1.993051647345291055e+00,-1.676372804760125179e+00,-3.901645253545699354e+00,5.841974877875494299e-02,3.181478068325868325e+00,-2.000537917968098434e+00,-1.446959488018370599e-01,3.183839407782438347e+00,1.372629732847272521e-01,-4.060584110139209280e-03,2.437108221122950447e+00,7.783416531362349344e-01,5.911755998593500872e-01,3.264969594440962908e+00,-1.342449624472898062e+00,2.778869883419966325e+00,2.826643129832358436e+00,-6.657143221268845279e-01,4.188140831024111943e-01,3.715584563431175713e+00,-5.200883602873712874e+00,-2.012655842127796024e+00,2.311546071405859770e+00,1.674691952698493136e+00,-1.905867817531860187e+00,2.008481480673983466e+00,1.776978503881717186e+00,-2.192886469248265247e+00,-3.046006764820879287e+00,-5.141774462167260085e-01,-1.501311281093740124e+00,2.932784018170992546e+00,1.583765737972429033e+00,1.578317364697931380e+00,-3.038102838417838569e+00,-8.230034928594966992e-01,-1.103502999279593055e+00,-2.873891247641037872e+00,-1.801405129625636814e+00,-2.565224064347481736e+00,1.043347917168512273e-01,-6.093754317689753508e-01,-2.236393494714093322e+00,3.375261246837422568e+00,2.114548498026468604e+00,2.604410860861200661e+00,-3.481060120350011111e+00,-2.143835490527199017e+00
-2.291628007141752299e+00,-3.298500891106535438e+00,-2.875574412549239955e+00,-1.097850962877787273e+00,4.509582644676468632e+00,-1.549887345881440615e+00,-5.606596351262348454e-01,-1.516155546823090283e-01,-7.682635287399059987e-01,-1.812244672698405168e+00,-1.250371731856682267e+00,4.427116499685341267e-01,-4.078208224806094684e+00,9.478315755562680689e-01,1.289329894995826509e+00,2.459257067391924068e+00,1.053373768042113134e+00,-2.382655777220313631e+00,-3.492013437285210742e+00,8.742400754435508681e-01,3.259565117133750967e+00,-3.743678487359678009e+00,1.251341704170212399e-01,1.793113240795709329e+00,-8.423376084156031229e-01,8.570551082992232672e-01,2.658393254624794810e+00,4.989662984725954376e-01,1.138968001651385897e+00,4.235681093392447139e+00,-9.329250874359944490e-01,6.768428424717822800e-01,3.752438662492949106e+00,9.028964562728725163e-01,4.560295416470216967e-01,2.338682583515077518e+00,-2.429067834541632109e+00,-2.131134687458853705e+00,-4.311837198679179251e-01,1.277031046078862975e+00,-9.274105790145784622e-01,-2.802629214588756579e-01,3.045440884300161244e+00,-2.383177370778803095e+00,-3.378080582643222751e+00,8.519867808970351675e-01,-2.309012113326254667e+00,1.511148517902924704e+00,3.095369925087020135e+00,2.377531434496378271e+00,-5.169814151643341571e-01,-1.197828669023230930e+00,-1.463851338534714719e+00,-2.838146117740235841e+00,-8.552359884950400115e-01,-2.909083469111679587e+00,2.580325722251197718e-01,8.960977820111154513e-02,-1.402450861005828386e+00,2.630765165300758657e+00,3.090219385104609362e+00,1.175822909961782514e+00,-3.078046638380081745e+00,-1.527518163911598004e+00
-1.855031975642716491e+00,-3.834464294691059649e+00,-2.785018625495669031e+00,-6.822926554898557372e-01,2.772642732510087527e+00,-3.215194441514584778e+00,4.561051584489436150e-01,-4.268429992950196983e+00,-2.482852474251191488e+00,-1.418505267561076311e+00,-1.849547638934936566e+00,1.475143154574659610e+00,-3.220681303075047630e+00,9.885080353934081465e-01,2.784583138274224545e+00,2.179186489244029357e-01,3.062485492179277458e+00,-1.073359502884570382e+00,-2.733550242746898729e+00,1.703221139058515021e-01,4.302530190513646602e+00,-3.676558676087262167e+00,-1.629117340850113616e+00,2.282949499037447261e+00,-1.571103949046147807e+00,-3.845926191141263994e-01,-6.187515555972540326e-01,2.599229435672955058e-01,2.709436806817984156e-01,3.527194944688640810e+00,-2.092253717341321373e+00,2.584283845635952481e+00,9.467454060063491550e-01,-9.336434246926861302e-01,1.757514784228066951e+00,3.322628626494455784e+00,-4.356571033618763522e+00,-1.117798229861426851e+00,-3.534833964826619157e-01,2.206212519602959610e+00,1.366664761834168074e+00,1.422445450617356943e+00,2.495906581790994228e+00,-4.043261766520355849e+00,-3.566973463866069061e+00,8.997172626264405837e-01,-1.572637625092804692e+00,1.614604327677344076e+00,2.021504233875733858e-01,2.386032775752396251e+00,-3.228997071702244259e-01,-1.182032279779970496e+00,-1.195127839726583874e+00,-2.493000714742559243e+00,-1.609510525483619725e+00,-1.534607712232358256e+00,-2.821378442300624956e-01,-1.219350679213199395e+00,-1.991134507975483192e+00,2.248075002886744223e+00,2.201512916179163781e+00,1.696511343740074063e+00,-2.436996412674286905e+00,3.433977123578209056e-01
-1.629606090818339625e+00,-3.072226183388309551e+00,1.802790224554400300e-01,-2.730864360985587602e-01,5.920784893693398221e-01,-2.205823542411327054e+00,-2.065459736586172657e+00,-3.868021756892405794e+00,-1.951359502584613548e+00,-2.263256312812933047e+00,-1.382681668857862256e+00,4.500962025253979482e-01,-4.486463226115464664e-01,-7.351859969163141439e-01,8.355907659745052118e-01,1.478759126949809488e+00,1.774694851705701293e+00,-1.872989166542471606e+00,-3.908784742895348607e+00,-4.742502799552139603e-01,2.822947017131586467e+00,-3.026780175471158518e+00,-5.100601209738976349e-01,3.999540869630654250e+00,-1.611585542358922485e+00,2.319582673465366840e-01,2.417847300374598163e+00,1.224564709396765316e+00,-3.923857084777747639e-01,1.382639491818574040e+00,-4.034166058343440220e-01,3.131140660058059577e+00,2.280583835771904155e+00,-1.788748640833812020e+00,2.182052868192926098e+00,2.248045440280567409e+00,-1.599262897691581697e+00,-2.279736041378488842e+00,-5.979994245400701569e-01,1.534087469235845269e-01,-1.653701483530919392e+00,1.256222563949921600e+00,3.706792083847422870e+00,-2.268476365259743943e+00,-2.654378525390060251e+00,-6.122211500837717590e-01,-2.871951550576484102e+00,2.592963964016778977e+00,1.793394581866862847e+00,1.862755462807501816e+00,-2.294006931776839231e+00,8.730906534642426386e-01,-1.249558076515697502e+00,-2.560873150537951393e+00,-4.353181573856452768e-01,-2.080194684658900339e+00,-5.417051473723016874e-01,-4.575817016896153167e-01,-2.475140561226257585e+00,3.698934162409296178e+00,2.872566661400510313e+00,3.617254367078315269e-01,-2.444112735684766058e+00,-7.842702605897882151e-01
-5.121715130284320239e+00,-3.229041480295475885e+00,-2.348948776160337371e+00,-3.288508684746028088e+00,1.621157257390220430e+00,-4.031239730098110208e+00,-1.109861662387634063e+00,-2.574580703162687279e+00,-3.666667333357547687e+00,-1.476772259768412310e+00,-1.316085299316432478e+00,3.683982413671914591e-01,2.956118398222098431e-01,2.467701894312672728e+00,-5.472043055361426322e-01,3.567152648290006223e-01,-2.092982126455025238e-01,-2.332011790177342281e+00,-2.936373650672954305e+00,-2.220417396333758120e-01,1.949013242485526654e-01,-3.221413636547682646e+00,-1.779965245652934902e+00,3.243565935993347971e+00,-2.289224640020194990e+00,-1.514466551263095706e+00,9.543483680390181245e-01,-1.368916112589028344e+00,1.092383722760275955e+00,2.052976145254158169e+00,-1.754208594376264418e+00,4.009458393381677865e+00,2.433761351883781732e+00,8.539553648905947592e-01,3.125491864007290843e+00,2.273115876005852076e+00,-4.667520038477922739e+00,-1.427666758472299735e+00,-5.711478598873803714e-02,4.608465427083671684e-01,-1.690294139455315037e+00,1.078814118305112757e+00,3.199232782849256829e+00,-3.639987488772124191e+00,-3.281832357873752493e+00,-1.036704135278251560e+00,-3.329118243837625890e+00,2.209387649658353769e+00,2.676619479472432062e+00,1.226578709151648683e+00,-1.713515534792146688e+00,-1.963758583495349930e+00,-7.963388588240062349e-01,-1.879035263366743314e+00,-2.352167589737313325e+00,-1.150604791155008799e+00,4.216527656963433568e-01,-6.777001935848162573e-01,-3.498918770166854042e+00,4.004191944083848043e+00,3.624198181876914227e+00,2.026281717225654422e+00,-2.830602801889726905e+00,-3.511925035465508493e-01
-2.842737465198807101e+00,-1.443376364400243306e+00,-3.719944634112477555e+00,-1.838328066410353845e+00,1.999054361645337785e+00,-1.855962758354325448e+00,-2.020189224128231764e+00,-2.782291362256882561e+00,-4.510781255412838142e+00,-1.587868680016659262e+00,-1.366136127911769416e+00,-2.589186226411704927e-02,-2.432809380388228249e+00,2.518716989756593527e+00,-1.666787870667381100e-01,9.505548040759679296e-01,3.078061030461713088e+00,-2.123744997999831963e+00,-3.528951560241776697e+00,8.670601118286773712e-01,3.411078531646264178e+00,-4.886591516096386201e+00,-2.286318122604925618e-01,3.759608670130455632e+00,-6.871960866763082709e-01,-7.106450676308739833e-01,7.347983965377204996e-01,-4.986072803183359547e-01,5.791443273686166515e-01,3.667466314286180307e+00,-1.871408680251885004e+00,2.792484490961005150e+00,4.264446809194037513e+00,-7.087897868204080520e-01,2.507396841647986374e-01,4.042014646095592134e+00,-4.455644987968944370e+00,-1.714731652767182535e+00,3.839611814759236186e-02,2.850319192519509270e-01,-1.055455251718452114e+00,8.546157901434767723e-01,1.729803022901265308e+00,-2.223180650216685539e+00,-4.869503201782831248e+00,1.288792492281576774e+00,-2.585585253012642415e+00,2.245539201125704931e+00,4.072646672168959148e-01,2.365712553106791738e+00,-3.416124039213441321e+00,6.110377187876114835e-02,-2.038186984168338434e+00,-1.799680816493548496e+00,2.112887091402479989e-01,-3.597756469677758862e+00,-2.466763828872612585e+00,-6.790528403276852032e-01,-2.110798542554596313e+00,4.225323878756185536e+00,2.854410887298360233e+00,1.866391533993487339e+00,-2.798651274094020369e+00,1.827786222390078708e+00
-7.242527556041749026e-01,-3.590099416406805410e+00,-1.139713623552916388e+00,1.106275214426677422e-02,1.950891774149675850e+00,-4.003151450773414055e+00,2.712186698497071058e-02,-2.860208753720034913e+00,-1.979850041528829596e+00,-1.530056867974699975e+00,-2.018288561866476982e-02,1.601122443386812921e-01,-3.128993608610239452e+00,-4.537134615609350607e-02,-4.303695613197047187e-01,5.429298141569517400e-01,7.499077800629485591e-01,-1.757299352130116787e+00,-1.655596921668140542e+00,-9.983764687679941296e-02,2.548428466313912288e+00,-3.411295234633405116e+00,-3.311272974986460560e-01,3.236530554995249442e+00,-1.168419277116707899e+00,-3.377956140565996357e-02,4.862198693820705131e-01,-7.738405789622916364e-01,6.299467506971511144e-01,3.213598823697683127e+00,-1.214219497647937018e+00,2.578831694812804720e+00,2.824852532864092325e+00,3.961324130738622107e-01,2.148599416105140492e+00,6.854376157608794706e-01,-3.371895409098413232e+00,-3.408151464534305397e+00,1.330281164735235500e+00,3.663113262817888627e-01,-3.367961164554293063e+00,1.464317187678839005e+00,1.024809062983134567e+00,-2.465031073451201760e+00,-2.598974570233661741e+00,7.986594840827505593e-01,-3.870209293641538650e+00,4.471018602515144380e-01,7.689434259887139023e-01,3.486041342756631689e+00,-1.710270896937162499e+00,-1.447009882364368671e+00,-1.036254901083038193e+00,-4.357500214948906603e+00,-1.522588699054135519e+00,-3.938434880838634022e+00,-1.139199274498941872e+00,-7.561481711141821993e-01,-1.357505907991111371e+00,1.718350152476010306e+00,2.768579804163296743e+00,1.812646903617778804e+00,-1.158887633225394120e+00,1.284081742745592170e+00
-2.802811366157967221e+00,-3.666526398376162010e+00,-1.702867997825594504e-01,-1.383711366183222546e+00,3.254203781854130284e+00,-1.790256213204700408e+00,-2.748965229385925912e+00,-3.260979973222668082e+00,-2.381362081088125748e+00,-1.643978381549466405e+00,-1.118078091978238042e+00,2.035646629026386822e+00,-1.190525432198004774e+00,2.456146370638592202e-01,1.870272520896015811e+00,7.285417970653927933e-01,2.513100494746956848e+00,-2.509161112243181613e+00,-2.811299692699702035e+00,8.473321439601858573e-01,2.296346992289821642e+00,-4.025762925745389076e+00,-1.605802895668981378e+00,3.303087809135230479e+00,-1.552733066182714339e+00,-1.710046532834360034e-01,1.430288193945118635e+00,-1.651518438561406343e+00,1.894116144873987162e+00,4.084220310112026908e+00,-1.864281370015389294e+00,2.594078605940532523e+00,1.940616655417746639e+00,-2.302159919904878671e-01,-8.131772622408037776e-01,2.820666262057250684e+00,-4.497140673776788944e+00,-1.365829580917601094e+00,-7.397173892968180731e-01,1.868471060947043849e+00,3.988993353782186446e-01,9.659230023073948068e-01,2.174910246649892187e+00,-2.068454549152956456e+00,-2.873874838218106298e+00,-3.040343814554602453e-02,-2.610908865281867719e+00,1.478018587757297553e+00,-1.745314770179338115e-01,3.632296989990542624e+00,-1.343220500248748950e+00,-1.898798055513566840e+00,-1.749269308358411656e+00,-3.729518346468001067e+00,-2.213568324559228806e+00,-2.605781720638732146e+00,6.869624596861303445e-01,-1.537633149441893221e-01,-1.797475434758286417e+00,1.877245521679322238e+00,2.684926968938494696e+00,1.555238910830377241e+00,-1.573471119848512512e+00,1.020967788823739175e+00
-3.407978519261787298e+00,-2.462150594967350337e+00,-2.900723446816217077e+00,-1.504657581727981253e+00,2.217921506301208545e+00,-1.925207703631471201e+00,-1.903247550604241667e+00,-2.703233330167738035e+00,-2.515174999549928625e+00,-1.153799751072817736e+00,1.066114443689940794e+00,-5.892549178490072981e-01,-1.010726380351971709e+00,1.149405231726692955e+00,7.406552744293883883e-01,2.880472986165622196e+00,3.333665565952181886e+00,-2.288570045815020659e+00,-2.006474132209441041e+00,1.743161476584242475e+00,2.241315503486849714e+00,-4.616316651239924518e+00,-5.118814646552060088e-01,3.219185460860197523e+00,2.115693728384644423e-01,-7.894449087182870972e-01,8.404395947842921988e-01,5.099341637096049817e-01,-1.209670223386603460e+00,3.601954718917567355e+00,-1.013717940155391295e+00,2.016258809048188549e+00,2.098620054949686065e+00,-3.894312261427769206e-01,1.521147124569679709e+00,2.246566593874057105e+00,-3.292806282260457351e+00,-2.595208170327215846e+00,-2.185255785245110438e-02,1.059863046438155987e+00,-6.817504827035690829e-01,1.465195284458460367e+00,3.260322373303935706e+00,-2.493911420341680341e+00,-2.504124644606708028e+00,-1.067974609887537341e+00,-3.716475256147912631e+00,1.614283172363955465e+00,-2.618792849692463953e-02,2.512691290389125420e+00,-1.860912517418479073e+00,-6.022618599396198924e-01,-3.131762059749301219e+00,-1.620730815398375046e+00,-1.543367529533152149e+00,-3.849145128004020755e+00,-2.637986391516641937e+00,-7.595645830187114367e-01,-1.094301113955641558e+00,1.661995014840930374e+00,2.046588910027035801e+00,2.114654343366552780e+00,-4.110571654642436457e+00,7.430327353166295001e-01
-1.471783367334852377e+00,-1.531497324091740664e+00,-1.870295807363707929e+00,-9.584922599841910751e-01,3.638641870958824409e+00,-5.525464606147281188e-01,6.782452368202742665e-01,-1.777754143632568118e+00,-3.278219948554272900e+00,-8.902820188838155291e-01,5.677962484621639216e-01,1.098929206383753687e+00,-2.157386954862166029e+00,1.961272518447085833e+00,-9.194443314997597927e-01,1.553374847390613267e+00,5.371896430841136549e-01,-4.914726303665457596e-01,-1.014591104692023737e+00,-3.350360711308936201e-02,3.709341717977987507e+00,-3.818827947507641873e+00,-7.614234795524637001e-01,4.238045877693567220e+00,-1.048435168733929057e+00,-1.610623321143520859e-01,1.254717519213102150e+00,3.813069353571169606e-01,-1.104753747954379639e+00,1.581913940039197719e+00,-2.873102567242155736e+00,2.022577904209274191e+00,2.777598569713894960e-01,4.001939456327333056e-03,2.540036691575731531e+00,2.535885415575961144e+00,-2.486499534879828666e+00,-7.737767734453662172e-01,4.059738884612369425e-01,-2.672391637750957116e-01,-2.006961746414254399e+00,2.039151637769104575e+00,1.648441212765625608e+00,-3.928312620749495387e+00,-5.441875788117259027e+00,1.695084536132292818e+00,-2.062648524805736017e+00,1.935008640928332468e+00,-1.277818201425883871e+00,2.557539590025680099e+00,2.838837086481882377e-01,-1.324924618720028757e+00,-1.766752001939333461e+00,-4.852561697348575009e+00,-5.296411111952411543e-01,-2.390929162618195658e+00,-1.975971133404174296e+00,-1.102512846733992580e-01,-3.065721879760317847e+00,1.861430029077624893e+00,3.519840871458422615e+00,2.119058788131729987e+00,-2.366844185559565439e+00,9.468955492331216917e-01
-1.965193716274550084e+00,-4.467418435162127999e+00,-2.193426290522214828e+00,-1.150411079600756059e-01,1.976447009791956422e+00,-2.288264894712876085e+00,-1.806682739964983186e+00,-4.005827651513195420e+00,-1.435458669487134076e+00,-1.732354162931928343e-01,-1.486793882669299016e+00,-3.875492337162862455e-01,-2.592554265395874857e+00,2.423811062432025931e+00,1.617270302050838104e+00,1.758845242450610913e+00,3.267743769960671507e+00,-2.627307755829036306e+00,-4.480012938174887438e+00,3.196250181263530221e-01,2.719677289547647980e+00,-2.023382644518076923e+00,4.338591453812331578e-01,3.757817570469979440e+00,-1.590340540858925067e+00,-5.073794121337091845e-01,2.173700851235765619e+00,-1.859549346255782165e-01,-1.609036123447808997e-01,3.243834922644515117e+00,-1.540316155316049151e+00,-3.093795679753816863e-01,1.653639459207331797e+00,9.698351427238238731e-01,9.470835460505881986e-01,2.110755059574301651e+00,-3.348810786210508095e+00,-1.996213017357306718e+00,8.699089441985665694e-01,1.158361395071092037e+00,-9.108068040308077151e-01,1.753952980218583813e+00,2.078027050538208798e+00,-2.027090518404004893e+00,-4.100527795586485169e+00,-4.263738589529139089e-01,-2.351299169354526875e+00,8.755516400316853964e-01,7.612079781678595669e-01,4.122497431093458786e+00,-2.969071725892902691e+00,-2.097113936479531038e+00,-1.387840687351476365e+00,-4.060271587345649635e+00,-1.424550123669212409e+00,-2.222787925924103014e+00,-2.607517316879332192e+00,3.189826384823711836e-01,-9.751777691811581716e-01,2.853004119746778589e+00,4.009776687979202947e+00,4.702261937995174890e+00,-1.974297839629973073e+00,1.885770106136787083e+00
-1.647733689801620383e+00,-3.780510324787905052e+00,-3.196555722004381206e+00,-1.123410397152458273e+00,1.305204258683758667e+00,-3.923941904408168924e+00,-1.655643186488043317e-01,-2.558576330651601172e+00,-2.488227431932569900e+00,-2.736213258744495835e+00,-2.004419912656063119e+00,-2.987565797086877417e-01,-1.062331074241333662e+00,2.564393599138099944e+00,2.217108366859882551e+00,5.342856740122150505e-01,2.860133090174583614e+00,-1.913948836687247024e+00,-4.440991585745071468e+00,1.140476406213991600e+00,3.582553945876336243e+00,-3.624431524106797031e+00,-2.397900756113427789e+00,1.772073690006204405e+00,5.900918555656653464e-02,1.319996209290259959e+00,5.719415279422053189e-01,-9.692935206270874016e-01,9.612995993537400974e-01,4.139120177556158353e+00,-3.664244371516975907e+00,4.303550040931803267e+00,1.984946592704466717e+00,7.409258683683028757e-01,-1.815483555250581027e-01,3.482366341748286853e+00,-2.323596008640909538e+00,-3.018385963571236452e+00,1.323818907209871165e+00,7.983585232223502359e-01,-3.450604370624904549e-02,7.182832615060897874e-01,2.303156448088651498e+00,-3.632696791496642152e+00,-1.449146455114315168e+00,9.913983664838675880e-01,-3.562490398232628586e+00,1.321132956962508764e+00,2.631401411241055532e-01,3.961619463854223255e+00,-1.487167457302214890e+00,-1.975525523733622224e-01,-2.670963779470804766e+00,-2.364272318341214429e+00,-2.906919569293304750e-01,-2.147567891058507428e+00,5.494817419387376667e-01,-2.554645174888789061e+00,-7.969430384948172907e-02,3.033305584319449189e+00,4.295374929913264417e+00,3.816796162251849811e+00,-2.533018508646426969e+00,7.401661736040414663e-01
-4.116287485099470622e+00,-2.911757886874739576e+00,-2.068247315601802416e+00,-1.021768107654569269e+00,1.196544934218885192e+00,-3.232102140869768103e+00,-1.467351523376132727e+00,-3.486412696511713261e+00,-1.829989948886158846e+00,-1.476799180788978205e+00,-2.123451654841547187e-01,-1.110516535960592854e-02,-1.290481579865115691e+00,6.110205133875390437e-02,1.374124959337545970e+00,1.828288841847872659e+00,1.240032376865204844e+00,-2.056785958569787631e+00,-2.854950294401412680e+00,-6.235979213273437072e-01,2.680640361951073913e+00,-4.408058285650952257e+00,-1.238310747062896899e+00,2.467018731392605968e+00,-1.980379154693573396e-01,-1.400086184864943961e+00,1.461769104061910074e+00,1.264574496840566553e+00,6.585741891580361163e-01,2.894659927046278725e+00,-1.630855363556275694e+00,2.598246457951435495e+00,6.080756668826079459e-01,1.739068466397901025e+00,1.999621385326619372e+00,3.229758652679477038e+00,-4.628670083298660920e+00,-9.822406032797796893e-01,-6.315230503969806453e-01,1.468884123481807302e-01,-1.208140458751969959e+00,4.703171678664708200e-02,1.419191838269329597e+00,-3.237938192936040238e+00,-4.263100193832269902e+00,1.172286512460435581e+00,-1.245904839018368016e+00,1.048596148490395841e+00,1.306398345077094181e+00,3.999376744683396545e+00,-3.049433623477005639e+00,-1.314877884556616694e+00,-1.818067436535319326e+00,-3.518680736065516346e+00,-7.123077347056092634e-01,-2.480859133016809270e+00,-2.655588357678741129e+00,-3.379832089537503359e-01,-7.461179614382521530e-01,2.364822096136765861e+00,1.728939741583910727e+00,4.000714450762392183e+00,-1.148382289057163108e+00,8.186534636743592053e-02
-2.439417591931521301e+00,-3.405182359069101494e+00,-1.266024220564460290e+00,-1.388101065302154158e+00,1.799298759043478135e+00,-2.561897126521722079e+00,-2.970967316623638332e+00,-2.134262667667134128e+00,-3.618451897516314908e-01,-2.209049564562367785e+00,1.943614470615079304e-01,5.543599176563107633e-01,-1.958465629940780994e+00,-1.819810473852363497e+00,1.292304856866235419e+00,2.470421922804596271e+00,2.946555557875687903e+00,-2.340188304647861983e+00,-2.665688448286747558e+00,-7.939144139559970448e-01,2.733237028053124629e+00,-5.956576920632484118e+00,-2.215325861785907291e-01,3.091018657055382146e+00,-9.239000506935038937e-01,7.511149806542150031e-02,-8.288750707556691300e-01,-1.656030701189743493e+00,-1.558584378103603729e+00,3.855735853925768453e+00,-2.941435880381584322e+00,2.487337024127536989e+00,2.161624032292351671e+00,1.302552557778456910e+00,1.782570118223288702e+00,3.011854783975127070e+00,-2.294520441504351638e+00,-1.590928631566807194e+00,7.782033311337159809e-01,9.880344364587827499e-01,1.441046277021133415e+00,1.122575593271736061e+00,1.745552387882189027e+00,-1.738739553033098906e+00,-2.384696761901778039e+00,1.066446541023196470e+00,4.932301122962101658e-02,2.421597405401199055e+00,1.372456731050812451e+00,2.817373304425097480e+00,-2.139752947929810745e+00,1.022535204908441298e-01,-2.788432566102879040e+00,-4.686162270143565678e+00,-6.312583588482613139e-01,-3.224169336691873333e+00,2.900343935268216988e-01,-7.771437068392033076e-01,-2.997390478971666106e+00,2.957190036269067956e+00,1.830273426798792347e+00,2.140803697031324671e+00,-2.438596159809228059e+00,-1.537406871972503697e-01
-2.268812161978440933e+00,-1.187468750880861679e+00,-2.352216781683890812e+00,-6.090856583069743646e-01,2.791168350738784110e+00,-1.704890965080799958e+00,-1.517356803886708849e-01,-4.711960325632678526e+00,-3.600187049174464082e+00,-1.704945809758362740e+00,-2.179368014074940241e-01,2.025653168890947597e+00,-1.558897317605582700e+00,4.359812071254202115e-01,1.639368970395657321e+00,1.226418127752391563e+00,2.134483654964769439e+00,-1.965612511920528549e+00,-2.704056842974337460e+00,3.058933144362893097e-01,2.785380039511294203e+00,-3.162413920821202318e+00,-1.850322811471655227e+00,3.454253843647162814e+00,-1.722673372766339916e+00,3.462843019259370658e-02,3.948487357160468392e-02,8.756853424396242591e-01,7.273489043092545847e-02,4.802881404414739208e+00,-1.682787536701056741e+00,2.630297551258220512e+00,2.723209050503748951e+00,-1.051591612281118193e+00,1.417777601034353907e+00,2.437182206249835836e+00,-4.300934130931759469e+00,-3.623900061609984569e+00,7.623640504248001548e-01,1.301471843391304173e+00,5.771882728560293607e-01,6.230547312057754805e-01,-5.373402692900075550e-02,-2.724765699803025409e+00,-2.130291083276279362e+00,1.414012802781395184e+00,-3.793452471951038518e+00,1.275999492657797774e+00,8.652954283339460151e-01,2.836422601962963697e+00,-5.109404429897326239e-01,-3.958640793221728238e-01,-2.483093163035383188e+00,-2.096234147499753231e+00,-8.182124428090946644e-01,-3.743205681241798644e+00,-2.065427376800871961e+00,-1.610127504121449116e+00,-9.924028255351587946e-01,3.701881405003497161e+00,3.203735219968709025e+00,2.269512310859440163e+00,-3.252123938342966536e+00,9.513385937186261132e-02
-2.247031694008570391e+00,-1.979327669774488818e+00,-1.800249184596689922e+00,-2.982281427264691365e-01,1.605440370434516817e+00,-2.870018201767140731e+00,1.928180780827543073e-01,-2.233879626067756696e+00,-3.571297025614523335e+00,-8.270554018704250332e-01,-4.136321878520778372e-01,-1.281136598786968950e+00,-2.821303898637373742e+00,-1.390997947441156679e+00,1.631721684162168895e+00,6.154962908488450513e-01,3.285642096421233838e+00,-1.323048258168783908e+00,-3.672494388390127540e+00,1.149598141752016023e+00,4.588126675935844112e+00,-5.178723866165909406e+00,-1.003926181596769052e+00,4.672605897765542693e+00,-2.705400578091665675e-02,-8.646450199585017371e-01,1.082736778159735902e+00,8.596741098261817537e-01,6.621332691147078231e-01,3.988521243674469918e+00,-2.063943363916261653e+00,3.562650437181488439e+00,2.485236477092237273e+00,-9.784594446922538769e-01,1.745463709365697724e+00,2.642271241532855974e+00,-2.378673547800103094e+00,-2.284101415080008746e+00,4.842380838078401695e-01,1.422369110067938092e+00,-4.682160275283472894e-01,-8.919678406539632842e-02,1.446422205604456668e+00,-2.066378834224110506e+00,-1.443722628518736562e+00,1.484201649207595786e+00,-2.853666940638786897e+00,1.483656453373795259e+00,-1.145786599542052198e+00,3.413645462474790282e+00,-2.450737319818521165e+00,-1.976046734691296214e+00,-1.102450303831883360e+00,-3.490319086482189803e+00,-9.201218369508546990e-01,-3.476013998015361928e+00,-6.300589645793801541e-01,2.252430707668965360e-01,-3.565203326137194040e+00,1.275453835122219548e+00,3.056831664463458775e+00,1.927156473260370761e+00,6.361405465392793168e-01,-1.021674185050592154e+00
-2.034404062511697475e+00,-2.667959181573403615e+00,-2.310999437977467874e+00,-8.863756356008939408e-01,2.085772381586541435e+00,-2.931667072969559307e+00,-9.693619123319840991e-01,-3.015221494785972123e+00,-2.946336761666367821e+00,-1.604315224646143623e+00,-4.899471040376837672e-02,1.932987254752754458e+00,-3.063773154331356441e+00,1.358985632903717544e-01,2.488723753912813308e+00,2.758941979474343942e+00,2.938947331508221072e+00,-2.115442025406960802e+00,-2.434061630502660556e+00,-6.699267832235844544e-03,3.319208661028882901e+00,-2.242924198345607856e+00,2.230416177845787606e-01,3.672484255451414104e+00,-2.434797404935427956e+00,1.230329378150414321e-01,-4.415470524428366517e-02,-1.219000818124297503e+00,-1.720569178848811998e-01,1.543523284205254198e+00,-4.076564727256324794e+00,2.139696874141224558e+00,2.725574722669036554e+00,-7.202597498420684197e-01,2.410263561084028616e+00,3.392294824246325557e+00,-3.401797274944514449e+00,-3.181535354481193512e+00,-2.879575531632609930e-01,1.336672830927580380e+00,1.028601160736190678e+00,2.145001052532656161e+00,2.775937548583560233e-01,-3.082723581459108075e+00,-1.805929432611782293e+00,1.775277012337670657e+00,-3.643594340316345992e+00,1.804709668749975293e+00,1.982392688564216687e+00,4.952085567910858188e+00,-1.623885967343809522e+00,-8.753656532972052817e-01,-1.414753226908692429e+00,-3.741687180646928290e+00,-5.909689837694890313e-01,-1.716177718610004899e+00,-1.340843190195485590e+00,1.452484509768231069e+00,-1.909403512369207023e+00,3.109138008683593135e+00,2.259831220424257658e+00,2.381024309795739313e+00,-1.575695491774747659e+00,3.407034355428592232e+00
-3.774008509000270628e+00,-2.913409785834540688e+00,-1.715299678049266197e+00,-1.435150300560798398e+00,1.428589557186201064e+00,-2.167282209487930711e+00,-7.936238314974858321e-02,-1.894470832417507689e+00,-3.396069464031608476e+00,-1.850006969392635980e+00,-5.433986928506354119e-02,8.651522177970776273e-01,-2.618208674602832353e+00,1.014426931166365620e+00,2.365575707347495893e+00,3.889876559911287224e-01,1.681388710845112655e+00,-1.144973109698024460e+00,-2.549476014730126305e+00,-1.240213037495937920e+00,2.655298979935651893e+00,-1.515438140882874318e+00,4.940280901488057763e-01,3.426309005909076610e+00,2.383841598668483552e-01,-1.318488886785114333e+00,8.521104151281644334e-01,1.020777651407807074e-01,2.970424990517698038e+00,1.855360035118797990e+00,-1.516811595121220879e+00,3.264830674205960737e+00,1.974058977637743295e+00,-8.435470865681146124e-01,3.030119837195630605e+00,2.075971232705552172e+00,-2.944893919064718535e+00,-1.968175095573578171e+00,2.268550522286453486e+00,4.070214214174954770e-01,-9.023414463791570306e-01,1.605285969678714952e+00,4.307558200482992206e+00,-8.513696542391286926e-01,-3.154692015075326594e+00,1.199658034449932797e+00,-3.478407014462985725e+00,2.868139314071991297e+00,8.077834864041008034e-01,1.948443713978017966e+00,-2.710707990741867413e+00,-1.247955010385391805e+00,6.225667214163821406e-02,-2.437435113603492631e+00,-1.341881452824909449e+00,-2.541302013675398985e+00,-2.927146685035363127e+00,-5.602056268296300434e-01,-2.110527697415097936e+00,2.040551966705044684e+00,4.103743412737506091e+00,3.675382950165880125e+00,-1.781409937880879202e+00,1.957675019059117449e-01
-2.681276539510815571e+00,-2.964610654128011724e+00,-1.701120099283023990e+00,9.503739937075517119e-02,8.174135783796268040e-01,-3.671431620456519163e+00,5.510166985309249421e-01,-3.068320799876135485e+00,-3.548463842997164441e+00,-1.580471065331157998e+00,1.168279031275800905e+00,5.124786942128289891e-01,-2.243296617524747738e+00,3.077241743877192626e+00,6.436103477716167420e-01,-5.192431109580666337e-01,3.892805289095211840e+00,-1.941631404043733689e+00,-2.904552953240158164e+00,2.886416463785737019e-01,1.957877117692690794e+00,-3.431613470835277013e+00,-2.872375216208314708e+00,3.715028331119050176e+00,-1.759437849607657922e+00,-1.641738707828539923e+00,2.987855954425687521e+00,6.569131380107918750e-01,-2.085243615857963473e-01,3.024875567715225255e+00,-1.018776690239714844e+00,3.161707130693084622e+00,7.356915699055361912e-01,-1.343919209421039929e+00,1.361813966669942255e+00,3.578167172996457701e+00,-2.630357467379648817e+00,-1.939533316640025262e+00,2.861414820292446648e-01,6.749994540050331393e-01,-1.476424259300609609e+00,3.535059042404531393e-01,2.770119711253665962e+00,-2.831261728055900040e+00,-3.289975835218643230e+00,-6.252807110539972957e-01,-4.163904310689015453e+00,1.599397889907478554e+00,1.368472034418379168e+00,2.649803195707736592e+00,-1.330364750744196467e+00,-6.083190566977637603e-01,-2.517802770077770536e+00,-3.073765595375873794e+00,-9.489516397443733542e-01,-3.148171098891929809e+00,5.458589913835540930e-01,-1.303616687627606741e+00,-9.665102015226060272e-01,3.098369081438747230e+00,5.568128128459360227e+00,4.046624992094594475e+00,-1.211295878000933079e+00,7.028641636083118316e-01
-3.515375147576287329e+00,-2.152033492306767659e+00,-1.167938408925060179e+00,5.283332718392583782e-01,1.610254338136047014e+00,-1.655835049703868522e+00,-6.137143637706594657e-01,-4.339879904319360548e+00,-1.864929775345834706e+00,-2.535685541998200954e+00,5.412388047641885080e-01,9.215621235829904445e-02,-3.067077502322558491e+00,1.804311488340321734e+00,1.308298260216438580e+00,1.547043379619193137e+00,2.062328142552146026e+00,-1.163982569586201388e+00,-4.538201367352715287e+00,1.353035241684301226e+00,2.207339113457600810e+00,-2.371439009033031731e+00,7.634634782408642462e-01,2.414562766260635929e+00,-2.319018959276139213e+00,-7.212187542919149541e-01,2.841336479988128438e+00,4.268636953199155259e-01,1.352626365187467705e+00,2.128592656542669381e+00,-2.134830932243600543e+00,1.807316063596006828e+00,2.762542697201410213e+00,7.529733081357435631e-02,3.968052974480793527e+00,3.149816181463533482e+00,-3.346087561466179139e+00,-4.118099479841979438e+00,1.255438894856737209e+00,-1.506577345723093098e+00,-2.238465714419243469e+00,3.008879855427159189e+00,1.153875252848951760e+00,-3.133972087091087211e+00,-2.820001664637267424e+00,8.220486154455340921e-01,-3.258906435053007478e+00,2.394218376921899427e+00,9.331238811649675835e-01,2.181860371943560306e+00,-3.092568695913626264e+00,3.836526726204922966e-01,-5.471826190078323826e-01,-4.731193489237767835e+00,-1.015053133718899492e+00,-2.767554931397190110e+00,-1.673285698834517943e-01,6.704555544091340691e-01,-1.132935065668915886e+00,1.123219013326308247e+00,3.467301967312233835e+00,9.328202682896544751e-01,-1.940096497538935649e+00,8.856353962797628432e-01
-3.609699316500069699e+00,-3.734964952198496224e+00,-1.821252271849758575e+00,-1.513278161192759486e+00,1.279776148149169401e+00,-1.607755847516447512e+00,-9.695017690525394860e-01,-3.291916488116536588e+00,-2.709098236060325515e+00,-1.742143838393352961e+00,-7.487505951389594738e-02,9.577983993305262400e-01,-2.126245234295512709e+00,1.630081161145720436e+00,1.734318820218289758e+00,1.885259410917630607e+00,1.794746012525536116e+00,-1.816374997531164048e+00,-3.687605649461419333e+00,2.397409732605452870e+00,3.345004940372426461e+00,-4.781164034466135249e+00,-5.160305697138950487e-01,3.541792881638845980e+00,1.038305942694890627e+00,-7.323574024408039396e-01,2.296317454688991511e+00,-1.993128930200211979e+00,-5.718807281266982123e-01,2.669036479329068179e+00,-2.345106612619662467e+00,1.198112775679548880e+00,2.560081534374705647e+00,7.044269173460064870e-01,6.522091126148307216e-01,3.673003296860151146e+00,-3.001235043741217190e+00,-3.120156736415338194e-01,-4.536892282954312350e-01,-1.207426072882554324e+00,1.665278923670210354e-01,1.417734726291429936e+00,1.484971382893258252e+00,-3.054831117248850703e+00,-4.027607363490582237e+00,-8.383967339159810184e-01,-4.503700246224650705e+00,1.748046033915843900e+00,7.550505360959469670e-01,3.001435308178163730e+00,-5.556337206399901696e-01,-6.654644354452828869e-01,-2.176627502266199166e+00,-3.720966561675426387e+00,-2.616790867058747416e+00,-2.473973586533264157e+00,-1.977046646470351221e-01,-1.682048862364063035e+00,-2.865696917779351427e+00,3.400169654052883850e+00,3.200290583988662618e+00,3.634771428239186086e+00,-1.461697762706355652e+00,-7.490230802122037623e-01
-4.107983000976581422e+00,-9.015134141487839425e-01,-1.931382628679697344e+00,1.548909154224342721e+00,2.318823761584935639e+00,-2.534112177976454827e+00,4.043818798233220768e-01,-4.879523679853770446e+00,-2.053903489554476103e+00,-2.274119856083948399e+00,-1.799697949041122180e-01,1.945149496440243264e-01,-2.702348616571198292e+00,1.306260104366296027e+00,-1.900823228806265419e-01,1.970219470401752160e+00,1.763097139467472818e+00,-1.293255556693797548e+00,-3.862995681916808532e+00,1.177390253835149725e+00,1.915684833023598932e+00,-2.998131534627905825e+00,-1.558117257936697087e+00,2.188950610338538993e+00,-1.190776272600111207e+00,4.149989834310695569e-01,1.007965520488765643e+00,-1.043129249743273368e+00,2.772332475131476848e+00,3.652058534350500985e+00,-8.918464697001777797e-01,1.647051228962492564e+00,2.217969798466111975e+00,1.503206400213901839e+00,1.969339787070802927e-01,3.621687014498415014e+00,-2.671107066522144358e+00,-1.931277869611837783e+00,-5.725794719408741074e-01,1.757469918328520064e+00,-5.535665093700163908e-01,2.278829350623351235e+00,-2.313149222482056011e-01,-2.678458516768221997e+00,-1.564019556995956739e+00,4.025616357878193941e-01,-1.973854665956477961e+00,2.040783310399455708e+00,1.927841671231006249e+00,3.646053451405097512e+00,2.432945886109780798e-01,-9.483475717806587602e-01,-1.179650330375813905e+00,-3.015657260844680110e+00,-7.031157277676142181e-01,-1.097710872100002177e+00,4.775402382085283115e-01,2.210746340608219507e-01,-8.011512123311151923e-01,3.491777360984167800e+00,4.857469743699873277e+00,2.134727795870427602e+00,-1.312588662409879703e+00,1.529215091642670998e+00
-2.867768164844935352e+00,-2.856954289123880830e+00,-9.358881972708404939e-01,-2.013585207452947223e+00,2.022365607499019280e+00,-2.221126001760800328e+00,9.181918907909136784e-02,-4.334658457544106724e+00,-5.257230608048937270e+00,-3.497461648980819682e-01,9.500826167169529324e-01,-1.930463419858150509e+00,-2.788438647529815295e+00,2.395545264896089321e+00,-1.422180870386234863e-01,2.313974536756576494e+00,2.652799871787938191e+00,-2.780625270106090952e+00,-2.290731492874515496e+00,4.644676457562557648e-01,1.849731314771913437e+00,-3.409204832514151295e+00,9.874844114853897903e-02,2.448372266576886780e+00,-2.356736589519831782e+00,-1.070411835562512071e+00,8.615406798836997559e-01,1.973251024348570137e-01,-2.327845925473695399e+00,3.532541270551587065e+00,-3.787911990763900061e+00,2.934580341744949195e+00,1.176788511743296572e+00,-1.132916600965995668e+00,1.341303036047270414e+00,2.687923507754821362e+00,-3.250858207557806967e+00,-1.464593440409440062e+00,-7.456081075829719129e-01,-1.189231647010714488e+00,-1.638373528081117803e+00,1.864694452642533529e-01,2.532158123521213167e+00,-2.762965776756086900e+00,-4.375666623120386234e+00,9.332275103708032038e-01,-4.139052662000618277e+00,1.951756855672750923e+00,4.400649014665172221e-01,3.154238815116884531e+00,-2.452967951853195494e+00,-1.823363325497893372e+00,-1.008995538008113257e+00,-2.191898103857153224e+00,-2.580194037369807347e+00,-2.412048926679772887e+00,-1.997127216636446767e-01,-5.658046100561567870e-01,-1.877324105275613775e+00,4.496570471171764893e+00,5.312889228678574938e+00,2.460976332178472781e+00,-2.380955710641596834e+00,1.594690967521496416e+00
-5.513543618989368511e+00,-1.127549680685131506e+00,-1.233004898193322152e+00,-2.299798947154346074e+00,2.409211841328573023e+00,-4.170729215406601575e+00,1.785148075050217553e+00,-4.134869301868219438e+00,-3.864325938480114075e+00,-4.252561172477880014e-01,-1.387421878264178066e+00,-1.251196715726585529e+00,-1.843247613361348014e+00,-3.060429215181825757e-02,3.329597020799008322e-01,2.658263236981358801e+00,1.563739368984750300e+00,-1.082107340546320184e+00,-3.886705925605497214e+00,1.035067114091776652e+00,1.764417169853738754e+00,-3.002613052538194438e+00,9.079840198874622459e-02,3.596386616099497502e+00,-1.706695675432123860e+00,-1.602745004803283413e+00,2.428183986096965619e+00,-9.964115750774702462e-01,1.124770894239791597e+00,5.132506223077113461e+00,-1.760008608217175752e+00,2.075493646385431212e+00,2.971572921703290238e+00,-4.940134611336007842e-01,2.030189070884971692e+00,2.181776924909461179e+00,-3.508734588746575067e+00,-4.359651751548338616e+00,-3.759161701295399283e-01,2.021863091406988389e+00,-1.233507328607349463e+00,1.083303894441579818e+00,1.917120363063642197e+00,-1.654855148069755977e+00,-2.114840713038894648e+00,-3.123353714802484804e-02,-4.270972009341398312e+00,1.535275898331002420e+00,8.559733979589051467e-01,3.573584128163140861e+00,-2.501812756614851807e-02,-4.045718109779716798e-05,-1.208256616271960127e+00,-4.383881291966251759e-01,-1.507678947552317572e+00,-4.220167751300011538e+00,-1.043856890596267517e+00,-1.246479430659132859e-01,-2.286022694701163704e+00,3.004758699393270671e+00,2.440507564711750454e+00,2.711171954938315309e+00,-2.496397941242361807e+00,8.301232384851549018e-01
-2.093574527388078366e+00,-2.616365078900241947e+00,-1.089767937266675979e+00,-2.705988079792935874e-01,2.963280118855460277e+00,-1.630658109930364530e+00,-1.503083944462747068e+00,-4.644811429191801011e+00,-4.988922280818643529e+00,-4.839953003949304389e-02,-8.586714488136509837e-01,8.146025539187173869e-01,-4.374052864036697130e+00,1.322725875222154457e+00,3.055780899849643850e-01,1.951789544041909963e+00,3.875091680984980691e+00,-3.442172123995233424e+00,-1.204246026691561111e+00,-5.444358526762563821e-01,3.090914853987698940e+00,-4.282049967380464395e+00,-7.431974693141804034e-01,3.368505279426267762e+00,-3.120810322791069957e-01,7.523712507419366702e-01,1.872075103647440120e+00,-1.777664126166395575e-01,4.151943760745898104e-01,2.331569631527220743e+00,-3.802088581276805712e+00,4.552899924648047936e+00,1.820186329525766755e+00,-2.541130910548641819e-01,2.874673326554173514e+00,1.632337033501263690e+00,-2.546149190730137679e+00,-2.694485293295091566e+00,1.642024467736297844e+00,-2.111462271149845416e-01,1.934308159971400709e-01,2.287620671967869335e-01,2.485644579663492504e+00,-3.385207174445401535e+00,-3.025641481929677745e+00,6.417096909766979440e-01,-2.093288526727031140e+00,2.988086306835587624e+00,2.621394861638469465e+00,3.333497834790885239e+00,-1.993127956656219002e+00,5.357148401480658073e-01,-2.135839636442937728e+00,-4.059480392914014857e+00,-7.323139600166722607e-01,-2.591582328504334676e+00,-1.070647781026851764e+00,5.387442273400049331e-01,-9.516649041137384968e-01,3.314111035466822841e+00,3.379825341880200007e+00,9.973771219573350777e-01,-3.888363038789309556e+00,2.983218692999102029e+00
-3.929529702373384836e+00,-2.126825087694270700e+00,-1.087945096546709234e+00,-3.636813487534233058e+00,8.576049785473668363e-01,-3.287722447393564895e+00,-6.655267117404974897e-01,-2.697762806907908928e+00,-2.455820082438255447e+00,-2.343936592061989010e+00,5.204353155071695936e-01,4.210800352261158119e-01,-2.760243022856144535e+00,4.485554491565879043e-01,1.173765290546002094e+00,1.582831613766049417e+00,1.655794966131476587e+00,-2.307779303645833391e+00,-1.718762288073240052e+00,3.214337193014679128e-01,3.747545729401203563e+00,-4.153060892106578805e+00,-9.266329036175640077e-01,4.309549308099397180e+00,-4.701792863600967043e-01,-7.132723772077256275e-01,-5.129242777246285634e-01,-1.380149210991792053e-01,-5.497729874293533214e-02,3.038260063650736420e+00,-1.254305748555124778e+00,2.590022532134161892e+00,2.448768785957653904e+00,2.596235903631453068e-01,9.312800956044000600e-01,2.417056555890584768e+00,-2.937597625225721654e+00,-2.334935919899371992e+00,3.030914117233677318e-01,1.623135903756669052e+00,1.049787228279583928e+00,1.840266050933136999e+00,2.782752542065208168e+00,-2.769987101197287416e+00,-2.586819032496640247e+00,5.611598565865050237e-01,-4.170253169418860928e+00,1.266453182748902950e+00,1.730620638550435686e+00,3.490942686602198197e+00,-2.981926738938858179e+00,5.503680827822647892e-01,-3.385298642664709146e-01,-3.693362097426799107e+00,-1.374885770343111213e+00,-3.919214233443829798e+00,-6.571842983157725193e-01,-9.924328775248353329e-01,-2.757505576899133004e+00,2.977991072072763146e+00,5.406081248632243152e+00,1.225562043468272577e+00,-2.572238021672745401e+00,7.514810942908944913e-01
-2.245464944584776745e+00,-3.271329533367604014e+00,-1.414603434857520936e+00,-4.564159680125080554e-01,2.254821494679517979e+00,-2.961879328641578990e+00,5.950834144312416862e-01,-1.126185187294389323e+00,-1.596412088428008857e+00,4.217803149905230420e-02,5.236028074943105404e-01,-2.120091050953195611e-01,-9.723921130964729986e-01,4.437384137026245123e-01,5.322250318988660522e-01,1.312237671361122349e+00,7.947814171993290433e-01,-2.366072068150335994e+00,-3.232655752131451621e+00,1.083714883034636589e-01,1.339329692541530115e+00,-4.645372979179883899e+00,-8.767280735286369087e-01,2.657865726806857509e+00,-1.883620084012328499e-01,8.845539712928971454e-01,7.723672529482528137e-01,-2.682567148678508318e+00,-8.111379293126317336e-01,2.160645475391829606e+00,-2.350459832324528708e+00,2.316777144424628787e+00,1.633633140078383450e+00,3.273554055296578613e-01,2.145421673234912507e+00,2.550052314248557828e+00,-2.365896534691629860e+00,-2.985557298926936998e+00,9.911836248574802388e-01,2.912777369731819332e-01,1.504293804525802525e-02,1.339419835190996944e-01,2.192604808180382392e+00,-1.162124684425103638e+00,-3.327045751768469284e+00,2.721079154945380552e-01,-3.477489452907649436e+00,2.239941504758488300e+00,1.363748934927779377e+00,2.512340841448917672e+00,-1.315339424086355180e+00,-1.980405314661299210e+00,-9.199510862056781146e-01,-2.624855269720318685e+00,5.886255373239996924e-01,-2.261671894430001384e+00,9.958701630380144554e-01,-8.860017399557773565e-01,-1.413707286713851374e+00,3.377264372902429201e+00,2.238285875209772957e+00,3.966896360227596396e+00,-1.819257652573129658e+00,3.190200277041313481e-01
-8.833139739088609055e-01,-2.877693798758453436e+00,-1.033488998171981033e+00,-9.772708438907458106e-01,8.901057270661729692e-01,-3.063258416691462926e+00,-2.168954336633015068e+00,-2.861685746891540649e+00,-3.843232587681418622e+00,9.158034444818068387e-01,4.428283226074948287e-01,1.682530587784133169e-01,-1.389186139002539289e+00,-7.872655875837757389e-01,3.524200165205095270e-01,2.071759771169841891e+00,7.715063020676944383e-01,-2.277727471772615253e+00,-2.554676718137087743e+00,3.625427310397503211e-01,3.321647747412138862e+00,-4.433212450073190425e+00,3.521406077848727723e-01,4.877644341371745185e+00,-1.713684776468578530e+00,-1.508803706631541841e+00,1.318490196354423993e+00,1.370606477982783677e-01,-1.261133534355560526e+00,5.886899186885143465e+00,-1.730238182535597913e+00,4.924328514571531201e+00,3.538538274288845820e+00,-2.279840564593107466e-01,9.602446666726035529e-01,3.221844218561085160e+00,-2.580623440815752456e+00,-4.028590869092136373e+00,3.013042897202277359e+00,4.321895969689182326e-03,5.576173714079415422e-01,9.948931596480595774e-01,1.401364051441920111e+00,-3.789422437342863326e+00,-3.462683238938573993e+00,6.074064370609173480e-01,-3.211760125205112892e+00,2.910945481616074026e+00,1.369178028571614636e+00,1.652620539255536869e+00,-5.176957730661335688e-02,-1.913062503608512044e+00,-2.381268954049198250e+00,-2.425457069977885460e+00,-1.779653216626373657e+00,-3.050298162063577845e+00,1.962121194943894364e-01,6.538664866596192171e-01,-2.053518430461235056e+00,1.688488188542500268e+00,2.615382247671279359e+00,2.654149548304738371e+00,-4.403257801770410040e+00,1.830693902396418604e-01
-2.952664027859627893e+00,-3.203499085427151005e+00,-1.876905881178448698e+00,-1.561820618325284293e+00,8.637440392256159338e-01,-1.700055167586697502e+00,2.444293778528016103e-01,-2.846519552156979493e+00,-4.464261853572002003e+00,-1.336580681553460215e+00,-8.598547538923557720e-01,3.886404339276374742e-01,-1.150194110515496693e-01,2.209945237362228587e-01,-3.935953505898108773e-01,1.546591583849670215e-01,3.112828510588131259e+00,-1.788192394172539279e+00,-4.014104276860573250e+00,-6.458014361228128219e-01,4.103866829537084371e+00,-2.454192119545425932e+00,-9.986610289393890172e-01,3.128965630482549720e+00,-7.892423221829891755e-01,-2.116022676107189415e+00,1.008072921345177120e+00,-1.359966282158566742e-01,3.078648359633673337e-01,3.254085460668051155e+00,-1.237136209595426806e+00,1.185024656212291028e+00,1.335810144404761424e+00,3.324045250161130616e-01,1.756088729742266041e+00,4.285441722877274984e+00,-4.541226776622129258e+00,-2.416252074116448600e+00,-6.588414511736859769e-01,2.226942773431966671e+00,-1.053700000499321554e+00,-6.507542482466515121e-01,4.242600109464927272e+00,-2.523424530373052477e+00,-2.841016443637102373e+00,-3.028916321853601934e-01,-3.031267793248810793e+00,7.837697756424895079e-01,1.030056267825080196e+00,2.399695012443136211e+00,-1.941808567799822249e+00,-1.272131671966869382e+00,-7.678712490199576246e-01,-3.312120579800577502e+00,-1.305746247521241798e+00,-2.610184472717699933e+00,4.103349168902448163e-02,-6.073005970465172876e-01,-2.995717406286668716e-01,2.553052430128813111e+00,3.004291359957271368e+00,1.277917219994940679e+00,-2.764143983596912602e+00,1.006897115446798718e+00
-3.068303282342187188e+00,-3.205052424147397439e+00,-7.482665875995062610e-01,-2.642360206654640109e+00,1.844760948462969674e+00,-2.730183499840265426e+00,2.422906064006774551e-02,-3.745953298266530229e+00,-3.189074282749351674e+00,-1.502002444113858637e+00,-2.123175084274654623e+00,1.786469243243438143e+00,-2.477774817344391423e+00,1.312671134315845922e-01,5.505066473185684650e-01,1.563041037823277302e+00,2.967250691469600188e+00,-1.168707530791082139e+00,-2.418532633645164687e+00,-2.294714829745140294e-01,3.467130348022833264e+00,-2.379826011224379201e+00,6.029412283138060324e-01,3.050740872744849952e+00,-5.319157134673504483e-01,-8.847905813539092001e-01,7.916173868517879519e-01,-4.993087029166083934e-01,-3.377033478779829512e-01,3.161425002837085607e+00,-2.734959002386223581e-01,3.377597712620290515e+00,1.752927816742068101e+00,5.687653479435620385e-01,2.003163235411172138e+00,5.299635623616429037e+00,-1.616779380101720953e+00,-1.858692494596700051e+00,5.527789035749893776e-01,2.347213734419136555e-01,1.460042584443733915e+00,-3.056073901532432302e-01,1.172463312706258032e+00,-2.879538287911304284e+00,-3.223878136581765474e+00,-1.024184895762774161e+00,-3.015085711769248444e+00,-4.477111224537329015e-01,-2.944357771874495100e-02,3.369276663749743772e+00,-1.917485859182555430e+00,5.416867092210022605e-01,-2.014792820318167532e+00,-3.978642115807582424e+00,-1.800440786192449405e+00,-3.300745877426425778e+00,6.723210771946412923e-01,-6.415332296203650753e-01,-1.471854593658165289e+00,2.905380114316178819e+00,3.474433814596293413e+00,3.022238114117867802e+00,-1.628377423768579302e+00,-5.818272344051609313e-01
-2.298829779312633548e+00,-2.061930271855480612e+00,-7.739061545050718305e-01,-2.565589861128249716e+00,3.075673582541319284e+00,-2.365257120153638759e+00,-8.687113120665701516e-01,-2.915954318945618073e+00,-5.357345967685724908e-01,-1.808823123501896557e+00,-8.292788304199893989e-01,-1.100203582355817167e+00,-2.354853628056253534e+00,-2.441129959743995048e-01,1.055908631658940111e+00,7.839832915676709924e-01,1.906754522105969407e+00,-1.135336367778563726e+00,-2.768745085366864700e+00,2.683214523430128562e+00,3.494360266788162139e+00,-3.239641151275686415e+00,8.137925428601999744e-02,1.568886980090288263e+00,-1.784262220441716451e+00,-1.778381234836350633e-01,2.487940540130858524e-01,1.143199442367866414e+00,1.399297419800638043e+00,4.332107205856441823e+00,-2.512289490127613600e+00,2.939179174335632805e+00,2.920477071151439841e+00,7.947360581708997618e-01,2.459196623772592183e+00,2.652254590646984767e+00,-4.484613859351668452e+00,-1.166115165528195607e+00,5.699446728440612508e-01,-3.523281471542045740e-01,-1.522972763283446218e+00,1.098242418064224069e+00,3.597984625669668368e+00,-3.334717859897921244e+00,-2.435506497008093518e+00,6.590257204604041963e-01,-3.423614275285712161e+00,2.034221869459736265e+00,1.652745536866400133e-01,3.806238398736218720e+00,-3.931492225325621703e+00,4.039801348609213250e-01,-2.488957460501033392e-01,-2.424338273853846815e+00,-2.240400469757362067e+00,-2.439516850721601848e+00,1.305792469346290785e+00,-1.843611032161995844e-02,-2.445573211435029037e+00,2.131725895011495453e+00,3.198252991655344157e+00,1.389195212879620556e+00,-1.687139074884015155e+00,-1.349826651828142543e+00
-2.343288696305372287e+00,-2.863262003850484128e+00,-1.491464910672167576e+00,-1.222735425363712825e+00,1.158509362764243322e+00,-3.352832381104044579e+00,5.762888423516376868e-01,-2.582895852987442620e+00,-2.228171051109602452e+00,-1.133130027296955333e+00,-1.308055934599060555e+00,3.132027710749742400e-01,-1.997979430207769136e+00,1.702946382716276297e+00,1.103937796091192247e-03,1.614010267479305760e+00,2.671344935326751546e+00,-1.868663882403154286e+00,-2.907565203513396312e+00,7.618786063558370403e-01,1.965868837810091918e+00,-5.432592734840056892e+00,5.723860434258702945e-01,2.853110063612987357e+00,-7.512568195138475957e-01,-8.266213499153400868e-01,-6.999716249937744106e-01,-9.332025500773807325e-01,-1.989033195875545834e-01,2.507350837051491865e+00,-3.271930071503306614e+00,2.489118473364765549e+00,3.936407657535398119e+00,4.211214583557000846e-01,1.238546701188720345e+00,2.018905276074111743e+00,-5.751694019884531883e+00,-3.580944684767620956e+00,1.168560373741598823e+00,4.235013561642081426e-01,-1.249885055420429936e-01,2.203084700438430188e-01,1.929357824068208993e+00,-2.740391248403098334e+00,-3.427564754410286518e+00,1.080398417819148360e+00,-3.133386180869794035e+00,3.399530098402785416e+00,1.375978029009774062e+00,1.228986151642238678e+00,-3.723617712382627953e+00,1.095013434088421000e-02,-3.862165414000158226e-01,-2.734633568046494378e+00,-2.405973919042807552e+00,-3.026674563801056372e+00,-2.238368907663181417e+00,6.273964832817757742e-02,-1.109902994468490389e+00,1.877234341696518261e+00,2.976693456323634468e+00,2.816422652961759088e+00,-1.455063327302665410e+00,1.114692955456711765e+00
-3.322684242028588475e+00,-2.851767877454308930e+00,-2.198588898594686203e+00,-7.043740646095295599e-01,3.002766397809111254e+00,-2.753591538153616902e+00,5.995325231127714982e-01,-3.354807883564318249e+00,-2.073499149337959757e+00,-3.712426537984961916e-01,1.017816289432186494e+00,-4.259875104099505316e-01,-3.759468190263299370e+00,3.566125303150887715e-01,1.004104936873943643e+00,1.458427672458951774e+00,4.345231384136758912e+00,-2.630576181032730609e+00,-3.180323842283567792e+00,-6.978166139673009916e-01,3.719008929692826815e+00,-3.178766659842754638e+00,-1.123098836541481127e+00,3.322188976411725836e+00,-2.077346364372297582e+00,1.260021515278930138e-01,4.524568725815250048e-01,-9.300207840907392942e-01,-4.414964040759824515e-01,2.033715015465389797e+00,-2.053982826931545436e+00,2.140577824335154755e+00,1.765592559149462781e+00,-1.268417783435347612e+00,1.545898716184076926e+00,2.849482190636984491e+00,-3.030940856294809915e+00,-3.162349011912238161e+00,1.084896778438367293e-01,-9.143132148889139277e-01,1.279805408907997988e-01,-1.561103603227684822e-01,1.091005252991416707e+00,-1.814760685677893726e+00,-3.311026892294477442e+00,1.723136694951000303e+00,-1.396936882777648270e+00,2.916418524646180011e+00,-7.736400714903766129e-01,3.846993846189218580e+00,-1.504654602744023961e+00,4.721297033636118190e-01,-2.396742513460949908e+00,-2.415989688264394086e+00,-7.809259619155239918e-03,-2.138440549357321974e+00,-9.406257116706894239e-01,-3.907473196481457411e-01,-1.924190226216228927e+00,2.339408047478207298e+00,2.078062820625516061e+00,2.917394988721508930e+00,-2.716515828978638414e+00,-5.314802316471517463e-01
-3.261074261732509694e+00,-2.680677413366727269e+00,-1.002103140874230691e+00,-8.247177257039653986e-01,5.716043606546434841e-01,-2.243352432550756781e+00,-6.133381979993160482e-02,-4.401313905659735681e+00,-2.695395637616165629e+00,-1.614130959044034697e+00,-2.446618547511241193e+00,-8.372546933056588259e-01,-2.183276173919547425e+00,2.108292966608638075e-01,2.189259210070872541e+00,2.171789227834247438e+00,2.143628780007234003e+00,-1.901028999602007108e+00,-3.404167495343471739e+00,2.008756264462398633e+00,2.209024741988273810e+00,-3.187777853864224298e+00,-5.739817981854504758e-01,2.497825706141047597e+00,-5.896935302439800797e-01,3.750094802747250267e-01,-6.442897477523470418e-01,-8.593513783400192896e-01,1.452357843712517083e+00,4.742515560975736122e+00,-3.019850798353031607e+00,1.924899691245724576e+00,3.879346371293690865e+00,-9.076478306438201527e-01,1.897289088871659812e+00,3.064801427900116337e+00,-3.136990738151633096e+00,-2.876976438846108763e+00,-2.771572888473616825e-02,1.666247717774377524e+00,-1.345436859492504134e+00,-2.887085027046205621e-01,2.503088544817146488e+00,-3.538101878044311643e+00,-3.408670908223839113e+00,1.411253961157282077e+00,-3.213451382087994190e+00,3.630619381834923054e+00,9.594769336582629204e-01,2.709081663199897960e+00,-3.588899587941345448e+00,-1.145642943878028230e+00,-3.332780905299712604e-01,-2.426333365853594159e+00,-8.627408267811755849e-01,-2.520910552257138004e+00,-2.084715547818686510e+00,1.654414921163607777e-01,-1.600479187747792631e+00,1.704763942000768751e+00,2.148514234068851003e+00,1.254335046552628619e+00,-2.013141777267466903e+00,8.058921899007842615e-01
-1.872146330802188618e+00,-4.234821589036235956e+00,1.058038454085204583e+00,-1.223429515744113738e+00,1.507133066318933068e+00,-2.017179207615049652e+00,1.287413690941193511e+00,-4.355647816448215970e+00,-2.831223137108229260e+00,-1.353367425429905735e+00,-1.056929394847702375e-01,1.430557377168821587e+00,-2.103230497264005905e+00,2.390273114121613141e+00,-5.862373568658818535e-01,2.138156766146887211e+00,4.153554660472444482e+00,-2.353542844210586793e+00,-1.031470973143042480e+00,1.095009832788149451e+00,1.970223478969686859e+00,-4.107469970038856388e+00,1.078527416133829853e-01,4.548224171133821159e+00,-8.072229872771342629e-01,-5.277774741359614330e-01,2.184782118673996187e+00,9.258238270024733430e-01,-9.510408404504115953e-01,2.329339365324622158e+00,-2.924510637007388336e+00,2.993320448990493876e+00,1.627152497417544197e+00,-5.825184906405480589e-01,1.963936409405406813e+00,2.760494591113563878e+00,-1.887218366138694314e-01,-3.322870071418669635e+00,-4.832254081810963831e-01,1.102849403786260840e+00,-3.033041480710629845e-01,-3.525780520665988682e-03,1.935159964750854389e+00,-1.611506150573990714e+00,-1.710829842529199007e+00,1.686424705716614292e-01,-3.739098929577752806e+00,2.612121039513335408e+00,-2.004268917022467011e-01,3.673317991855412412e+00,-1.522349202757889985e+00,-1.675551794867085942e+00,-1.214580241874613886e+00,-2.995824325627753026e+00,5.562401290413925281e-01,1.734365794395498206e-01,-7.071573853749091310e-02,-5.425666791871669448e-02,-8.840962594226691174e-01,1.620128429098488976e+00,2.344266062063635303e+00,3.105225818802076709e+00,-2.782141145801840576e+00,-1.871796646503246508e-01
-3.887558478407608042e+00,-2.256067042250483823e+00,-2.395182424576077995e+00,-2.108482121979383450e+00,2.959477107689037823e+00,-2.549982835506011902e+00,1.497206388513378172e+00,-4.064113240108495617e+00,-2.013364778056869753e+00,-2.304028185827981190e+00,1.971335601150385752e-01,1.375127134848733279e+00,-2.043000663958820518e+00,2.529170337933912549e+00,7.442064914663329978e-01,3.563981883141189577e+00,1.778363151657472940e+00,-1.576124729028731686e+00,-1.495290647077662793e+00,-1.295459733439692229e+00,3.220641256434575883e+00,-6.031572582082493028e+00,-1.694693483076727514e+00,4.515631387306520139e+00,-1.786240331204902443e+00,-9.453449097129748013e-01,1.369856110386124648e+00,-3.477411627381890025e-01,-7.596076962506221886e-01,2.433037347214995538e+00,-3.353932588862602149e+00,2.236488704982388498e+00,2.543590998606480635e+00,4.632740776956447704e-01,2.176530389399788490e+00,1.887536480182761434e+00,-4.613145099719520914e+00,-4.089382102890675164e+00,4.850216338762595725e-01,2.089565306559455049e+00,-1.174296610115623807e-01,1.629974533639621193e+00,2.154009543462034770e+00,-2.905713528122789047e+00,-3.412185149965035080e+00,6.927866453573139349e-01,-3.825440448106121494e+00,2.587204776576834231e+00,1.923345808760698272e+00,2.623858814923758498e+00,-2.454389075016192301e+00,-1.498335920703742774e-01,-1.880325411473291020e+00,-4.324434724982344491e+00,-5.470172382032072456e-01,-1.790875456837242918e+00,4.837681011769170425e-01,-1.219809302168365583e+00,-1.870157971531315466e+00,3.101933647393285476e+00,3.331666583028355166e+00,2.000054743225589515e+00,-2.971237258319451513e+00,-1.999703329713539146e-01
-1.852206999881591987e+00,-1.071125478416734111e+00,-3.708571883340556319e+00,-2.256902378809185539e+00,2.700622622044607901e+00,-2.134596515636019376e+00,-1.565458360755855205e+00,-3.286605718600792425e+00,-3.132670391396142673e+00,-2.543275214126346828e+00,8.508187133074902597e-01,-9.551776202296524687e-01,-3.275952035774687854e+00,1.958798258457356223e+00,1.865997653293992586e+00,2.325467620207159136e+00,2.971636081942002683e+00,-1.793330702252684539e+00,-3.656920338526191472e+00,-7.050296862237814821e-01,2.929662426036286238e+00,-3.949974036073175210e+00,-2.484708180373501829e+00,2.124772821246917243e+00,-6.023319551006784955e-01,-1.302600177739630383e-01,3.714830731932594610e-01,-5.526422245873215955e-01,-1.221016778516581303e+00,2.883224488547832642e+00,-2.157092048104157112e+00,3.825271084943456579e+00,3.880006850154614551e+00,1.446646329475329784e+00,2.602924196565479686e+00,4.161855652479004242e+00,-2.834978961069610115e+00,-2.948930171242503118e+00,-5.139202972088950938e-01,-1.866769969236894422e-01,4.027661368081989490e-01,1.317799159957238953e+00,2.845099410198875578e+00,-1.958314396346997333e+00,-4.276663789152241435e+00,-6.641426900738649497e-01,-2.570397950995189973e+00,1.211132871237496467e+00,6.435469076724669168e-01,1.479681566349106747e+00,-2.682841733740597867e+00,-2.698997250037679652e-01,-2.561198638821220008e+00,-1.289714384269207592e+00,-6.178140139811960641e-01,-2.475644679924051683e+00,-1.088256790071825630e+00,-1.812005282713567977e-01,-3.042469991986787470e+00,2.565627642532971819e+00,4.762099048713924532e+00,1.123660635496056104e+00,-3.157235027116855886e+00,1.294963873595955217e+00
-2.629096613359239054e+00,-3.961886209254009472e+00,-1.098348477843196225e+00,-3.169183256645914604e+00,1.399945399554535896e+00,-3.615988437327911420e+00,1.035224758208258544e+00,-4.205577965802175910e+00,-3.612639466847692660e+00,-1.887060778827446494e+00,-8.050808419074337863e-01,-1.135069963468319454e+00,-1.645252527534765807e+00,2.358723725958276063e-01,-4.241690278333003494e-01,1.842752496704661569e+00,1.152156527647322015e+00,-8.215332390868337331e-01,-1.550801432439262939e+00,2.253668093831552310e-01,2.060084018326930000e+00,-2.545131527953197192e+00,8.759656023951349901e-01,3.767034294706991915e+00,-2.755452208383855961e+00,-1.095309684646883497e-01,-1.577019229607183881e-01,-8.103876734596254794e-01,1.944922407348990134e-01,3.041509626871175875e+00,-3.324485340393953603e+00,2.427619330009378018e+00,2.187003211192763086e+00,-2.260230541312605368e+00,1.236250070896119047e+00,1.030421458085917674e+00,-3.891929758847040510e+00,-2.347769060432783217e+00,3.101123983677087637e-01,-2.186162704187232464e+00,2.443011876261652615e-01,-2.088966139528625199e-01,2.519380851862150550e+00,-3.264059619371712184e+00,-1.665471908763534570e+00,4.772091528845854302e-01,-2.830081885622100391e+00,2.606306027230027134e+00,1.098374379171977999e+00,2.059353021770484737e+00,-1.032413362208771446e+00,-1.879674012166376307e-01,-8.802013453455638237e-01,-2.554099237343933737e+00,-5.781097406417170514e-01,-2.269997041856897546e+00,-3.476350167177984507e-01,8.534847402785467052e-02,-2.111688767397178257e+00,1.543813811950673021e+00,1.388018815305237297e+00,2.736819308617876256e+00,-1.971704568934349755e+00,2.083913949118863407e+00
-8.177171167224621673e-01,-2.876906892510294078e+00,-2.948731772067527679e+00,-2.115771779987785983e+00,5.524163100722694342e-01,-2.708336915642290954e+00,1.390436213933999632e+00,-1.979782442621157657e+00,-1.661305996946347729e+00,-1.933678001783338818e-01,-9.847450286010427378e-01,-1.370311642719024947e+00,-3.019925171575127187e+00,1.065560270966463996e+00,2.619591089189188260e+00,1.433627207408532778e+00,3.894220703299552611e+00,-1.372349229813304428e+00,-2.974005322595246525e+00,-7.864924602632317185e-02,3.168718401414209573e+00,-3.517737265005821623e+00,1.315562807763894781e-01,3.583887429284957626e+00,-7.760917063989695164e-01,9.187077912456200757e-01,4.127518791626118011e-01,7.522756049311351001e-01,-1.191224205511211442e+00,2.453770840741454684e+00,-3.725598692267278800e+00,1.404396215430799622e+00,2.747439532386500627e+00,6.311617851917518118e-01,1.916494483260801962e+00,2.983574432347053662e+00,-3.803694785194665418e+00,-2.893942931781189554e+00,-7.827123256329382439e-01,1.371749852709769346e-02,-1.955709531279503643e+00,5.244507162036171621e-02,2.225676531588827167e+00,-3.337492162550931951e+00,-5.217946578329909713e+00,-6.062966618348923920e-01,-2.189546458466505641e+00,1.780740019770777671e+00,1.244204852158625529e+00,1.658547083165159641e+00,-2.185294508939786606e+00,-2.144307639201417093e-01,-1.900668564166443364e+00,-4.327628183198092948e+00,1.889237636607425941e-01,-3.685224254114306763e+00,-2.713316042095357816e-01,-1.624974613032316828e+00,-1.385528112152872415e+00,1.674613159758247427e+00,3.544853969101549040e+00,3.207692079427529652e+00,-3.198892071110554625e+00,-9.598403683361746985e-01
-1.593240931948701755e+00,-2.133011935977139562e+00,-2.664088162581954577e+00,2.673539752592830610e-01,1.817092819950429261e+00,-3.558962889817536279e+00,-1.006646560082290254e+00,-3.541159553004432414e+00,-1.451099388336745122e+00,-2.198916915549785633e-01,-5.684505854859619456e-01,1.457616078371974933e-01,-1.350192291826729951e+00,1.311188604874010011e+00,5.457403075467537334e-02,2.238085240705131707e+00,3.015885352052610990e+00,9.124885723695763673e-02,-1.864936750929800935e+00,2.363551972513715516e+00,2.224640652280147624e+00,-1.885727290827557745e+00,4.234632436049622362e-01,3.148170012613862756e+00,1.396772395567468905e+00,-2.310972654262871906e+00,8.876058213322921553e-01,5.580820655583929035e-01,1.236656585521733298e+00,3.766071744357314177e+00,-2.964168939617634280e+00,2.571987212872429929e+00,1.089001828549198025e+00,-5.561776103840524454e-01,3.720629870943410467e-01,5.403187743136578902e+00,-2.598394985287721060e+00,-2.902635496218518352e+00,2.462908838656116206e+00,1.330296642392131190e+00,1.313695408722865832e+00,1.404118350999144837e+00,1.795600686725963291e+00,-1.859541206306013272e+00,-3.862083096560084083e+00,-7.023118846395426385e-01,-4.142490861440771610e+00,2.578048957540019170e+00,1.812128349285906381e+00,2.887908649268131622e+00,-1.194587277396728098e+00,6.933930974542938941e-01,-2.963997750712585422e+00,-3.451456696600584184e+00,-1.130022335289959434e+00,-3.956379991451207001e+00,-6.221313195935835871e-01,-6.031519799115053759e-01,-1.857932129051168113e+00,1.185669484399760165e+00,2.699396760414732199e+00,2.054767911682849224e+00,-1.489414174623968856e+00,-1.004163824185305476e+00
-3.265393316132894963e+00,-2.586384581843301333e+00,-2.392607384177088292e+00,-6.130871585195869500e-01,2.387181429808487021e+00,-1.110017139232475580e+00,-4.482460613670816718e-01,-2.704667082918611243e+00,-2.398232195266257527e+00,-1.047670241404587310e+00,1.609214152103637829e+00,-1.655008233867802048e+00,-1.330387624918789147e+00,8.656016786501019578e-01,-2.533975257492739885e-01,-8.650429011858751238e-01,1.420063041253757152e+00,-2.552801449722104099e+00,-2.526559727240329511e+00,7.233921061839794220e-01,3.144910393952676575e+00,-4.276970062873234113e+00,1.121206715693850775e+00,4.172470559663043588e+00,6.036202146499332066e-01,5.949375643841448014e-02,1.017620581429320437e+00,-6.815679869822492687e-02,6.071641873359208130e-01,3.237371855472853888e+00,-9.486595205128374175e-01,2.210901535587763700e+00,3.459990580173657460e+00,7.423013070481274678e-01,2.498413872834833960e+00,1.217129545235631216e+00,-4.008164472214417628e+00,-1.961832849796173228e+00,3.345599330366460511e-01,-4.115342153183226825e-01,-1.777073657482305391e+00,7.873306577043165388e-01,2.251176675229729085e+00,-2.407729967482885591e+00,-3.098186558587695760e+00,2.368841338556782472e-01,-3.178395428850310900e+00,5.283049584521639641e-01,1.352942854460037703e+00,2.183741113490850427e+00,-2.677283918574397958e+00,-1.603707983931808467e+00,-3.126314640313200499e+00,-2.076873470788334508e+00,-8.188144812862823141e-01,-6.929353594480236467e-01,-1.679898957124797754e+00,-2.124659913805621025e-02,-1.179461762162172134e+00,4.027292741595735137e+00,3.554071810058627712e+00,2.912247902451049697e+00,-2.851233905741481944e+00,-2.004567579805582866e-02
-3.342954925340699823e+00,-2.437588724497399717e+00,-1.643545655331887678e+00,-1.109976308024492653e+00,2.123614405856522502e+00,-1.442186086102697384e+00,1.846307845589037488e-01,-3.744815256505193091e+00,-2.043437837031593318e+00,-1.136597945649765684e+00,7.312193980010326388e-01,-2.618389043372583158e-01,-9.720302594731916601e-01,3.666584520783367496e-01,1.686163942453789977e+00,1.724386195662406474e+00,3.206239095903058001e+00,-3.117499026747967861e+00,-3.315455118943213986e+00,2.112109346309630209e-01,3.199581358379196772e+00,-2.537752514707311668e+00,-2.803201430169802943e+00,2.180455523842453225e+00,2.830165625652047989e-01,5.608282408450554479e-02,1.660873299229745026e+00,-1.121726867326484189e+00,-8.643936866007193576e-01,2.826331574575212002e+00,-2.971632433268950990e+00,3.480349328920269603e+00,1.473442624391514633e+00,-2.883429242453898755e-01,6.264033756562167321e-01,3.690692643435333764e+00,-3.445655414733289845e+00,-5.105140919066730731e-02,3.760467387504962122e-01,2.858854884358382198e-01,-6.913913981185511037e-01,1.206833327057080574e+00,9.757662646914524451e-01,-2.947272625575455329e+00,-3.070520478496276962e+00,1.474496368213934705e+00,-3.600368300090962315e+00,1.986230882906311335e+00,1.842807717578476945e+00,2.371164180316844394e+00,-3.522036442581021998e+00,1.048527690716326566e+00,-3.453515647902220209e+00,-2.517500004059565200e+00,-4.500015762175029188e-01,-1.957311401757830360e+00,-1.241718764433224376e+00,6.280760149525138614e-01,-8.447425140876002603e-01,1.250881445155819005e+00,2.301714414031976297e+00,2.418977495695918023e+00,-2.987153915763975043e+00,1.641209393924359938e-01
-2.659229167859149978e+00,-1.689635508472980385e+00,-2.578704281889534933e+00,-7.201530199489079020e-01,1.488567332702071644e+00,-2.871434838229771191e+00,5.956798500540952945e-01,-1.951695388208718240e+00,-7.228670692982210877e-01,-1.356452684014799459e+00,1.183406536535202447e+00,-1.023309237581724318e+00,-2.454765484497668737e+00,1.816993404192146500e+00,1.532406238645485086e+00,2.367997016148705391e+00,2.220746611665733283e+00,-1.153880448257915914e+00,-2.127577385463486070e+00,8.931174111896336143e-01,1.942804273436316898e+00,-4.267718053426794000e+00,-1.868981853688322925e+00,5.716064038567228778e+00,-7.935488776163163172e-01,6.332130121457818506e-02,1.087861757621945591e+00,-8.678603944482480292e-01,-1.484685632558602864e+00,2.022317558830936335e+00,-1.574824217541268556e+00,3.737563708996389344e+00,1.547103356648014794e+00,-1.456670660094372960e-01,2.002254038654757817e+00,3.109720242010554525e+00,-3.750279116877069718e+00,-2.402653316735058553e+00,-6.601424648110765236e-02,4.831434656870299271e-01,-8.168654911108227390e-01,-2.976670949495598961e-01,3.284268007912209519e+00,-1.249497218794427322e+00,-2.493311122376306255e+00,1.067592968968721356e-01,-3.554018346663857741e+00,2.094090213365527031e+00,4.263135817356884516e-01,3.714330085245892032e+00,-7.270027887011196732e-01,-1.241963024327483511e+00,-1.227846741623062288e+00,-2.739648409912329274e+00,-2.679637578996868719e+00,-3.592703023985282851e+00,-1.340514371247148562e+00,-4.188218784685054930e-01,-2.512908026000520767e+00,8.882477629671652331e-01,2.194695449957896116e+00,2.241039733162352832e+00,-2.938936593712795808e+00,-6.330011746533743544e-01
-3.826793875874906270e+00,-2.825528971057693184e+00,-1.279195820175007103e+00,-9.668712857992394216e-01,1.577033318169102305e+00,-1.987641614762961639e+00,6.404674439457607171e-01,-3.576826936239482890e+00,-3.768731294666154419e+00,-1.557224818051930582e+00,2.650345439297548955e-01,1.642294497481749938e+00,-2.040814245549725570e+00,-1.519564382048244067e-01,-2.366871825025415044e-01,1.575627228026942550e+00,1.831573065395752931e+00,-3.721124706514751246e+00,-2.097448415466863558e+00,4.431919658033111609e-01,1.296838095390438594e+00,-4.795673154971749952e+00,-1.678508179072388362e+00,3.371140275387619401e+00,2.604913054622032043e+00,1.538114978160174395e-01,3.010523603370418577e-02,-7.518844593868100334e-01,1.627149586453062513e+00,2.337339450072527747e+00,-1.348075739244596338e+00,1.461654629053816379e+00,2.833541441268126349e+00,2.056883874606691975e+00,2.892689500320471119e-01,2.982161521664945081e+00,-3.931428771014132906e+00,-2.083098539303784857e+00,1.504577599513662323e-02,2.442647135146057913e+00,-4.687214001951726661e-01,-6.698801955784514650e-01,1.737360527961901102e+00,-2.553045279588235683e+00,-5.353225047080146126e+00,3.036542095625302529e-01,-2.397369754506159190e+00,2.102911464326836288e+00,-1.768585823505252730e+00,3.101115449750120323e+00,-1.363408200247960167e+00,-5.337079261726892510e-01,-1.823266196624017343e+00,-2.979810773705626747e+00,-1.855709503012531680e+00,-1.868918840662077141e+00,1.131348453090694761e-01,1.985298321408279776e-02,-3.317686649485097838e+00,2.679530778125421620e+00,2.214153559286876849e+00,2.968377591348957178e+00,-2.705290375979465978e+00,-1.021208390582787340e+00
-4.050870574035966065e+00,-3.377724097962938377e+00,-2.488464527725833264e+00,-7.891515749408932745e-01,2.992349377177580649e+00,-1.329160575746318518e+00,-2.503513713896536874e-01,-3.988497955588339305e+00,-2.626784681679910083e+00,-2.508390903677248485e+00,6.260208884489473213e-01,9.686285500572532348e-01,-2.278187479154175854e+00,1.537874302344833133e+00,1.047376302863145980e+00,1.125043101709909843e+00,2.701212721021524210e-01,-1.409379177560121432e+00,-2.594414086665919328e+00,9.167031615692187163e-01,3.043947732271177653e+00,-2.873475660926255060e+00,8.056489296213709128e-02,3.338437419378099236e+00,2.720360409873034957e-01,-5.107835124723050235e-01,3.192944736243175097e+00,7.428640450774848247e-01,1.903625734482788934e-02,2.380599600125592463e+00,-2.424709735658454601e+00,2.832866385716449553e+00,2.398778313115594862e+00,9.295932198430201243e-01,2.612748252000146376e+00,2.653103074214762991e+00,-4.291716748138123094e+00,-1.838889015201500499e+00,-6.752624457020866000e-01,-1.277318442863473402e+00,-7.418054263903599566e-01,1.076655766737706132e+00,1.600492479391614431e+00,-3.300823717144055980e+00,-5.003619769432251729e+00,1.466406674186109704e+00,-3.874597414154142161e+00,1.260820559791187900e+00,2.287303020107011697e+00,3.301600603790689092e+00,-1.606897003199707186e+00,6.050100437081549209e-01,-1.725903195252768807e+00,-1.414186878859079677e+00,5.968844266077470984e-01,-3.999598312881324169e+00,-1.621499621268036373e+00,-6.049446694023803417e-01,-1.779930405128686166e+00,2.735815839568624508e+00,3.234306047389108763e+00,1.696689575848679077e+00,4.160528921325377105e-01,1.355821197554674562e+00
-3.043250377138766893e+00,-2.023162784847002627e+00,-2.019189167676596064e+00,-8.212112138065161826e-01,1.406291540562234266e+00,-3.878244568274607396e+00,-1.075510392572261775e+00,-2.957621643992887517e+00,-2.329613477599059124e+00,-9.083216038713126661e-01,1.139220225964868050e+00,-2.595712726645714730e-01,-1.028790188877110268e+00,3.304139472061923266e-01,1.085634339418303229e+00,1.090854675216651692e+00,3.054083395506729470e+00,-1.409116309868531314e+00,-3.338200601932767242e+00,-7.877575855840193153e-01,2.186528935290608544e+00,-3.452871087162534547e+00,-9.848050756081139223e-03,2.968769731206001072e+00,7.392527108971898020e-01,-1.238042417988614474e+00,-3.913415524959944491e-01,-2.122810975862745309e-01,2.100692080796927041e-01,-3.045790946849917802e-01,-1.215258545944011281e+00,2.773226113044246155e+00,2.248825479806853878e+00,1.768049165510003240e+00,1.078313567368681003e+00,4.301573777581478630e+00,-3.634567530334969376e+00,-2.222301277950315512e+00,1.600211574310761220e+00,1.845301171240027571e+00,4.781892132912063387e-01,1.861296073349202995e+00,3.627366516099311156e+00,-1.678494794820743374e+00,-3.859991808124876744e+00,3.254026839229565149e-01,-1.975959358929914478e+00,1.140317795311923454e+00,2.498930650539659126e+00,1.807022228896111748e+00,-2.294738342199641234e+00,-5.213655809869116586e-01,-4.623272390644896923e-01,-2.908849952062679822e+00,-9.003845729983552815e-01,-3.463865090264733659e+00,-3.402223559962362920e-01,4.032866594503736746e-01,-9.062340531529522458e-02,2.460076888006831997e+00,1.829009829577440183e+00,2.061379750309767278e+00,-3.723255612290657268e+00,-1.275305023254414416e-01
-2.553275614693816919e+00,-3.250258444483697939e+00,-1.559170491357147803e+00,-1.645324494266703130e+00,9.328683630949962113e-01,-1.547075288981830665e+00,4.895888373425705264e-02,-4.223099348241483142e+00,-1.684926831044258666e+00,-9.619980739571555306e-01,3.091995418672313090e-01,6.578737350298772268e-01,-9.817415706427795596e-01,-7.426005989108834804e-01,-4.143584194296616730e-01,2.123310326752827937e+00,1.346643644709348830e+00,-1.584620737930300116e+00,-1.152240748720113395e+00,-1.479135785978069606e-01,3.047890286997521514e+00,-3.556359911637696491e+00,3.123698721800151068e-01,3.827312930759968701e+00,-1.317843000276424759e+00,-2.423168963666534559e+00,-6.200693087754030053e-01,-2.635779449613901537e+00,9.643007378341880154e-01,2.452518647211578084e+00,-2.835607854748218415e+00,2.563472710715212877e+00,1.567628186415817471e+00,1.967832873609967059e-01,2.225563578515248331e+00,2.573158381792168825e+00,-3.886033042707451202e+00,-2.025348523327452632e+00,1.863268966916250990e+00,1.047110204178181236e+00,-1.267596541551284872e+00,1.617669114363371019e+00,1.738563536498187734e-01,-2.549911833614490142e+00,-1.459446413357988970e+00,3.354706466175659263e-01,-3.486415444756051585e+00,1.743119239014224497e+00,3.146494427853486542e+00,2.757341658304536480e+00,-3.435681035779574621e+00,-2.331949147911850373e-01,-1.569423091454396513e+00,-1.348160839353409246e+00,-2.259007194515461947e+00,-4.463388551394571024e+00,-8.638995045732528189e-01,-1.073365801628018978e+00,-3.778155652461407943e-01,1.620048175066422846e+00,3.540919202380733655e+00,2.990486266461050757e+00,-3.490368833285122818e+00,1.268710705260211569e+00
-4.295860406335412662e+00,-3.337836130693680570e+00,-3.155454214786184153e+00,-2.239444587670757159e+00,2.957262038220275890e+00,-3.820310298808398564e+00,-1.675090639700846706e+00,-3.123416405785050198e+00,-3.611036692098979373e+00,-2.096273672236375063e-01,1.221877738866150365e+00,4.466577113487444906e-01,-3.903012071703993335e+00,6.132268304510333223e-01,2.057650747099511790e+00,2.292831645895034409e+00,3.446822570337012781e+00,-2.836938242657574438e+00,-2.531020330885620506e+00,-3.180649044010491755e-01,4.955795454718325388e+00,-1.498930674771240312e+00,-2.634555923144013434e+00,2.628636484302990350e+00,1.491627266556465603e-01,7.360855383916253825e-02,8.270182618143238074e-01,-1.043743077384554629e-01,8.128802216002090075e-01,2.988448786702365911e+00,-6.467922559362815349e-01,2.645031562871023478e+00,3.253357370468821674e+00,-4.032629304784718371e-02,1.311716334298544506e+00,1.304578401517220376e+00,-1.903269124375557286e+00,-3.784349241000629860e+00,-2.817892040463548797e-01,2.044536206412522539e+00,3.924207166299498173e-01,-1.218333803001357962e-01,6.937577722043237749e-01,-1.692436747161264243e+00,-3.674972785785495688e+00,9.753317415382500855e-01,-1.868834818665121578e+00,1.869420464546487803e+00,1.518605416633450833e+00,2.619548079712068045e+00,-7.163039738368293108e-02,-8.521352337003401667e-01,-4.551070273419083989e+00,-1.750796595803479905e+00,1.593172534167501819e-01,-1.448995613731773879e+00,-1.297027633274031810e+00,6.299014590133393821e-01,-2.835218625378809421e+00,4.488526898240646545e+00,4.599544354344013541e+00,1.992821189240737034e+00,-1.844055533256030888e+00,1.213447599238421382e-01
2.802010213497450053e-01,-2.714536529872182413e+00,-2.080223488455938963e+00,-7.932599684915664362e-01,9.990737194650968211e-01,-1.536018275772339070e+00,-3.130866396795517481e-02,-2.062088631426680863e+00,-1.748030834623169216e+00,2.686171474487193400e-01,-1.081814875881046190e+00,3.980692522288106772e-01,-2.767799657854203232e+00,6.410174063103647457e-01,1.540708619605047236e+00,-1.027159695355932545e-01,1.144539630937690067e+00,-3.868040264057025723e+00,-1.289842399940041684e+00,-5.627383239944983018e-01,2.265978734183212939e+00,-4.289071175512284562e+00,6.658696776250323524e-01,4.288106482196667457e+00,-1.156608085509383654e+00,-6.637699464548554307e-01,1.051275851040992304e+00,-2.670136187132231553e-01,3.130922651520324229e-01,2.311949271884179424e+00,-1.788048339434018974e+00,9.144872130258361320e-01,7.833859051279798980e-01,-2.613993714392571222e-01,1.186632642635103707e+00,5.156388162592321578e+00,-3.102134437422608748e+00,-6.549287280108877507e-01,-3.938408362744887370e-01,9.902313135175935255e-01,-1.370383774192756476e+00,-6.614136836357933369e-01,2.812631072937711085e+00,-1.785614471357034549e+00,-4.526151339820740915e+00,6.335374208322387402e-01,-4.050497565267635380e+00,4.103299022107637306e+00,9.089750143987183062e-01,2.346896856421378352e+00,-7.082138656387784170e-01,5.467456024688985838e-01,-4.845547334952413632e-01,-3.471007698909058803e+00,-9.069047344159617552e-01,-2.539621449023225619e+00,-6.870083555121727636e-01,-1.356438411431542201e+00,-1.595138772096952096e+00,2.401765738041994336e+00,3.365590156995775128e+00,2.335372058482318103e+00,-3.043005345370714654e+00,1.333795713037173591e+00
-2.984993338914009975e+00,-4.418212064495190994e+00,-2.660271303637377738e+00,-9.490349500433395979e-01,2.984706341242253202e+00,-1.107222911287144340e+00,-1.238596040218971961e+00,-3.728616712560036461e+00,-3.378189510213023272e+00,1.288120819514929405e+00,8.895977492169644396e-01,-1.761878929161448060e+00,-5.703535949665541338e-01,9.870072800841700467e-02,5.325573215991175058e-01,5.996237560324253479e-01,2.071242477226591827e+00,-4.330233651832157804e+00,-2.596195186807948918e+00,-9.588219513450781939e-01,2.924406845236668495e+00,-3.783817027461001459e+00,-4.742033441343418421e-02,8.853790665421596984e-01,-8.648643163496760877e-02,-1.275342843373937551e+00,1.872843889648128091e+00,7.683928425010033703e-01,-2.483269274368596902e-01,3.854288818838933928e+00,-2.837446165796396080e+00,2.771433625552035096e+00,1.876637253331570943e+00,5.249164858012357326e-01,1.226859785531806857e+00,2.691371852517194796e+00,-2.530585206627508299e+00,-1.650889673081981091e+00,-1.394359195474692559e-01,5.038081721239640043e-01,-2.119710019384435373e+00,1.918370735697602303e+00,2.850250949841772297e+00,-2.926752238409094709e+00,-4.146776598867814023e+00,1.187616965401527835e+00,-4.157408151725209500e+00,1.687320534879377165e+00,3.829267963547322573e-02,3.283103706759380014e+00,4.855670114801615700e-01,-1.361365916288149513e+00,-8.536167670148472331e-01,-3.993877658630013094e+00,-2.397104245068990558e-01,-3.414393115113171007e+00,-2.710209343466455367e-01,1.460766426798992601e+00,-2.752091629504486825e+00,2.061880375440711344e+00,3.236207361644499958e+00,1.755868805424832146e+00,-2.598519265465782713e+00,8.910738375094051644e-02
-2.769116989667280482e+00,-3.042746900154065237e+00,-2.175894485515238230e+00,-1.312063233630195169e+00,2.654167170120628416e+00,-3.353613678214173444e+00,7.877281401214997203e-01,-2.940989286448287388e+00,-2.555571824401706049e+00,-2.056103036661248940e+00,-7.283803622315515591e-02,3.307408553845412880e-01,-2.425492062600644871e+00,1.173305227096927084e+00,-2.038582902344182601e-01,1.688816997196507685e+00,2.552651526841885232e+00,-3.566205385966253694e+00,-2.124333674170750808e+00,-1.147176487801153666e-01,2.788030405693627145e+00,-2.237667840531988972e+00,5.541809209988788343e-01,3.938265712406399999e+00,-1.138108357026421213e+00,7.932846950102045991e-02,1.200209936444087466e+00,-2.220228766418909927e-01,-1.274524489555866502e+00,3.617213020964308079e+00,-1.592052995734364540e+00,1.462594127083032935e+00,2.150588126785100140e+00,6.967069289597691562e-01,2.604446311522871760e+00,1.862616270906062521e+00,-3.249825205684282903e+00,-1.489223082635390494e+00,1.619846093337942605e+00,1.274036044373344057e+00,-9.777066833494010289e-01,1.209489701881382384e+00,1.270252363678436858e+00,-4.364999164007151045e+00,-2.200673744062650705e+00,1.507422469480729665e+00,-2.623202185588608071e+00,3.632412708011287350e+00,2.363014987242297860e-01,2.119325342129741774e+00,-3.151058393581345207e+00,-1.304941615391054910e+00,-1.024249050927366067e-01,-3.090822045670094997e+00,-1.498535340026699858e+00,-3.646572924651022340e+00,-2.624876992238174833e-01,1.990658211794825161e-01,-1.372474354464419566e+00,3.400457408847384233e+00,2.204137256452612270e+00,2.031934258485590838e+00,-2.224562608461749580e+00,1.163984730341464324e+00
-3.951133621654054906e+00,-2.665298875775802490e+00,-8.138196669785412452e-01,-1.274581074331328168e+00,1.611156775982170775e+00,-3.235599776766395763e+00,-8.061899505858083348e-01,-1.015148910709132490e+00,-3.033725147454524596e+00,-1.540831950765963576e+00,1.150243995676411557e-01,7.381143648718413441e-02,-3.789391420136194011e+00,3.452762596776608461e-01,6.525927962345323685e-02,1.228187949280512559e+00,2.931574464594242535e+00,-1.624496891306917323e+00,-1.972308102019098008e+00,-3.463018687408592200e-01,4.227927793550737334e+00,-2.444429560954369585e+00,-1.972204003097826952e+00,3.909681480374542772e+00,-2.176817104123235591e+00,-1.895919859462384727e+00,1.112923828463835196e+00,-6.949685001361792791e-01,-1.003822330852984779e-01,3.043993548357146306e+00,-3.928678293449234360e+00,2.165116963907717462e+00,1.931871066149130955e+00,3.512941782160453746e-02,3.757519549196335351e-01,2.462119405239050263e+00,-4.012868690379363557e+00,-1.790688981891362719e+00,-1.071608804117920366e+00,6.872933576590039007e-01,1.443747931174128585e-01,-1.793346543347758004e-01,1.365207330006763975e+00,-4.134127139299707210e+00,-2.846018542866162626e+00,-1.115757672010248447e+00,-3.326439122084207334e+00,2.130525725023932448e+00,-4.416451865296302515e-01,3.620152127301726530e+00,-1.635795349870598825e+00,1.084489097837005422e+00,-2.006611839477472348e+00,-2.744905760586015209e+00,6.557141206682666201e-01,-9.790384082935610355e-01,8.765246426444897043e-01,-1.471752675953160727e+00,-2.159387409471775765e+00,2.455606245336260596e+00,4.521709487844914221e+00,7.242264154414137511e-01,-2.784724024054207270e+00,1.175473708282623875e+00
-1.381203222802138919e+00,-2.983320298078469435e+00,-1.850527555268694835e+00,-2.682013186645609837e-01,9.241319966900251037e-01,-3.876865258345684850e+00,-1.030459455844735750e+00,-2.458033779635609761e+00,-7.258875149174468522e-01,9.525840613618012931e-01,3.572924617637983635e-01,-9.344677615054803876e-01,-1.162954627097669391e+00,-9.297529562188515673e-01,-3.642058997712178670e-01,1.685076361080070306e+00,2.673628995933044816e+00,-1.077614393163494944e+00,-2.893184607236267691e+00,2.535083783936752377e-01,3.597696412108746689e+00,-3.865535806375367756e+00,-5.317700477682296700e-01,2.734519345978103200e+00,-1.234505397368761859e+00,-9.516032296983821803e-01,1.246776823925777045e+00,3.601981480053537132e-01,-1.860844467268427671e-01,2.959304921015933676e+00,-2.685247093368615889e+00,2.868746131828121992e+00,2.488022507670879513e+00,6.034363926293746516e-01,2.238998997638539379e-01,2.853371470831794099e+00,-4.027514031194111332e+00,-8.016849673827621814e-01,1.548696590802884687e+00,1.394738273660260042e+00,-9.131473627829440609e-01,1.088067235844460301e+00,8.918792204579322203e-01,-2.819162062801423119e+00,-3.645342195057564627e+00,1.191219892077026721e+00,-2.951521972135304761e+00,1.177007013636335309e+00,1.030384624673364780e+00,1.884437736127756224e+00,-2.114296151844569316e+00,-4.930097689804943117e-01,-1.039748697785236153e+00,-2.937834780920200117e+00,-1.615850903778204950e+00,-3.641426310386174592e+00,-1.907967738910547162e+00,1.076990536634879203e-01,7.604999252514486052e-01,2.304489077245095441e+00,2.613947870376721827e+00,1.012049981524111297e+00,-1.452356927055828972e+00,1.056011706232174330e+00
-2.876012730511742443e+00,-3.093669852528373010e+00,-8.231895032347066321e-01,5.476243302112893119e-02,2.418128198594565070e+00,-3.102960070306517881e+00,2.623315671504233837e-02,-4.779239213283106302e-01,-1.700999271239382660e+00,-1.308517700634097558e+00,-1.366939474198194393e+00,-1.029591380038786141e+00,-3.128688918082847437e+00,-2.625690303768140055e-01,1.792079661478844343e+00,2.586472926924065163e+00,1.522311444698672300e+00,-2.068520865147530419e+00,-9.029620974297418723e-01,7.214774810324497967e-01,3.531186878243316229e+00,-4.351238214005343607e+00,8.313422709265212429e-01,4.208131655171465368e+00,-1.578738121835782771e+00,-8.658162749169180383e-01,-9.263949419807140373e-01,-4.841091464324170368e-01,2.053048272746507585e+00,3.089196971317993867e+00,-2.512600297062538512e+00,3.104901639755778486e+00,4.608352975738211121e+00,-1.137077436998105151e+00,1.770261659423482792e+00,3.652085976689595448e+00,-1.601272794092220897e+00,-1.722805301758302488e+00,-8.142697703368098061e-01,-6.961152217843613599e-02,-2.655469408071143844e-01,-7.963263673602400949e-01,1.357969928945146565e+00,-2.542452290883438604e+00,-2.535964958930943869e+00,1.773304197029225371e+00,-1.626999999822465348e+00,2.082540040498679357e+00,1.815462399157671936e+00,6.383238553637224921e-01,-2.429756005748409109e+00,-9.809292462446883576e-03,-1.096576776418711985e+00,-3.904881128746739982e+00,-1.643621739670629411e+00,-2.647354718709422183e+00,-7.828426217507618023e-01,1.522382111611702005e-01,-1.841367822682776323e+00,1.733353740191174275e+00,3.186583046450443213e+00,2.306253289729482514e+00,-3.046397252532890843e+00,-3.362261231450387466e-01
-2.012513550182691624e+00,-3.701356745595264286e+00,-1.799704515395976756e-01,-7.984937318980266374e-01,3.989657630894459572e+00,-4.043864941036243721e+00,-2.362306476403960964e+00,-4.360858655387512606e+00,-2.425876085645924718e+00,-1.882338502340754838e+00,-1.036750456150947741e-02,1.400409464734425624e+00,-2.888439147948327346e-01,-1.091706863000918792e+00,2.402164952285167132e+00,3.478539596540224377e-01,3.225599483193704931e+00,-3.548346915178580474e+00,-8.977153259470109781e-01,5.734003395562218275e-01,2.564978205553442692e+00,-1.975897814595451329e+00,-1.680643243268792331e+00,2.363560483800755563e+00,-2.959645231461041082e-01,-7.525959590365181029e-01,2.907805975524878406e+00,6.265784887847100637e-02,1.286424689826835888e+00,6.310507303078756181e-01,-2.177563266574548351e+00,2.027464550861023618e+00,2.249989172413832339e+00,1.615003340524751252e+00,1.182700750546343826e+00,3.322751104873075345e+00,-3.140837880543769778e+00,-1.517071415185522909e+00,1.236516960909809004e+00,-4.538845460471923055e-01,5.122090573124049584e-02,1.918848454631013167e+00,1.447137973806196021e+00,-1.919054588890195756e+00,-1.877381170997746151e+00,3.124139347330159300e-01,-5.195244462666030572e+00,1.942612738763036750e+00,-1.104138063736954223e+00,2.401416257411230326e+00,-3.407309135569025038e+00,-5.169306474866169898e-01,-2.282704734760562904e+00,-5.386230279370098017e+00,-3.628297466089297263e+00,-2.048027306032231376e+00,1.257628370833420384e+00,-1.623039705527883347e-01,-2.408006144029647189e+00,4.702144553825329254e+00,3.096680955478196218e+00,2.430198333219820039e+00,-1.700464806760354275e+00,5.544407211989620388e-01
-3.329468640285694114e+00,-2.511679587641208578e+00,-1.464130937290968770e+00,-1.819633755899074723e+00,2.595119210412891952e+00,-6.113424647054852556e-01,-9.075216048481566933e-01,-3.057823996867477412e+00,-3.034760125049908552e+00,-6.568084075729435645e-01,-1.032808344246636700e+00,-1.201971838488070876e+00,-3.761803292642648344e+00,-6.112073816090914935e-01,1.412530069766873897e+00,-1.260468505332445588e+00,9.771468178670332794e-01,-2.834146958938604577e+00,-4.342670701279185863e+00,7.347670769540965985e-01,3.899460798782716342e+00,-4.299068185283005938e+00,-9.792330281605342579e-01,3.201182246203295279e+00,-1.360922194403456853e+00,6.345465260673532892e-01,8.243586632821204851e-01,1.098019486685753998e+00,-9.626031057269630598e-01,1.485123507181196123e+00,-2.538773929282445607e+00,3.668698725080262513e+00,1.422596614195848819e+00,8.027715584795791504e-01,1.642953467227028286e+00,1.042072476313143703e+00,-3.194723976167506141e+00,-2.605144378551176310e+00,4.093960932490106064e-01,-6.004455584929910827e-01,-5.687327684840828290e-01,1.312219462566384109e-01,2.335618647282192484e+00,-2.841634009434183650e+00,-4.453100488259078560e+00,2.331414666377762401e-03,-1.322065085460214950e+00,4.309253012654548520e+00,3.093641508905655702e+00,2.358772852496548111e+00,-2.162797909775818095e+00,1.465935374887561427e-01,-1.906651556442172657e+00,-3.388671662921519001e+00,-1.088370162445452483e+00,-2.463086611976615714e+00,-8.634986275678409040e-01,5.594135011761858234e-01,-1.526869493746859874e+00,2.180618236217312322e+00,2.794773604823105551e+00,2.145894382904433684e+00,-2.220886534866100881e+00,5.885870542093746272e-01
-2.150347188922606900e+00,-2.392654565006530731e+00,-2.066967948271489330e+00,-1.015059917400765732e+00,4.724304776547982865e-01,-3.893883943802193048e+00,-1.180018935944404657e+00,-3.126701231281082460e+00,-2.008962933973445608e+00,-1.376123592012148844e+00,-2.747197117338659456e-01,6.420168121077837187e-01,-7.395905679674743549e-01,8.641363329361790857e-01,1.769930582160019972e+00,4.931852500044330290e-01,1.582405448643451784e+00,-2.753894249585326470e+00,-2.275643745033290699e+00,-3.986556914846003385e-01,3.163831687405948667e+00,-4.942981608168297569e+00,-1.019231629608984724e+00,3.491973957268442064e+00,-8.293431004755152935e-01,5.264820301334166563e-02,9.089392917424149454e-01,1.690261659835454733e-01,-3.482011926375021549e-01,3.378054003151795825e+00,-1.078256462813416583e+00,3.094275800276925725e+00,1.977821271934152803e+00,-7.668571089024697196e-01,2.078770412943664603e+00,3.512414910170831739e+00,-2.862593772544465232e+00,-1.959269675492349760e+00,8.208842954301622807e-01,6.490972806965078501e-01,-1.601772592326119904e+00,1.257253279991259909e+00,1.560062853062067489e+00,-1.263688029292480364e+00,-2.141947696097490361e+00,1.352121688221345597e+00,-2.129842536867959879e+00,2.567062083403338413e+00,1.948188539712127021e+00,2.253108842372244069e+00,-8.021426475620863084e-01,1.373046818572468686e-01,-2.613326091591716693e+00,-2.339988095730532347e+00,-2.527051078048562438e+00,-1.502657354899105790e+00,-1.244793782901862267e+00,6.708814419616679903e-01,-2.209341897245927555e+00,2.569288353441443906e+00,3.662697723542431838e+00,3.138375130249251299e+00,-1.719132323638474791e+00,6.159046771576255352e-01
-1.879564538794744166e+00,-1.568493301935871109e+00,-2.254159002863030281e+00,-1.198823677559355261e+00,1.266861236446812367e+00,-3.771138288424178420e+00,-1.582932279867500736e+00,-3.874262307134300976e+00,-3.351386948652275599e+00,-4.160655540749761405e-01,-1.140258091045743605e+00,3.298316634544239401e-01,-1.247749420276801580e+00,2.229554841551491862e+00,-3.547564209483311526e-01,5.310348171494385650e-01,2.406065319724485452e+00,-1.331169544466550558e+00,-2.151678532929417464e+00,-2.207982621976808391e-01,4.043392128803163565e+00,-2.572122566960389989e+00,-1.260479806163188332e+00,1.356939579443580790e+00,-7.256809777851799259e-01,3.708050804317023497e-01,7.135774696144918661e-01,-1.044500355615231246e+00,-1.608824709447536527e+00,3.856551972054002242e+00,-2.037640147570243254e-01,2.881830090382814014e+00,8.903640246702588801e-01,1.310110821487631694e-01,1.073957346866701412e+00,4.031865171240851531e+00,-3.023108302163735051e+00,-2.580922085138333877e+00,8.285382035401882561e-01,3.358628587162443835e-01,3.444866454568917824e-02,2.265120762734383897e-01,2.155307763732262849e+00,-2.072449209873874487e+00,-3.244826701503153110e+00,1.836286294810390407e+00,-3.061056137359333462e+00,2.006581848735461637e+00,5.981576101556990155e-01,1.915367866677077480e+00,-1.993320516465110437e+00,-1.037789032987570526e+00,-3.859781614044026643e-01,-1.547594554903778841e+00,-1.948497835570208725e-01,-2.376522067411163786e+00,-1.060035107042940350e-01,9.202819685208798450e-01,-5.867571997767999648e-01,2.459965056451757892e+00,2.254636223627884295e+00,1.844176056385661511e+00,-3.469481852456083981e+00,8.550666744377523054e-01
-3.862794153800005681e+00,-3.116582569926424018e+00,-1.787854894431648134e+00,-7.400205401552646389e-01,1.785461752327631935e+00,-2.824814632574756512e+00,-1.752549153168305729e-01,-4.297709315742807235e+00,-3.251816719456067428e+00,-2.127348724548274284e+00,-1.714769894846327691e+00,4.685701713245672417e-01,-2.434228382009417047e+00,2.172096138385332331e+00,1.805459457675137269e+00,3.023534677992226527e+00,1.453584103585406684e+00,-4.111861119263549025e-01,-3.547108558670492240e+00,1.364587766935495328e+00,2.965574248798529933e+00,-5.551509551380293672e+00,-1.256691022271636982e+00,3.976687127942001965e+00,-5.208892316437490067e-01,6.475805214698254764e-02,5.234389403575515631e-01,-6.612092641877627408e-02,5.645033654317958005e-01,4.448375596676537924e+00,-1.567462967160269560e+00,2.547435928680911843e+00,2.554917698283041272e+00,5.972235225716397977e-01,9.943208292278643556e-01,2.630485951868255068e+00,-4.374779181091141389e+00,-2.264533031873389834e+00,3.208577212472091267e-02,1.728426193819589507e+00,-1.291141651711696037e+00,1.100309384916181799e+00,1.086204632481889254e+00,-1.501792423977372559e+00,-1.282929785975958970e+00,6.643636707400427666e-01,-3.025940556446294671e+00,1.221267950555907422e+00,-1.122451376384721033e+00,1.289645648597465222e+00,-3.666551251923633181e+00,6.053996252387496835e-01,-1.590216339144603142e+00,-4.562516402148889760e+00,-1.113729260145721378e+00,-2.351092081489093211e+00,-1.717951504084965997e+00,8.995854310971067580e-01,-1.153647721154384520e+00,1.754021262612106558e+00,3.067244751105843381e+00,6.776217065956484653e-01,-1.673060458330376976e+00,1.088434801223558956e+00
-4.337012685276571133e+00,-3.756718428668854415e+00,-3.606442747675093763e-01,-1.070886755748254204e+00,1.550034260495670946e+00,-2.923169942086820683e+00,-3.801239919757811725e-01,-3.260481568266635044e+00,-2.669763706406019566e+00,-1.664359701017997129e+00,-3.103414801757952701e-01,9.573136778851546458e-01,-2.651708952836528521e+00,-1.616024238592512763e-01,-4.494054909386224761e-02,8.594494388325532030e-01,1.440125106662842436e+00,-2.429068520172423362e+00,-2.771859686325287786e+00,1.840920369540893997e+00,2.305291367580289297e+00,-2.506953041552772099e+00,-5.701189496519560862e-01,2.164700425555479590e+00,-1.574206120169391543e+00,-1.316789418846333604e+00,6.963290106300994431e-01,2.185691682128531044e-01,1.080315030216956407e+00,2.848432454193591923e+00,-2.199629302000874365e+00,6.442196403397999482e-01,4.190792267566131990e+00,-6.861788948702007840e-01,3.246317534819242567e+00,2.247369956519560397e+00,-3.810482107914738403e+00,-1.785783510672563024e+00,7.049743287853036389e-01,-4.527471983319512061e-01,-2.115044058918700287e-01,5.178793180236314075e-01,3.095992931502559387e+00,-2.954618023605450450e+00,-3.871250596745399619e+00,-1.749349788989437382e+00,-2.595689209801528730e+00,2.410710825249073874e+00,1.577783630949957772e+00,3.248686344629976297e+00,7.860507116417461138e-01,1.416322791662228964e-01,-1.408429080708856418e+00,-2.733187712743756936e+00,-1.472710037612728895e+00,-2.829140971564362506e+00,-4.224722679228002931e-01,-3.444419859488030977e-01,-8.783598242694212743e-01,3.844665151857675767e+00,4.000496657634074360e+00,3.522142696738926215e+00,-1.332648202819251892e+00,-1.167266628324361344e+00
-3.438037460674106871e+00,-2.945929112560754959e+00,-1.267777798646574805e+00,-9.616758482446060574e-01,2.467081128121855649e+00,-3.322728112146016155e+00,-1.911186753571600727e+00,-3.493515249053002591e+00,-2.088870619067193957e+00,-8.222639197072176831e-01,5.134568424519584395e-01,-7.951266720104737118e-01,-2.699309894770396845e+00,1.593255807709869298e+00,8.979043508171907773e-01,3.080297207222609579e+00,1.902039192555903924e+00,-1.719966592334930100e+00,-9.987774374506361852e-01,-1.071334357794187619e+00,3.376486284328870990e+00,-2.476500713905973594e+00,-1.399332598428264518e+00,2.317167084301598567e+00,-7.163287895402694616e-01,4.925144808129253704e-01,7.751427481572780165e-01,1.753174792050116837e+00,-5.654043615723549632e-01,3.131846064836805166e+00,-2.327026773422647299e+00,3.920141776442554793e+00,2.912496117242384663e+00,-6.012419900067962342e-01,2.779626169051978124e+00,3.910595251813168804e+00,-2.589493213192025856e+00,-3.269931516576863206e+00,-5.515385783271820053e-02,4.842391651390024476e-01,-4.288444259910378364e-01,3.039021719493937290e-01,3.106034397179461060e+00,-2.344298467950062914e+00,-3.154976540187559575e+00,-1.187646731066123618e+00,-3.634865528192004369e+00,2.118398275363639893e+00,1.603445274102994755e+00,3.449586119883265134e+00,-7.149755434945188615e-01,-6.211806330491629335e-01,-2.190209629926917145e+00,-4.543005076018708621e+00,-3.200688987527346985e-01,-3.752466856764981706e+00,-3.745948964883893395e-01,2.000268332046402975e+00,-2.756832631350325080e+00,1.973669940877206930e+00,2.544856981523167416e+00,4.630990687756043833e+00,-6.855105461010353451e-01,3.149002888772072239e-01
-3.338863143774800424e+00,-3.008453134713414467e+00,-3.168267693402324170e+00,-8.825678682519295659e-01,2.875482934722261685e+00,-2.820679269736881434e+00,-2.024180032678827290e-01,-3.440277287935104678e+00,-3.614306609363971745e+00,-2.395880089349232689e-01,1.960314306468585732e-02,-4.853713813383053743e-02,-3.811365998843604608e+00,8.850653024613046593e-01,4.691965996727786026e-01,2.526826874543831813e+00,1.219290821742761821e+00,-2.973211267794264145e+00,-2.212282605001677283e+00,5.026096285706257438e-01,2.814842182502270251e+00,-2.660541004984722235e+00,5.821314810599818035e-01,4.772997096892190427e+00,-8.875235882537135801e-01,1.822008499584160557e+00,1.166003517900994435e+00,-5.124723227311958063e-01,1.299458530029640180e+00,3.181900453804817452e+00,9.669737156624380603e-02,2.466595986120620587e+00,2.700771956708940547e+00,9.525536189828798239e-01,2.434425004462609898e+00,3.612117142544317261e+00,-4.082232252735615852e+00,-3.031657990132868186e+00,5.979260832138297843e-01,9.955111106586185254e-01,-1.299314095469517039e+00,8.838935247655518301e-01,1.583350454529242501e+00,-2.249302373170273484e+00,-2.754730443419836305e+00,3.541880095204996692e-02,-4.531500105692771285e+00,1.709541400586085613e+00,8.895707553861854633e-01,3.062270410277895927e+00,-1.377095516361471983e+00,-1.025219196310881209e+00,-1.758834120971930481e+00,-2.992627570383408209e+00,4.746950205030642245e-02,-2.913311100600795012e+00,-5.115262582478071751e-01,4.355688422878059018e-01,-1.545220201355021805e+00,1.542160580152415417e+00,3.522194520314698707e+00,1.184347122279625797e+00,-9.833808952521978508e-01,1.661366629817282226e+00
-9.181528567905685723e-01,-3.773175536893198512e+00,-1.734187185614360249e+00,-1.983437023099879459e+00,2.809388524426065015e+00,-2.118251030520335920e+00,-9.588958658744557439e-01,-3.406123965159257416e+00,-1.491051829130832340e+00,-8.548113887238149022e-01,-1.063117170621832752e+00,2.147031294510460264e-01,-8.589903510387828511e-01,1.141244512509580034e+00,9.290523751099313277e-01,2.363429503926571584e+00,1.689624002478109510e+00,-7.302619894598267880e-01,-2.965978841095650687e+00,1.123492457432162528e+00,4.565333883983775820e+00,-5.928255259185686299e+00,1.734386374302054890e-02,3.223521705774863300e+00,-1.505461366376132482e+00,-9.133396521886882891e-03,2.649187474584080437e+00,-1.311256850730645240e+00,-6.357062901389767262e-01,4.201124271759826279e+00,-2.634401948194285303e+00,2.105031734529621001e+00,1.909749527808207947e+00,5.485297533048568708e-01,2.441984991647419889e+00,1.845971042236935089e+00,-2.228979372870832698e+00,-2.274806778202901558e+00,-3.042693472812989519e-01,1.626618650794419141e+00,3.723671898280008774e-01,-5.331299789588930249e-01,2.213694936357667231e+00,-1.402004643973306708e+00,-2.781672398595038675e+00,9.892368318491907564e-01,-3.375398948514486186e+00,2.533836452262407057e+00,1.576592825502180162e+00,3.551992614863225040e+00,-2.130384858546512827e+00,-7.277581847500076417e-01,-4.312470885829207123e-01,-4.292863189776225497e+00,-2.109963964697730177e+00,-3.333493728049899740e+00,3.413536389815685634e-02,-1.442883805570408295e+00,-3.124253499712733806e+00,2.217045242439636521e+00,1.520036129066861808e+00,1.101473572916376265e+00,-2.459530059384041234e+00,1.753806314370077724e+00
-1.722691675467658889e+00,-2.750154086564482903e+00,-5.637221955669333706e-01,-5.295360605808865362e-01,3.818355344782832006e+00,-1.627513572141023657e+00,2.023721196593865623e-01,-4.003525576975036415e+00,-2.382402573646386301e+00,-1.654205236593550010e+00,1.736004065336039126e+00,5.608756011187444601e-01,-2.383585426148183029e+00,4.633845180380384288e-01,1.991478437041707128e+00,2.617042589709463574e+00,2.147837695609627673e+00,-2.617096706931823391e+00,-3.075959128531325693e+00,-2.385273289450527967e-01,1.902584991520914759e+00,-3.516087257363412544e+00,-2.493173214509230573e-01,3.441601842145996404e+00,-7.625659231195383025e-01,-6.840985872325946460e-01,3.127799663284948739e+00,1.273586610102494410e+00,-5.683248976864085922e-02,3.693016888932093345e+00,-3.097241364499411898e+00,1.401618056593227246e+00,3.620730931869108105e+00,-7.637458338425289206e-01,1.897824284486738788e+00,1.963555181279726058e+00,-1.668286054547635677e+00,-2.434527276350066050e+00,1.472522185860207999e+00,1.708192975918085610e+00,-2.303211186956548029e-01,1.833665972795884169e+00,1.661252140574083214e+00,-6.198694900446239942e-01,-2.643231336847132962e+00,-9.080373606823040067e-01,-2.515211895492702965e+00,1.548363599085712083e+00,-7.111118670325271562e-01,4.179929495572631382e+00,-7.927723468792848838e-01,-1.528591778445098193e+00,-2.907782462870478923e+00,-4.295535000004310433e+00,2.971571013639495717e-02,-3.978388197200604104e+00,-4.660906262806612244e-01,-6.811790862611689645e-01,-1.476692163616737830e+00,2.779035883484202163e+00,1.996663963653495522e+00,3.057867945497858120e+00,-2.496102310646874045e+00,4.338220633421612238e-01
-2.083766977020417688e+00,-3.620988926138826614e+00,-1.844244013614431799e+00,4.623006120837569455e-02,1.168812683390683116e+00,-1.507622611548366187e+00,-9.169173545768943834e-01,-2.954482286774133382e+00,-2.386066974904081039e+00,-1.365714934864028285e+00,1.038899288071521321e+00,3.127023637707038728e-01,-2.856226270924156374e+00,1.988164952022667187e+00,6.853878683902370206e-01,1.708835448351419650e+00,1.468990626462615356e+00,-2.219600542091800133e+00,-2.864105391596938333e+00,1.154396916599647493e+00,1.244582843219125046e+00,-4.081990495174601108e+00,-1.074225853901315642e+00,2.671382369362066633e+00,1.468418690393893389e-01,-1.488070724736681449e-01,5.676228973280277312e-01,1.046054951827582791e+00,-5.124003196580643182e-01,2.948024213914391733e+00,-3.064882813686968355e+00,3.346586238555403714e+00,2.113445888638067149e+00,-5.360997152743987582e-02,2.599154125612961774e+00,4.171931718207399165e+00,-2.795161270874926274e+00,-3.510759892475443955e+00,3.100933729438634656e-01,3.498258911485550571e-01,1.916244831734053911e+00,2.936445546989073785e-01,2.796524713616545199e+00,-1.121012413089320203e+00,-4.326328376227012384e+00,4.331576112770502140e-01,-3.657522124683736386e+00,4.126448745348254121e+00,4.980412382309657437e-01,2.252336713533883206e+00,-3.502691470699256016e+00,-5.157899583027369950e-02,-2.221973082882302997e+00,-2.502651068542603330e+00,-1.548068852670203333e+00,-4.015361941695246628e+00,-1.512744430826453046e+00,-1.183787297688937146e-01,-3.565494648266396283e+00,2.107644744421706573e+00,4.088845344267581616e+00,2.068615254850273200e+00,-2.497350071327498977e+00,1.712174176141635362e+00
-3.921502583516149443e+00,-9.969050751861676662e-01,-3.436681166540505927e+00,-1.385100435908864780e-01,4.285026251173662537e+00,-3.172482177727487418e+00,-6.316317640804312017e-01,-2.692693971692054600e+00,-3.642029263204329403e+00,1.547305320612677004e+00,1.083909395986434765e+00,3.553242000147499025e-01,-2.544252360782986333e+00,7.194846954316277410e-01,9.398699527944449628e-01,4.783089648196150456e-01,2.782802352772097976e+00,-2.162928781445998982e+00,-1.857494209679107833e+00,5.595885305741101767e-01,3.622165290200616727e+00,-4.000473194604305505e+00,4.001794176238263612e-01,3.861420295416568393e+00,1.088912850676090560e+00,3.452754306268075446e-01,-1.366889992386493002e-01,2.524721242337714111e-01,6.601520426478062475e-01,4.499383552743275949e+00,-3.027593660830275812e+00,1.443368003380043785e+00,1.051053867045617540e+00,1.142196521132139431e-01,3.009640104166664276e-01,2.888317210666716317e+00,-4.256243041900497737e+00,-2.201367277557405355e+00,1.177209594826208683e+00,1.565747998768032501e+00,-2.219020874318509584e+00,1.099445450295149618e+00,2.367437564465604716e+00,-3.354040454929353210e+00,-2.645809584138045789e+00,-6.434120488032042395e-01,-3.470074317366046657e+00,2.496782871706282325e+00,3.306382588563574476e-01,3.193022235430402755e+00,-9.286469544448238134e-01,-8.948730669166664597e-01,-1.670311457688292478e+00,-3.567295378219692559e-01,1.492681479378910048e-01,-2.671659911172721724e+00,-6.940778941323559881e-01,-8.875996386479604316e-01,-1.310618125204530804e+00,2.808111182512707416e+00,2.945720574062677510e+00,6.780539376690308817e-01,-1.700084294580158861e+00,7.225021530172046624e-01
-3.586751697812835982e+00,-3.985028084539559590e+00,-1.065384408605785094e+00,-1.449498255508943512e+00,1.698485787800027014e+00,-4.920560970016838453e+00,-5.874687761113808193e-01,-3.890747163855786006e+00,-1.885330031307996812e+00,-2.024839874801677375e+00,-8.247696351475257703e-01,-8.949097971024198017e-01,-8.349428664790390364e-01,4.910362025034342159e-01,5.413019199794081304e-01,1.686799147493758255e+00,3.667083446604904040e+00,-4.293561431338505763e+00,-3.295239236984087050e+00,-8.137120879659764938e-01,3.313681718591045655e+00,-2.022104106099694487e+00,-8.966176094860490720e-01,3.745238313438138178e+00,-2.691722766312754089e+00,-1.698437185689750661e-01,1.250801303023749700e+00,-1.691558312130445385e+00,3.328123128894004967e-01,2.744877028159725008e+00,-2.810146846819288502e+00,3.817079111476598730e+00,3.315025441574928511e+00,1.421845920392905138e-01,2.125597006038236536e+00,2.126625981667938259e+00,-4.558917748524012659e+00,-8.546064254857297371e-01,3.828469909945504956e-01,3.474038925778086817e-01,-1.951925461569028020e+00,1.473693331224178227e+00,2.273127366205750732e+00,-1.104621257681861257e+00,-3.054953536043270468e+00,-9.001399056492609407e-03,-4.963738303727192047e+00,5.847716257141650775e-01,9.208175189974358021e-01,3.265955540777216282e+00,-1.343957026409608790e+00,6.975203929713473805e-01,-1.196952935168318799e+00,-3.294424693164554885e+00,-1.963670188750788137e+00,-2.778571369887272269e+00,4.183428827810578010e-01,1.304848958439151385e+00,-1.871908658952797344e+00,3.216146229100619980e+00,3.136549257763277865e+00,1.174417757190882039e+00,-2.427635601345154992e+00,5.294849515120152450e-01
-8.362660519275724180e-01,-3.586473997412210402e+00,-2.123040983485372291e+00,1.167194651161098662e-01,2.946447411341895695e+00,-2.162536281978447050e+00,-1.860764788219732235e+00,-3.322191768843772763e+00,-3.222057775762145582e+00,-2.174608385764143836e+00,9.241661456650052120e-01,1.751633450998506092e+00,-2.387228514868345641e+00,1.097932278390076677e+00,4.147606353206419461e-01,2.696165765086118604e+00,1.522915921778480453e+00,-2.873395312602386120e+00,-1.084363507473241395e+00,2.103421615995437755e+00,5.574089813947917804e-01,-4.930328256730598824e+00,5.254946818638353001e-01,2.624547995587320770e+00,-1.664256530812699975e+00,-1.538556859468750204e+00,1.619911530383054243e+00,2.494698881506493549e-01,9.292476780668545988e-02,3.512796954545336359e+00,-1.670562143700135005e+00,3.695856301172896430e+00,2.299772359245463083e+00,-5.386202010460031664e-01,1.638718809814475375e+00,2.908884683873766974e+00,-3.808234731437070586e+00,-7.539110990822961433e-01,1.996087403736888533e+00,-5.831065931180756667e-01,-7.900232955469024265e-01,6.556069467823247843e-01,2.945799708047570853e+00,-2.127162877047113376e+00,-2.807495757140975545e+00,-1.330655884566312563e+00,-2.868825005651335580e+00,1.690945117325910907e+00,-4.738469256647344086e-01,1.935426026784498488e+00,-2.003565231345580511e+00,-1.824013274903743653e+00,-2.668720129726116497e+00,-3.180004575788561993e+00,-2.961553737877502979e+00,-1.428426464829168463e+00,8.349724778269889125e-01,-1.154223471459267847e+00,-3.543141600705594918e+00,3.282542527303813795e+00,2.863669846970095190e+00,2.139243550052599474e+00,-1.681400735467234675e+00,8.424136127579529010e-02
-2.131459571794938501e+00,-1.898084550659820735e+00,-1.313962250315124258e+00,-1.571623095617791233e+00,1.987464424794038731e+00,-2.675174135797830033e+00,-1.206016419555313357e+00,-3.867271617823150986e+00,-3.818416879939314335e+00,7.133858525096794523e-01,-1.626682365864734470e+00,-3.271293159861330402e-01,-1.680463547455110174e+00,2.287588771911250873e+00,7.401911804717233867e-01,-1.112762548232302251e-01,4.221804504735826136e+00,-4.089734599096807699e+00,-1.387607819400061615e+00,9.304639253802231558e-01,2.991887925280874327e+00,-4.484176052502401255e+00,-5.666991180490271729e-01,3.264976894364195914e+00,-1.871882667639094722e+00,-4.609898257983785497e-01,1.021389058144165807e+00,-1.985156487862510255e-01,9.710885168338632134e-01,3.275428886037320186e+00,-4.256358265391142481e+00,3.179206320558412902e+00,1.587565336754689582e+00,-1.421319173895542187e-01,2.490297190784855896e+00,4.263691208213786332e+00,-2.907279833128956881e+00,-2.425480350107523719e+00,4.987281269619655566e-01,8.880900937173759058e-01,7.762874230660909980e-01,7.684757813291680506e-01,2.343699617814573699e+00,-1.511770661322574760e+00,-2.000767155906584271e+00,-2.041982457101216841e-01,-3.420198598005629975e+00,3.755456849951103848e+00,5.057242678037305872e-01,2.832584753237862074e+00,-8.496620459428796401e-01,1.722773870396149265e-01,-6.058126377564843068e-01,-2.671863321159712701e+00,-2.030817856805047228e+00,-2.987031410349996641e+00,-1.343881249380883602e+00,3.169755962108099512e-01,-2.565876038648360336e+00,2.311348999290913309e+00,2.729185763424884392e+00,1.178936608340763303e+00,-1.534351493746391348e+00,1.056172322901648641e+00
-3.698170549705602550e+00,-3.622033254498217669e+00,-1.472113105590347804e+00,-8.826021859606618669e-01,1.288946265366738508e+00,-2.663298898656843328e+00,5.874427682539171691e-01,-4.134039529164924787e+00,-3.909877626296533570e+00,-8.147554565942887184e-01,-2.220941943187398904e-02,8.677174024525647900e-01,-1.181621691697062104e+00,-1.192399974620624858e-01,-1.454908138292683173e-01,2.967843338284171573e+00,1.780142017204929594e+00,-1.899143782446015560e+00,-3.160724047391519242e+00,3.051635871730862259e-01,4.942836063867561691e+00,-2.979177330339480623e+00,-1.728575730980609348e-01,3.747623042333360743e+00,-1.109956944701861792e+00,3.251845465627551945e-01,-1.942658762465068190e-01,-1.273230618489073374e+00,4.596292014701611750e-01,3.892427793432464700e+00,-1.843868812199140228e+00,1.029820866158781989e+00,1.802597739526283549e+00,-2.492612699315081004e-01,4.257637044599367204e-01,3.655347074057113232e+00,-3.362010872171944609e+00,-2.535480817239582851e+00,4.624902004260515453e-01,-3.308020394946379339e-01,5.460695737993559451e-01,1.500659176806670381e+00,1.414660567789814083e+00,-3.828029961545082127e+00,-2.302737965712825741e+00,9.087296830510774859e-01,-3.161421343609520651e+00,1.923258246080539413e+00,1.305440536260273898e+00,9.013815588227034326e-01,-1.681678217579506418e+00,-1.255131371624240710e-01,-1.342645011396095045e+00,-3.746142236648839052e+00,-2.317153159267335560e+00,-1.655475239614731420e+00,-6.501293186986225603e-01,-8.380982844983750901e-01,-3.045026231803960037e+00,3.255684046102084395e+00,2.796608396966087096e+00,8.505199687721529678e-01,-3.344818212175021621e+00,4.314604227496419697e-01
-4.097050473718613972e+00,-3.674002088268658817e+00,-2.304430492493531268e+00,1.251704931640861940e+00,1.163100981698367953e+00,-2.654951313772982768e+00,6.963058355490296947e-01,-2.511038470825948998e+00,-1.415442890599987180e+00,-1.374952761497217235e+00,1.082321412141222350e+00,8.857240392632421688e-01,-2.414012807452879716e+00,1.611354365153080614e+00,2.070956546116808461e+00,1.167215911135028650e+00,2.546321570081076402e+00,-2.474754715910422842e+00,-1.845298489760359928e+00,1.380474983417432799e+00,3.196574557384007420e+00,-3.762221904391526817e+00,-1.877579306058866360e+00,1.162823051509341399e+00,-2.364839059223513562e-01,-4.142052538225244884e-01,1.094707702666609439e+00,6.520741245322244639e-01,-3.532200529412196088e-01,2.100908469088274888e+00,-2.123428406619454201e+00,3.759170296250729404e+00,3.383288612953531782e+00,1.236505698670818720e+00,2.228245940712048068e+00,2.513388668917261093e+00,-5.220269309825289028e+00,-2.606717243566894826e+00,4.989840406385314120e-01,1.490996257231783084e-01,-7.084723111554995789e-01,1.728845071703485337e+00,1.935096511504119654e+00,-3.499597452245919893e+00,-1.183036982295226469e+00,4.827572213280517666e-01,-2.001356475216465647e+00,8.713523292882798810e-01,6.948294862050206078e-01,3.966050880470745277e+00,-2.198097876628353653e+00,-7.153599319858628958e-01,-2.317066150840307870e-02,-1.510741511547755378e+00,-5.220992221165092761e-01,-1.789576810793126027e+00,-1.532971489689024969e+00,-8.033715180802640798e-01,-1.936148826989576799e+00,2.353853421569072513e+00,1.752623827624794073e+00,7.750093782990079561e-01,-1.513791158200134213e+00,1.145758892730273537e+00
-3.781612589994858276e+00,-3.595177502811295334e+00,-2.959119251704225739e+00,-3.067783948163619545e+00,4.365544241009214232e+00,-2.584685093506112086e+00,-2.009230630850409871e-01,-4.075459482594661509e+00,-3.725892152793287337e+00,-1.439883195075085442e+00,-1.098511096415520694e+00,5.270126607274615571e-01,-2.393690267095450963e+00,1.774480218606640181e+00,1.598202658194204151e+00,1.816121484111160811e+00,1.820901906130245163e+00,-3.449491597050314162e+00,-1.523862659540620834e+00,-1.033483692544655996e+00,3.213935618614629064e+00,-3.166426583171650933e+00,1.136713109984307746e+00,4.966975365240495321e+00,-9.711001628125738305e-01,-1.064563438392697847e+00,1.520387842228198672e+00,1.296673064730138325e-01,1.108715122808451525e+00,4.647505354152351664e+00,-2.181543597621939057e+00,4.261384913413997388e+00,2.042820867804002738e+00,1.439098535521331490e+00,2.119878195501278650e+00,1.965661771580528017e+00,-2.792168136683837343e+00,3.565396037829584586e-01,2.185418126903464764e-01,-9.257581402434160722e-01,-7.537989804738698396e-01,2.319185608001381738e+00,1.251542720134988018e+00,-2.420022181165582875e+00,-3.346352000070298427e+00,2.255184787136478297e-01,-2.042876776410821549e+00,1.188279131063048499e+00,2.130559420026434392e-01,2.328238962089380859e+00,-2.442247329685387935e+00,2.392149263864545850e-01,3.355821351776788752e-01,-3.545855599292635496e+00,-1.395263486082179316e+00,-1.413564382403598385e+00,-2.407283211654623334e-01,-6.348855197302267772e-01,-2.554378127615972716e+00,1.189847232432992508e+00,2.912478600238962656e+00,2.527096296080178384e+00,-2.557105999133820529e+00,-8.747090977470911577e-02
-3.810150252288138084e+00,-1.729139558744913208e+00,-6.733164462401854955e-01,-1.177734557957979655e+00,2.676442627068865487e+00,-2.287735985493265733e+00,-3.056833550494862939e-01,-3.597113201712583308e+00,-1.293209754742041584e+00,4.712203290423482294e-01,-4.330720527289410038e-01,-2.294574893253922276e-01,-3.026773057739652550e+00,1.738252184912386644e+00,6.792268618409924574e-01,1.907989413629756603e+00,2.659214884364923925e+00,-3.343106556728909329e+00,-1.765646732212599268e+00,2.538220471401602119e-01,2.029561328286167310e+00,-4.134380919351717587e+00,2.871903189297163594e-01,2.453223142539426860e+00,-7.405420886233362587e-01,-2.012856025280548022e-01,1.743050916281255969e+00,-5.468601055665196498e-01,1.461910371175158430e+00,4.333885974868332269e+00,-3.679684284204269851e+00,2.408298150715676211e+00,2.159269073816658668e+00,-1.515242866422435997e+00,3.311528657606830350e-01,2.323138541246745348e+00,-5.647828843625340767e+00,-3.071298836251095565e+00,2.226743224846895464e-01,6.031025137454633089e-01,-1.169317665281334184e-01,2.976299323033059219e-01,-5.201516215370554086e-01,-8.689460325917304218e-01,-3.243836230078970928e+00,-1.138801559655795659e+00,-4.571592311979428835e-01,1.780983936716183269e+00,-1.498829044200848948e-01,3.067702985048876840e+00,-2.306415933787477002e+00,-1.177674079590964595e-01,1.855913749510758048e-01,-1.531114976746144718e+00,-1.185323347636079383e+00,-2.847044616955409779e+00,-1.405275136082966059e+00,-1.267030208344573361e-01,-2.886286361994077065e+00,3.091775164109097140e+00,2.854130616334880077e+00,2.109899424580843785e+00,-2.241119558205959539e+00,-9.559338892223057105e-01
-2.727983519783124589e+00,-1.540101752150659253e+00,-2.212468679237589608e+00,-3.259320283767253024e-02,2.136497262804421648e+00,-3.203233552701392650e+00,9.038537610631394159e-01,-3.976605234681852785e+00,-1.030143304867037868e+00,-6.560998531277217882e-01,8.524719336728239227e-01,1.633325368078818451e+00,-8.913461416785479763e-01,-6.845947441385948906e-01,2.174935763590419402e+00,1.745409301832337556e+00,8.863495732181105868e-01,-1.688470565761873265e+00,-2.773258065284639695e+00,-1.080362972216203366e-02,4.484426871141515392e+00,-3.779979350222309797e+00,-5.419242414234296534e-01,3.450933854665738210e+00,-1.764271784036560708e-01,-2.677802231284638901e-01,2.569623657255267979e+00,-7.744840231489945603e-01,6.657214638197542778e-01,5.082900049091310102e+00,-9.814258378238152059e-01,2.818080462292124277e+00,3.025333955466128266e+00,1.116296116335792288e+00,9.668842028524629040e-01,2.257104332829382276e+00,-5.042672140450354945e+00,-3.369451785302635116e+00,2.076933910591721499e+00,-1.509564218709515071e+00,-3.233132569072994511e-01,1.422510074949814518e+00,2.348623429207294500e+00,-2.628286679411246940e+00,-3.353725331743151461e+00,1.733946767278590428e+00,-1.837501814533155420e+00,2.499303947501848810e+00,7.288907999204943255e-01,2.180423688500316537e+00,-6.340538076403643419e-01,-8.115297212558030271e-01,-1.507387692558761705e+00,-3.718049973779304462e+00,-1.808852820817018259e+00,-9.357440568162767036e-01,-2.544237103360481367e+00,-1.304475277297270530e+00,-1.788931448882005171e+00,2.044037994151131077e+00,2.985907266387064052e+00,3.721402343801929025e+00,-1.490862262119195814e+00,8.986060913172743136e-01
-2.693604673769805391e+00,-2.756754355478187701e+00,-5.581815382692536520e-01,-1.358931786352825188e+00,1.694106196856289381e+00,-2.301341332851365884e+00,4.850579299129850197e-01,-3.180742170906800670e+00,-2.114464504615521712e+00,-2.693256515729799627e+00,-1.014508093898524699e+00,-2.000071640235303594e-01,-1.277652897647568064e+00,1.173529551827201090e+00,4.730570513644288821e-01,3.956300141943525084e-02,1.592080537201811641e+00,-8.754974524733449837e-01,-3.913485782335831331e+00,-1.700617848040157920e-01,3.805230877110123089e+00,-5.928546613634077644e+00,1.312514556633807006e-01,3.602723646014259096e+00,-9.547691724052399520e-01,-1.354515016609812328e+00,1.274843761157392397e+00,6.716050523902944436e-01,1.270065255864364584e+00,2.780049019178810532e+00,-1.157250212147573176e+00,2.186666949071743637e+00,3.056487852953412521e+00,4.338048320097354082e-01,1.094971405743335291e+00,2.789654879138686816e+00,-4.049582029632714075e+00,-1.713358252823391048e+00,2.012501632021146403e-02,-9.016456877244207746e-01,-1.915531810860031214e+00,-9.224712300980382196e-01,1.653057299770274158e+00,-3.522927316722026525e+00,-2.666451142642475514e+00,-2.202598656726809656e-01,-3.183303140164537304e+00,3.075757895828082233e+00,8.473008011359106639e-01,2.781369756444961094e+00,-1.411130492263409142e+00,-1.445510803907293695e+00,1.191088675420622467e+00,-2.561539122365751986e+00,-7.211022545194133437e-01,-3.638440629995396414e+00,-1.259000360567421595e-01,-6.556316999650759758e-01,-5.537604011535479653e-01,3.941817100247835270e-01,2.205343973675392366e+00,2.151216640029609106e+00,-2.443324284756655640e+00,-1.119620845777747231e+00
-2.171195237357173013e+00,-2.357168516357200261e+00,-2.541317047946611396e+00,-1.482677664755418068e+00,6.238892929142196841e-01,-4.904547911710078978e+00,-1.195186981908449741e+00,-4.230352012249484872e+00,-2.120407360506536776e+00,4.680892320605196666e-01,-4.159786815287453976e-01,-6.294323684098712679e-03,-3.169146930194490341e+00,9.801111303711903533e-01,2.267536987041124608e+00,2.131028615010947647e+00,2.714890868422477066e+00,-1.971812415887371328e+00,-2.756593429243378246e+00,3.161058625530384636e-01,2.104741333879318610e+00,-3.234035199500804314e+00,6.287089819790367962e-01,3.250998762932995056e+00,-3.189767174730750554e+00,-1.023522067017709425e+00,1.331426387089678753e+00,-4.927436638825583026e-01,-2.753612987975906368e-01,3.430690355368692046e+00,-7.557512931156145086e-01,3.953287733001068283e+00,1.557819341660209522e+00,1.341251240738382089e+00,2.015778328936151276e+00,2.352600945078894945e+00,-3.432327286046102266e+00,-2.053585915845106413e+00,-2.553249142499268709e-01,-5.296752776563817822e-02,5.022068330868074693e-01,3.869369415470813034e-01,1.551322151740585298e+00,-4.912117153972559436e+00,-4.203505446743506901e+00,8.375705518448406384e-02,-3.511073507387605375e+00,1.859407893181035609e+00,1.174861306451617349e+00,3.917741184496181361e+00,-2.342811671111248994e-01,2.969083254617459477e-01,-5.920340435647165611e-01,-1.541530826124162923e+00,-1.410556524595196759e+00,-3.557716682247482609e-01,-9.333493111546367071e-01,-3.697750558938668886e-01,-9.898373600203669298e-02,1.197856159088553918e+00,3.879337945420461953e+00,1.708679920379369221e+00,-2.996020277169290313e+00,-4.866878841594111105e-01
-3.968182762143900533e+00,-2.712589496377461273e+00,-8.501548934561877768e-01,2.071473628751105966e-01,1.353006669802386375e+00,-3.239145452287134130e+00,-1.508829853564313817e-01,-3.409228141885438212e+00,-3.700194356486123048e+00,8.389929621046445796e-01,9.852780691309677152e-01,2.270611533461990850e-01,-3.310353060758751909e+00,1.612945292999271807e+00,-7.370064067812953645e-01,1.395195893274594034e+00,1.176126255865757253e+00,-3.858943984291449691e-01,-1.821966272629335748e+00,9.280000933026955057e-01,2.228996474100059633e+00,-3.464622658430879909e+00,-1.166390637521534712e+00,2.995615712604749348e+00,-1.594076471423401475e+00,-8.178857460218715847e-01,1.002724638810973401e+00,-1.243963566764998557e-01,-4.870403967155197966e-01,3.465391130450366397e+00,-2.998043375248515829e+00,5.410791172914648506e+00,2.299785670532912718e+00,1.359697997253402457e+00,1.646578880411630585e+00,2.842593842515311664e+00,-2.744787279092018029e+00,-2.066382198655816627e+00,-1.246276812083321195e-01,-3.643643253711180696e-01,6.922847126496154413e-01,-1.055678660284606218e+00,2.129687491900951191e-01,-4.069221542465002450e+00,-2.230771097810857917e+00,1.009435326344522821e+00,-2.050105043079590850e+00,1.588271367046910632e+00,1.466141421304282266e-01,2.694169403515780381e+00,-2.093964754883959944e+00,-2.320543365346026121e+00,-3.331810407049737854e+00,-2.146927689610712786e+00,-1.084511639104912994e+00,-3.931443971615173893e+00,-3.675385868552443203e-01,-1.774897890603148176e-01,-2.911300277653049662e+00,4.456792504456760895e+00,3.940619371866954879e+00,1.471723457124920476e+00,-2.203778656268253755e+00,-3.877325573039398510e-01
-2.750485070251352582e+00,-2.194066973188916414e+00,-1.629544919508016276e+00,-1.139407417368793807e+00,3.226350289869177157e+00,-1.941984899898638650e+00,7.873559911753154061e-01,-1.953840198899246650e+00,-2.680061366669518552e+00,-7.483466748708127447e-01,-1.201602572126891033e+00,1.544601584502146574e+00,-2.665869224445783559e+00,1.696605863339017750e+00,1.861894512413729608e+00,1.242863786889387701e+00,2.285935366242000999e+00,-1.455044634652724378e+00,-3.679851556233586507e+00,-2.316070597272298359e-01,3.647195916438710661e+00,-4.457384072741754188e+00,-1.012900461448234646e+00,2.150501002362346981e+00,-1.699776087383719325e+00,-4.201357883053077336e-01,2.097264851912937100e+00,-1.879514536144886838e+00,2.239061168233553722e-01,3.684131329875731886e+00,-2.965903554476561510e+00,1.071905142845368974e+00,2.671340631873920124e+00,-3.505037562867329703e-01,1.967705951845706291e+00,2.369093002375351364e+00,-5.256583033802908034e+00,-3.737367388464253537e+00,8.588437228534613332e-01,1.003182773993738452e+00,5.582969898799237107e-01,6.379432903491308871e-01,1.597596481239144550e+00,-8.109046592301869527e-01,-4.348038864690596306e+00,1.218483676274185967e+00,-2.521198882464349644e+00,2.308151149107811051e+00,1.974909385852679167e+00,3.445037238112702571e+00,-1.371515921760613654e+00,5.125773459788751651e-01,-2.389395333585436099e+00,-3.090249881887111361e+00,-1.954023274672135990e+00,-8.832193696948895667e-01,1.355682686838140416e+00,-1.443377159507704510e+00,-2.999883932738942161e+00,2.061998302201199174e+00,2.790211701347906192e+00,2.415895645900944189e+00,-1.968577471471257834e+00,8.513511789849717015e-01
-2.316192816246628539e+00,-3.874209599808844384e+00,-1.734406831373376257e+00,7.476839731971307579e-02,2.071810548007789965e+00,-1.238364971492631916e+00,-9.645455091347321375e-01,-3.398946499610428607e+00,-2.805443664650006497e+00,-1.533368915156141377e+00,-1.811621009775772562e+00,-6.744756479791969017e-01,5.342751867609247807e-01,7.299777559545499450e-01,1.609608900821639654e+00,1.915364984587133224e+00,2.083417044655995198e+00,-1.008749802282872032e+00,-3.270936472370031822e+00,7.921617685791690899e-01,4.772602508799989707e+00,-3.909272172297231673e+00,1.478852058516589629e+00,2.618618457582243320e+00,1.241557666167362850e+00,4.522930011020062091e-01,7.513956749690908765e-01,-6.104224011674325157e-01,9.538615995770688416e-01,3.203628153702664516e+00,-1.238904975094155203e+00,2.788773138221770864e+00,3.324007182937114280e-01,-8.632997846709905554e-01,1.154354233747972414e+00,3.582638558336868950e+00,-1.333760974474138550e+00,-2.683004933993364372e+00,5.553452298011993804e-01,-9.703011447066571815e-01,-1.189725835754337213e+00,1.831054688522449236e+00,1.544653309489707693e+00,-1.712996908636728266e+00,-2.845495425336697526e+00,-2.128902054173583691e-01,-3.685335856696806633e+00,1.919224461236526791e+00,2.781767382978300729e-01,1.248674395561579553e+00,-1.961764446658765815e+00,-1.701626377571178628e+00,-1.618872258560954069e+00,-2.462563216608371075e+00,-5.011738899942117520e-01,-2.130597358841956890e+00,-7.857901234122554035e-01,-3.330125969795008634e-01,-1.166316356754024230e+00,1.429816962099210498e+00,1.466886394895211554e+00,2.073718965043016560e+00,-2.517616706169136354e+00,-4.926152970809482001e-01
-3.097850348636841389e+00,-3.399930000517366935e+00,-1.381393050657238497e+00,-1.105537248622689539e+00,2.047825987604219744e+00,-3.110783886615358984e+00,-1.713207760288215642e-02,-3.555546294444587918e+00,-2.475825320232788673e+00,-6.964452547645438862e-01,2.150545718907922232e+00,5.641156081206197825e-01,-2.721913451785741511e+00,1.947365945404818666e+00,1.280999436752170428e-01,8.019251531632782815e-01,8.156117057170684248e-01,-2.232385494778534429e+00,-2.340893193199760969e+00,1.599770042003965331e+00,2.311790800215242303e+00,-2.087201530955509199e+00,-1.761352190086534097e+00,3.227986729303149005e+00,-1.215927968586749452e+00,-6.060057538557086509e-01,1.814058484626772660e+00,3.072563969623078872e-01,1.538838452583273453e+00,3.277020844695720303e+00,-2.031627936743910734e+00,2.796881883514826583e+00,3.259460835497032249e+00,-1.209723424387960933e-02,2.066573378012005691e+00,3.510399234934105106e+00,-4.176014452380496955e+00,-2.490084186976198488e+00,1.057132382250717040e+00,-9.152508719035132856e-01,-6.914955054445542926e-02,1.361055473611628042e+00,1.840530193552608607e+00,-3.595504965395057262e+00,-2.828622699891173653e+00,1.769341560848688877e+00,-3.066774865012533713e+00,-2.431418713521265040e-01,1.555981047474062517e+00,7.994618408464189141e-01,-2.775612159739275331e+00,-6.874239485257616078e-01,-1.791874828959627353e+00,-3.973178831818031220e+00,-8.843845605692908229e-01,-2.925582410135180833e+00,-1.696642098106258656e+00,-7.699749416412473568e-01,-2.180908430569618695e+00,2.620696702212921725e+00,2.000300358816780921e+00,2.087868966164590390e+00,-2.549442307138606090e+00,7.653907340930947711e-01
-2.052943714588115753e+00,-4.225129066611005513e+00,-2.633362107084572301e+00,-1.414093461243282501e+00,2.805114833167728250e+00,-5.105126072965307849e+00,-5.927101605742384205e-01,-2.940790298333266772e+00,-4.629385528804643712e+00,-1.586937677055158868e+00,4.886049880027965031e-01,4.060516053364238154e-01,-1.724495749391707911e+00,1.715317286933051300e+00,4.455839083149891744e-01,2.311578231322546806e+00,3.192350835308933377e+00,-2.928833557902872808e+00,-3.106544127211798845e+00,-3.782801034440169685e-02,2.603515562754837198e+00,-1.612786490748363777e+00,7.967329655086283768e-01,3.287225910578074117e+00,4.288383844539791490e-01,-4.818052182542503781e-01,1.170161356238568429e+00,8.896969211755598739e-01,-5.355304390886828081e-01,3.747947060473558523e+00,-2.495055084459272710e+00,4.688710747498072706e+00,2.642224062456125289e+00,9.403224258918058132e-01,1.340073443980559054e+00,3.913713900189912831e+00,-2.771279769435775808e+00,-2.786996545760743960e+00,8.677699356892647486e-01,1.274934188818237946e+00,1.206006457285683009e+00,1.089597350156085387e+00,-1.432755688246373005e+00,-3.059174022280247485e+00,-2.989164961105638785e+00,-4.310118085298164647e-02,-4.157696556404451904e+00,2.323733712873542689e+00,2.405141156999393459e+00,1.112550185143748038e-01,-2.674364147542421577e+00,-1.966523874296799645e+00,-2.054873340695275719e+00,-1.481966310363834083e+00,-2.761488528291816902e+00,-2.165629578724815651e+00,-8.422252201185244092e-01,-7.033992500844761242e-01,-2.931814871110924869e+00,2.187911859570995432e+00,2.475053681362384683e+00,3.447746013553122602e+00,-1.815601209116454617e+00,-8.409459244308401527e-01
-3.636681780388694385e+00,-2.176787193906285278e+00,-8.834514796990358132e-01,-1.164396371624136339e+00,2.143180531554852220e+00,-3.323988971817860794e+00,3.414176541983823254e-01,-3.866652055890254402e+00,-2.435926415656332278e+00,-1.686060209457168835e+00,-5.807736983193836355e-01,1.134130888914268498e+00,-2.284332005902714346e+00,-3.437768460558465744e-02,6.618081552464126771e-01,9.085017913332353867e-01,3.254405236531868972e+00,-3.115518235581713924e+00,-1.777157709470551072e+00,7.148525581667137807e-01,3.825751757398652586e+00,-3.056564679491460268e+00,6.744677811228758646e-01,1.374661268627139998e+00,2.464956775978499603e-01,-1.362439490737472170e+00,2.327401206963020108e-02,-2.037766482944732283e-01,-3.362297813072351316e-01,1.783138914737308900e+00,-4.615953547387828593e+00,2.451257047497623631e+00,5.984211310066094303e-01,2.883828829190605569e-01,7.512569906820415477e-01,8.472431474502819526e-01,-2.737325644567450311e+00,-8.660916190006440196e-01,-2.742287442218782623e-02,1.967951305190903222e+00,1.531450995452985353e-01,-5.044408805446776167e-01,2.030785820876370273e+00,-3.202146210338369769e+00,-3.229819603214155510e+00,1.830224913424466138e+00,-2.656914970202860271e+00,2.517011324836318842e+00,8.631296036912572411e-01,4.138146875598737395e+00,-1.468778348055181926e+00,-8.213500239732850483e-01,-2.592473376368408466e+00,-2.540296308015740134e+00,-1.208459632968970743e+00,-2.014819750710655999e+00,2.502588146814809233e-01,2.188086426941895923e-01,-8.797075849791877733e-01,2.534971195551347201e+00,2.987490277785836756e+00,2.503762789349265105e+00,-1.679897308744815465e+00,4.249882719077569537e-01
-4.714138735838677263e+00,-2.568534464659758321e+00,-2.337373814965300944e+00,-1.411414409981194940e+00,2.703595026334223661e+00,-1.817709930210731128e+00,-5.290570825203655403e-01,-4.136862076196234028e+00,-1.752988394058831112e+00,-6.617199308218383313e-01,-2.505134809788555628e-01,6.683401869328517431e-02,-7.079835179688274138e-01,1.707894632554354697e+00,1.237535443802018520e+00,1.051769838369604804e+00,2.893541622067525410e+00,-2.165710688852162225e+00,-4.857014204536143076e+00,5.948610492062724742e-01,4.002282605927351966e+00,-4.329005225367470899e+00,-1.178599440202138471e+00,4.989667067954865587e+00,5.620772064191847939e-01,-1.478572755694018470e+00,2.142919307166043286e+00,6.231805699366798068e-01,2.377944137757663778e+00,4.360981900830268820e+00,-1.616120415008661215e+00,3.591037075909046195e+00,2.034275902515519707e+00,9.450735381627317633e-02,2.391603807289365502e+00,3.173840097779216052e+00,-3.412211218635823329e+00,-1.622821093011439730e+00,-1.118680189907698352e+00,4.363544122295347494e-01,-7.273321430785080199e-01,1.321681580986445725e+00,4.640799281205363336e-01,-3.688427996963612454e+00,-2.991709052437241834e+00,-5.244518868989223037e-02,-2.294157810497616801e+00,1.250026153698497788e+00,1.500099535660119887e+00,3.010263528230590513e+00,-1.387242299160345471e+00,-1.664439521267390809e+00,-8.382472872007629139e-01,-2.298158170799285305e+00,-1.556490981847047372e+00,-2.368682750627318701e+00,-1.136866704932416372e+00,-9.204664127725001865e-01,-3.283666830368579870e+00,1.077037495526783184e+00,3.277509653957946689e+00,2.447537882809629917e+00,-2.120263167280446837e+00,6.510773317526641346e-01
-1.558587085209358181e+00,-1.596170645204394445e+00,-4.708616123542028742e-01,-1.406179896005793406e+00,1.520007328333318197e+00,-2.251846612494072808e+00,2.448651663036391923e-01,-1.478452896641310632e+00,-2.219551551347646257e+00,-1.034671241825210641e+00,-2.413962101676908611e-01,1.631014380246480266e+00,-2.616930967151625431e+00,6.882271699597661829e-01,1.239382229062605534e+00,2.226873391190796969e+00,1.064912514822266898e+00,-2.849021747931200554e+00,-2.405856781398129307e+00,5.489656866807579583e-02,3.485901252849955334e+00,-3.941305759851713830e+00,-1.578974515424710900e-01,2.876908724676102480e+00,-2.188414339782452256e+00,-1.851835841844316488e-01,8.601264902262732992e-01,5.924687555606265033e-01,6.852176988940411606e-01,3.465567483208113142e+00,-7.676761127614082358e-01,3.533114578420794238e+00,1.866238315175938745e+00,-6.418559531661007789e-01,-5.831002331914270087e-02,2.595705850570932505e+00,-2.887338735411681512e+00,-2.062949857241993534e+00,1.382472565125498987e+00,4.969712778087228000e-01,1.564229404638941556e-01,1.430951311337145260e+00,2.240630474308832554e+00,-2.138896604838965931e+00,-3.049183897414121436e+00,2.656356610677453212e+00,-1.359860708781682526e+00,2.123204742417727164e+00,2.725582011577047048e+00,2.137567279663740827e+00,-7.900626616166839256e-01,2.269929843168914108e-01,-3.457421368920396088e+00,-4.426514767478815671e+00,-9.996346583407618169e-01,-3.775212683359427057e+00,-6.893058633950694958e-01,-1.286292747535974224e+00,-4.966746699955177924e-01,2.997446095259802767e+00,1.991201308034302286e+00,3.151287979990165411e+00,-1.386380310917790348e+00,8.977687779747273167e-02
-1.050763106312488926e+00,-2.570148315359591429e+00,-1.776009476610501459e+00,5.351965111635270667e-02,2.556122333647760314e+00,-1.949364433223340853e+00,1.770523457375539622e-01,-4.066880309224883305e+00,-4.041937061036998458e+00,-1.583829127379575041e+00,5.843556674190835132e-01,-1.155010406534485723e+00,-1.465326498012397671e+00,2.197342693053231599e+00,7.761390509467804844e-01,1.397852149293829616e+00,1.134370952011774625e+00,-2.602696347407500443e+00,-1.703989644086271404e+00,3.290722940433312149e-01,4.243773557089491888e+00,-2.914963392552057275e+00,4.607794438353421951e-01,3.206731671064464440e+00,-5.993246209776761368e-01,2.480621367963428137e-01,1.013163342536723466e+00,-1.332723084068357711e+00,8.755114042064243707e-01,3.478778293330812232e+00,-3.733779585057002581e+00,1.559604595398670579e+00,3.411589595018404975e+00,2.780200155167435183e-02,2.601865984892693717e+00,4.225093335636674219e+00,-4.088466835366818763e+00,-1.922340912355452236e+00,-6.865950861968450614e-03,3.219550244213684742e-01,-7.361498469717892013e-02,-4.298583989568283137e-01,1.756517925155579363e+00,-3.190460214357022650e+00,-2.918775237459255489e+00,8.174962245815808881e-01,-2.870292153821444980e+00,1.283697979697550284e+00,2.259883326831150008e+00,1.793573340863036325e+00,-2.244240126968810589e+00,-1.608103583023734018e+00,-1.824809066445971295e+00,-1.982444293142680447e+00,-1.563825015560289300e+00,-3.523801831749425961e+00,-1.064946498548414278e+00,-6.300761067621596379e-01,-1.710470086047798821e+00,9.751506443085555809e-01,2.640662291439582532e+00,2.325357931620312790e+00,-3.294608651302064040e+00,2.248925649962106588e-01
-2.966157811904899688e+00,-2.116178713697158376e+00,-3.452748481481439313e+00,-2.097846150340249238e+00,1.096947643068218348e+00,-2.238707095204132358e+00,-8.966392698692094987e-01,-3.431364541221997300e+00,-3.788474297376362099e+00,-2.186104144866761079e+00,-2.564162609579383911e+00,1.113431895333021893e-01,-2.622974708083920969e+00,7.290812919846554330e-01,5.116477944182055149e-01,1.519256244665735167e+00,6.584157940323664970e-01,-2.939393932822562228e+00,-2.507709580355052204e+00,2.717099684522322756e-01,2.028800082737224564e+00,-2.582907909906340116e+00,-1.810436997277560689e+00,3.768364471567259066e+00,-3.120494804869636818e-01,-5.567410825188090495e-01,1.648279882853691980e+00,1.612934208106865830e+00,-2.639428870290215778e-01,2.162905591035008790e+00,-2.640265480200262971e+00,3.393519909476710339e+00,2.153355731481659152e+00,-1.436879763139575494e-01,1.891206733230182957e+00,3.460181282332839281e+00,-2.074167131041836143e+00,-2.580516711340226976e+00,1.524921318958349481e+00,3.369677080736022123e-02,-2.185507467520892089e+00,1.293361091752054826e+00,2.368387225656542583e+00,-2.196649433470675206e+00,-3.005265660287156138e+00,1.065511187921305947e+00,-7.922085569470342925e-01,1.316657350152111494e+00,-3.939884141466589718e-01,2.125246005222030554e+00,-2.460228276922892920e+00,-1.062099874288301216e+00,-6.160321933916406145e-01,-3.391017871198731992e+00,-1.683523113025716889e+00,-2.991250652226616236e+00,-1.832826555895323839e+00,-3.566613338979288672e-01,-3.369002154278440742e+00,2.319776731449808782e+00,2.850906665691045561e+00,2.940239186449892017e+00,-1.051131473692276330e+00,-1.258194154480840043e-01
-4.381658629790513793e+00,-3.020796765297900421e+00,-2.839135686104178546e+00,-1.266284223463516989e+00,9.197573891151099579e-01,-4.120818094747690452e+00,1.090240418237097830e-01,-5.224702528004892876e+00,-1.521055929994709954e+00,3.595770006410341502e-01,-3.709697232211759399e-01,1.141789067910483624e+00,-3.969289288523574211e-01,1.299334071211747377e+00,8.230539774934375608e-02,-1.612189139825168649e-01,2.546569435373676082e+00,-8.697004598975337508e-01,-3.529550340152967092e+00,-4.892542954160281621e-01,2.581569183620120000e+00,-3.831083846608363874e+00,-2.385956726894344904e-02,3.575341255100928262e+00,-1.328545780136759280e+00,1.655138370170315953e-01,3.707853035347620230e-01,-4.931654206545856844e-01,1.475703534735772982e+00,4.578419810051490124e+00,-1.110849208776578667e+00,3.639153564882005920e+00,2.666668392107888863e+00,-6.763781289009336284e-01,6.882213336115977631e-01,2.833552687950407822e+00,-2.843761364574273198e+00,-3.583652914840834480e+00,-1.312064531533227996e-01,1.720586011229104928e+00,-1.159698050486604348e+00,2.058484243619641774e+00,2.155653549334914931e+00,-4.100592528074987086e+00,-3.764731495650652349e+00,3.143524927920882561e+00,-1.167862817188427549e+00,3.148465185240656883e+00,1.736635853446724109e-01,1.364678184420642149e+00,-1.766062718240445806e+00,-7.341165183647468950e-04,-9.180070523278122119e-01,-3.049780286504933269e+00,1.046573371454102563e-01,-3.412002321545843486e+00,-3.545904195502829759e-01,6.743594429238628507e-01,-2.598998862336045157e+00,2.911779770203287043e+00,3.502205543541044186e+00,3.090593259152216721e-01,-1.577966625376106435e+00,6.491265288112730847e-01
-3.147856217453691485e+00,-2.771312984505131638e+00,-2.317615480331549627e+00,-1.516379669017950516e+00,2.611365099932589473e+00,-2.886035343631504269e+00,-6.609515189490960951e-01,-2.343513808282768451e+00,-2.044154296838186280e+00,7.571149884261296759e-01,-5.910971982980843809e-01,-8.496615551842574554e-01,2.947007091318998295e-01,-2.290138780842609911e-03,3.330564859692092261e-01,1.626000041744809055e+00,8.650649101438772082e-01,-1.658365741068185129e+00,-1.734452295018257706e+00,-4.098644836325679996e-01,3.389935696961305478e+00,-2.382801858630453129e+00,-3.991100937339654431e-01,4.848383540707355444e+00,-2.529530066135188271e-01,-9.028480706493324792e-02,-7.125407183874685746e-01,5.555462124780261024e-02,1.880639449331965585e-01,4.160683076072547948e+00,-1.918219264966050996e+00,3.092984445000909410e+00,4.195038680576053558e+00,-4.493290894907403521e-01,3.191392648302858071e+00,3.086116055016336013e+00,-3.581924848031484476e+00,-4.002400061718042856e+00,1.508777603625424346e+00,4.819492864545719679e-01,-1.982694373551897371e+00,-1.411593106791650953e+00,3.047913698143267069e+00,-3.843678278081525512e+00,-2.417532204683892960e+00,-3.586916265682884575e-01,-1.160027382452026190e+00,2.484149345920188434e+00,1.039607355055035542e+00,4.185069127925281407e+00,-2.995477399900730031e-01,-6.532108423845343070e-01,-2.011772656679007287e-01,-2.144424786836635288e+00,-1.925832944890790710e+00,-3.447359340184747989e+00,-5.924084103105746735e-01,5.267893954135866030e-01,-1.687851702631369744e+00,2.227949680362370177e+00,3.211808428065466625e+00,2.280081065436427412e+00,-2.438729518595400325e+00,-1.169749253678646683e+00
-3.411289823845155667e+00,-2.459388107392280975e+00,-7.929028761601577546e-01,-1.817186007649256085e+00,9.982353284899012635e-01,-8.274091449678042665e-01,-5.341755852039752339e-01,-3.268270509550376346e+00,-2.842463401249857302e+00,-1.716547023715904396e+00,-2.126858236277330061e+00,-1.312292133184569942e-01,-5.861493560561112925e-01,1.485306463712982694e+00,7.946819076999896980e-01,-2.045008567441446434e-01,1.951206251823192295e+00,-5.558243161451972281e-01,-2.163175957844734931e+00,-4.692700921950342385e-01,1.804048733436313334e+00,-4.068831802337463444e+00,-9.550225707916233375e-01,3.033489882194297937e+00,-1.707476787238324079e+00,2.483794013602335093e-01,2.465339199149477523e+00,8.538915986738706554e-01,8.400930954759162628e-01,3.650595934093969763e+00,-1.948445342792737067e+00,3.504711291694342812e+00,1.524961805296853656e+00,-5.648925032012797054e-01,2.173426912441585923e+00,2.232109020346367600e+00,-4.411826478124345918e+00,-6.565071525661698715e-01,1.680471999413589934e+00,5.719727066681016270e-01,-1.299757807060291759e+00,1.184325935363201632e+00,6.115876722997617421e-01,-3.205034175577302413e+00,-2.130596225959263013e+00,2.297594130648185740e+00,-2.820741125783861936e+00,1.491733706301923146e+00,1.177036131818972153e+00,2.475171070350373537e+00,-2.291990425779263596e+00,-1.464168337144835519e+00,-1.132468373630302949e+00,-4.076716969813669600e+00,-1.392094328769518885e+00,-2.732016906330149375e+00,-1.411945875067244005e+00,7.095862885487949079e-01,-1.828568648569583344e+00,2.450718838168694624e+00,2.513471849756298671e+00,6.989541378988597398e-01,-2.294540353831775903e+00,-5.591957390747680501e-01
-2.434409682006056563e+00,-1.833629421425459594e+00,-1.618420637116365413e+00,-5.894237180806984888e-01,4.297706405963124254e-01,-1.881642826338566277e+00,-7.348209174465780702e-01,-3.053567559494970496e+00,-4.011586942290705338e+00,-9.432522635107543074e-02,-9.014636033276617333e-01,1.083688362762320612e+00,-2.038078670049599417e+00,-3.090098277417332451e-01,-2.831014767853079483e-03,1.047390882883116214e+00,3.944952304067781412e+00,-3.180247250619490096e+00,-4.392090681129690921e+00,1.900891716724695812e-01,4.109823069548318664e+00,-1.749208323406019616e+00,7.093971525172242387e-01,3.345927054592703787e+00,-6.895887265225636442e-01,-3.147890301280950598e-01,4.369926622503482738e-01,1.893047128173003801e-01,5.461117394514906076e-01,2.210843479539946088e+00,-2.761497711675300337e+00,3.272825159307439336e+00,1.878719496735989480e+00,-4.565444895939982928e-01,1.046647610615817570e+00,3.989872107699523607e+00,-3.738646773847806415e+00,-1.945153518307259688e+00,-8.051401545315339803e-02,2.478844788234757790e-01,-5.270697418573158100e-01,3.198713702955708893e+00,1.584627306482267128e+00,-2.343575170204255986e+00,-2.499939185280527276e+00,-1.289989841703089279e+00,-4.654249663779194357e+00,2.242505520420557286e+00,9.336272531643620143e-01,2.092657469175926988e+00,-3.273300803129139958e+00,-6.502591877138133025e-01,-6.147598966380722896e-01,-2.964280153713914512e+00,-1.365257729470043202e+00,-2.576835398978427616e+00,-1.266913624463161803e+00,-3.341643538859217499e-01,-2.079802821054568263e+00,1.904860264753772015e+00,3.110346730072197197e+00,1.435694033564081096e+00,-3.695944378979552969e+00,2.017014719287136604e+00
-4.155690711488273514e+00,-3.794101972946910983e+00,-1.265668909660417008e+00,-1.959767518438331191e+00,2.925001394922447151e+00,-1.431744720413046901e+00,-5.606234412381629895e-01,-3.099955831291238528e+00,-3.153495354092875402e+00,-1.280297531383163934e+00,-1.427534228915292136e+00,9.686316228918028237e-01,-1.141666912380908006e+00,1.703106097428738419e+00,1.848698435931007245e+00,3.095271959532441830e-01,1.255363823483125696e+00,-3.019252234129426338e+00,-2.510918022943732453e+00,8.611755665809066596e-01,3.226581517867972870e+00,-3.171520724106477118e+00,-2.110673407448631633e-01,3.687965973435803679e+00,-9.058438351926116905e-01,1.551384311274729200e+00,8.557365916101453696e-01,-7.404044751672781421e-01,1.366917813405251536e+00,9.646160197721993512e-01,-2.159478083301241025e+00,2.943204529695131022e+00,1.826677719326796900e+00,1.116476425024052199e+00,2.440808502820996040e+00,2.324021604693144560e+00,-3.290517170900348010e+00,-3.037075120715481802e+00,1.373709322073650263e+00,-1.017495151601473635e+00,-1.090048098486112060e+00,1.355006543543479491e+00,1.445459856284829980e+00,-4.130415077260366274e+00,-3.344459135451865350e+00,8.562496142704265623e-01,-2.989092809717680765e+00,2.333972985315220683e+00,9.410231461840051770e-01,2.420681061272734080e+00,-1.379155953908755006e+00,-2.237365954452468664e+00,-1.310691210818060171e-01,-2.201348187301424009e+00,-2.165929340610027953e+00,-3.355751631407745794e+00,5.391006845460630803e-01,-7.509010710026010615e-01,-7.636828618292730297e-01,3.231942182047120582e+00,3.885884675796825505e+00,1.928531902338519233e+00,-3.713923015169351416e-01,4.267397225834181351e-01
-2.135605914202142852e+00,-2.156725950822260707e+00,-2.104856606495730365e+00,-4.996209399610355151e-01,1.115109366961472226e+00,-1.416062507814135563e+00,-6.924479245379302483e-01,-3.558517442797373143e+00,-2.690574223522846253e+00,-1.190283407107725289e+00,-1.194674226651812887e+00,-6.711526721422925723e-01,-1.698325617295641354e+00,9.039645747475588689e-01,5.624071211114780589e-01,2.306338951014806682e+00,1.439828264240556877e+00,-2.299740392138660994e+00,-2.125324977636957158e+00,1.401616252364600856e-01,2.264430723465803652e+00,-3.290936128503976654e+00,-4.218573686503664932e-01,3.840443606786299924e+00,-1.727795786085692953e-01,-1.663637590081452178e+00,2.296341790032216057e+00,4.523261624802237257e-01,7.728362504472524597e-01,3.899523745232124305e+00,-2.474355935918944649e+00,2.915914437509930401e+00,2.948166123786993609e+00,-1.003213356085300934e+00,1.441250279735594164e+00,2.458319020135073085e+00,-3.019491722498579556e+00,-3.323809601248997048e+00,-7.096608484959900931e-01,5.579903394820800999e-02,1.316167436788022949e+00,2.214273334148608718e-02,-1.740015021763025693e+00,-2.846501145181420611e+00,-2.228297793288957607e+00,2.828598122310831409e-01,-2.080609292124121712e+00,1.000454434145801930e+00,7.278547991064110434e-01,1.657462705682545057e+00,-4.662367183391109560e-01,-1.297172699670892326e+00,-2.448522644973983642e+00,-3.298375660226635198e+00,-1.914667620999414233e+00,-1.800234125866228441e+00,-5.269363737930554681e-01,-1.372667976682713675e+00,-2.731483481924786183e+00,2.639569088267730290e+00,3.381844548502246361e+00,1.369753306710143947e+00,-1.176560215791957242e+00,1.186981225949281571e+00
-1.104953445925864086e+00,-2.877033035327832611e+00,-7.187320890203050539e-01,-8.703160862051462221e-01,1.067738787205916307e+00,-2.617208083051850043e+00,8.880942855246620748e-01,-2.340289354772416175e+00,-2.478163576590065365e+00,-1.294180800550273069e-01,1.360150665561110861e+00,2.101133149968263503e+00,-2.007937809746682234e+00,1.048755787171225862e+00,-5.471331463581496912e-02,1.381898811222152190e+00,2.582101300077631834e+00,-1.282471209076438967e+00,-1.437272535309919830e+00,1.472619139382080888e-02,2.445897124246832810e+00,-1.524144947977790432e+00,-1.408417980850995566e+00,2.559480722835735023e+00,-2.779589836092311472e+00,-1.760017812348895205e+00,1.742932381823523169e+00,-3.243608469677937700e-01,7.011430829173309620e-01,2.204347334883915099e+00,-3.193623963030897350e+00,3.702806549893957744e+00,2.101694053610412283e+00,1.378291433108271624e+00,2.555525063470815983e+00,3.223608341391182464e+00,-3.682108199156449935e+00,-2.947149324057085629e+00,7.875651445991912469e-01,-1.821104145752766579e-01,8.614055608746649106e-01,3.770802744134652551e-01,1.807013476424589982e+00,-1.340636172582707841e+00,-3.592882128537956188e+00,2.162045738215307433e-01,-4.306377954917210538e+00,2.109348138872555012e+00,-4.102724946881908252e-01,2.455672220928932337e+00,-2.102826325741704583e+00,5.522622030546693317e-01,-1.905877505136996941e+00,-4.835815378703001599e+00,-1.224470336800760117e+00,-4.262270409398090543e+00,-1.869766498145005174e-01,-1.403602288012708588e+00,-2.366982316956443899e+00,2.693911659271860159e+00,2.909936670539556847e+00,3.318384093616311148e+00,-4.311206452161606251e+00,4.523450610683332762e-01
-9.997927763031810855e-01,-2.235336188524351453e+00,-1.851395891563980545e+00,-1.441558288099818563e+00,1.295207364492408697e+00,-3.441914960075236785e+00,-2.343655342108370121e+00,-4.223570103219058680e+00,-3.489660433758716707e+00,-4.755246240279253911e-02,-1.374966692007422386e+00,1.180431165054526055e+00,-2.630318841430330679e+00,1.278729228252379224e+00,2.987574167742497178e-01,4.181772536553185482e-02,2.949704160556690269e+00,-5.362231891287714269e-01,-2.656831296315754987e+00,4.615043065205325368e-01,2.283607629648833459e+00,-4.670614394168518757e+00,-1.601319256527460544e+00,3.669479138954005570e+00,-2.417389484217211226e+00,8.915486929139035954e-01,1.025419057230659403e+00,-1.523396836266664112e+00,-4.707508333360550523e-01,3.439694322428908269e+00,-2.280136480446663949e+00,2.589095106447920180e+00,1.069910837281794480e+00,-2.625766703747540731e-01,1.105292291264071469e+00,2.385590071255082378e+00,-3.643678718231237124e+00,-1.029787814196627904e+00,7.658306231932916486e-01,1.281651816411965905e+00,2.999694568196342725e-02,1.354153667038427322e+00,2.207845385684343409e+00,-3.938481580785036407e+00,-4.012170025450705779e+00,3.527369946643342802e-01,-1.962176468153876474e+00,1.616703012190049860e+00,-5.298800076038479023e-01,1.276049091935373969e+00,-1.432630887409912734e+00,-2.736687270858110810e-01,-1.454179599008943002e+00,-2.815658831993668620e+00,-1.410145945791004607e+00,-3.913833604066693894e+00,-1.686168659829607952e+00,2.391066956894144502e-01,-2.403651854008739708e+00,3.259972711767501252e+00,2.010440270958964604e+00,1.013697070353478891e+00,-2.984601432865109594e+00,-5.444495492333107922e-01
-3.393019613695009706e+00,-3.823678470257882545e+00,-1.336325158893904907e+00,-2.836053001985112676e-01,1.361382676340066045e+00,-2.393259163832298864e+00,-1.042696945054166768e+00,-2.699410856638564837e+00,-1.341072572237197447e+00,-1.402472769067323544e+00,-1.242607700026306106e-01,4.233741712393296330e-02,-9.356322932541110138e-01,-5.026360710846533575e-02,-2.702599282858897389e-01,-3.179479067051409480e-01,2.084529765441671678e+00,-3.247004214135796651e+00,-2.733612191642421863e+00,1.854704161988800504e+00,3.979956770321098958e+00,-2.125902734197350874e+00,-1.557875729141479537e+00,3.260774464362095948e+00,-3.034780824752359774e+00,-1.201508832699151874e+00,5.072843821200950787e-01,2.893278057181941643e-01,4.195097649940239259e-01,4.473260781803647390e+00,-1.677560681977717794e+00,3.374741752325479904e+00,3.218829199653429285e+00,-3.597388829994670467e-01,3.064293991135307316e-01,2.067078583286674487e+00,-3.747744157342955074e+00,-1.140266645809091761e+00,1.503125037867181768e-01,2.348630159249533556e+00,-5.657717162374609199e-01,5.137684185343386334e-01,8.353960061161913586e-02,-2.168747559083599175e+00,-2.418955625107918728e+00,1.672404981874649144e+00,-3.043522605938274950e+00,1.905244824294970662e+00,2.743194042197012017e+00,2.733177706878286539e+00,-3.471768630277487055e+00,-3.009490418524936595e-01,-8.919941199909300344e-01,-2.477024567049622927e+00,-1.797326484206225761e+00,-3.257212260014788807e+00,-1.612303348898766586e+00,-3.790340721097823495e-01,-2.556613328738925883e+00,1.874541554284515410e+00,1.719790953376629350e+00,1.516418432455121756e+00,-3.832704640580601563e+00,-1.777713405139794922e+00
-2.854176916010735532e+00,-1.828679148770115948e+00,-2.469701547982988021e+00,-1.626383001574410958e+00,2.333002037491934466e+00,-2.425043948992861687e+00,2.444655831903036480e-01,-2.434763980965932717e+00,-3.407337254221603384e+00,2.969450455867599370e-01,-5.759935851269593066e-01,1.340808601696207303e-01,-6.987093004519029371e-01,9.301400748250827633e-01,-2.426242591257350423e-01,2.708693353224711498e-01,1.799984389051231037e+00,-2.359838894168071910e+00,-3.193122989501869569e+00,1.830636976319756304e+00,3.551782217245609719e+00,-2.862441259123443160e+00,-1.696300052908048750e+00,2.161849033383765217e+00,-1.604051997551367403e+00,4.726669197925614796e-01,2.394845777226255024e+00,8.226475746754173812e-01,1.906555107744998256e-01,4.757574028031384294e+00,-2.552387460631810434e+00,1.477734998499658614e+00,2.444348086844307044e+00,-1.069340494252167151e+00,2.102159709135090537e+00,2.691429987185243622e+00,-3.809357008542895606e+00,-8.858573150993334089e-01,-4.300493233767490597e-01,7.493380182018103408e-01,6.331199498977055917e-01,3.747636628627604716e-01,3.367341265419312002e+00,-2.325216290954243537e+00,-2.390972211890479926e+00,-4.987588094957796647e-01,-2.581046220157989346e+00,1.995590051830460565e+00,2.510084168399118187e-01,2.684008720875024956e+00,-1.574973925105710659e+00,-1.765382978608203146e+00,-2.707534373744950429e+00,-3.355502612340518720e+00,-2.414236826480620657e+00,-2.587752207024148543e+00,-1.832527436887484651e+00,5.076661188823877735e-01,-3.907217388356035936e+00,1.757810715120607936e+00,4.147717670923015021e+00,3.402170230729331557e+00,-3.394196762433892900e+00,-1.656391067887241331e+00
-2.425240722501106116e+00,-3.120113215497856363e+00,-3.322527771454757861e+00,3.337845002751385071e-01,2.057821012347591960e+00,-2.091688386670335742e+00,5.184350730819220487e-01,-4.670154209755614794e+00,-1.799913535655713437e+00,-1.556248083243290115e+00,5.651636990263041449e-01,3.262970432565623358e-01,-7.863011248813693843e-01,-6.163206232832814102e-01,1.586221085157934585e+00,-2.715190121748187746e-01,2.767063795534356885e+00,-5.332565598161145282e-01,-3.229135991829632069e+00,6.253004222352644970e-01,3.661268703961963134e+00,-4.181030331040405557e+00,-1.316307816902696270e+00,3.201265767044600974e+00,-4.800172105381228516e-02,-8.193085327742697377e-01,1.271499263449007433e+00,-4.894550965974832080e-01,-1.114419081968679448e+00,3.852803856681839889e+00,-2.799951515228590093e+00,2.052694436628959451e+00,1.493861826499535583e+00,-6.331052343334699906e-01,2.561380516117846895e+00,1.888082826887637511e+00,-4.099651696617865326e+00,-2.103615627691604928e+00,8.582547477454358642e-01,1.494607470160763896e+00,-7.683266199421880938e-01,1.761586393707681442e+00,1.079022932310961025e+00,-3.236431683442793084e+00,-3.160145106750857469e+00,1.031582549050876985e+00,-2.642824833208348601e+00,3.993228741546591021e+00,7.916961168413332306e-01,7.254032295672232511e-01,-2.279734222327082449e+00,7.129916089818169045e-01,-1.171988625154707808e+00,-3.686010887591998131e+00,-1.579147377218855564e+00,-2.888454548966256308e+00,4.426669591119400948e-01,-5.689004199273616225e-01,-5.831054437781688637e-01,9.702954258361611295e-01,2.812116570290748019e+00,1.694929577864467518e+00,-2.609396923881175390e+00,2.097195781419627814e+00
-2.692661564014201758e+00,-1.766043712962063861e+00,-3.453777989896487099e+00,-6.990827088282181023e-01,1.971453541874224280e+00,-2.165526000456716282e+00,5.508374856386251128e-01,-4.146314375488150183e+00,-2.290923657678128222e+00,-2.602828958702679163e+00,-3.568613168362176902e-01,1.446942188583993039e+00,-1.216008056821165750e+00,8.078266651101865259e-01,3.060244686856249619e+00,5.374925033149925424e-01,1.037715947035203756e+00,-2.261759432468130715e+00,-2.704374455523707699e+00,5.088750356173507017e-01,3.725088837168804012e+00,-3.003342093177904903e+00,-5.490354888765397456e-02,3.449387143556123636e+00,1.295318473952136173e-01,-9.173049075723782586e-02,8.722292392888923995e-01,5.414295723793219328e-02,4.870548145348212454e-01,3.755940955701564832e+00,-2.157851571260436252e+00,3.452510665435842618e+00,2.177912658601034224e+00,-1.035047749051274391e-01,8.963687922346237347e-01,1.988865457125391645e+00,-4.950034297000266648e+00,-2.084492877877443640e+00,-8.712087962906882588e-01,6.002100968571449924e-01,-8.957944813665521533e-01,-1.126398433963722523e+00,2.399638007729109290e+00,-2.350830228538756117e+00,-1.969637899200001874e+00,1.152136255534846887e+00,-2.677996700541747988e+00,2.424919074513914641e+00,1.070156532868115740e+00,2.843540402721588922e+00,-2.346461606477007411e+00,-1.859368229437998066e+00,-5.313499883424694925e-01,-2.202481293542606799e+00,6.103612492800305489e-01,-1.808584846561108517e+00,-8.776671460737665020e-01,-7.240509967849383388e-01,-1.999522512353737458e+00,1.233647464557426243e+00,3.013854477518936203e+00,2.694828591953219998e+00,-3.188487604938536890e+00,4.635854068681169449e-01
-2.977386854492237944e+00,-2.792333821948480566e+00,-1.092900120066484071e+00,9.288425643349373928e-02,3.004190967898779263e+00,-3.301498128930274056e+00,-2.821979996095011156e+00,-4.341086187249217687e+00,-2.386138226423585529e+00,-2.637116176192715322e+00,7.574983519634306273e-01,-1.242848966385578624e+00,-1.029419581463979494e+00,1.719735082427092054e+00,1.358921965986858549e+00,1.555914972980214861e+00,3.982092246306225825e+00,-3.507136481180239684e-01,-2.793348121508751891e+00,-5.382518260112313380e-01,5.317320954735118121e+00,-2.833428609594326186e+00,5.771182426747967220e-02,3.518611308244425473e+00,-2.049571150503997963e+00,-1.706959590752267442e+00,2.880494938328484800e+00,-2.585585937355023400e+00,1.811708028555767402e+00,2.534039591326784802e+00,-1.967956676040687469e+00,1.799613754832271928e+00,3.923728758352032386e+00,8.003247455876266736e-01,2.708578996501532998e+00,4.159677498967163878e+00,-6.324490375368781336e+00,-1.876754709283739109e+00,3.434681257461049686e-01,1.766982266493166920e+00,-5.728361162179241850e-01,3.965899992781358741e-01,9.278559969654885942e-01,-2.062307341096976110e+00,-4.210555218031990954e+00,9.040413016749467845e-01,-2.889413578733630139e+00,1.648557069663953101e+00,1.587937243112255370e+00,2.873495883729239253e+00,-3.914379646229328102e+00,-1.557468286740389729e+00,-1.683498854045773818e+00,-2.731175789016510702e+00,-1.621887546776333622e+00,-3.706346132806523475e+00,-7.536066413143603926e-01,3.175143211421201928e-01,-4.348710577822219037e+00,1.238429665562226445e+00,4.065821973740561646e+00,3.594207722367625202e+00,-1.701426608222127212e+00,2.045153654308906610e+00
-3.565289664768587219e+00,-2.484503051703408349e+00,1.084685072590350741e+00,5.702166517458917561e-01,9.169274623317479334e-01,-4.476970791527878468e+00,-1.026509929478685024e+00,-4.863178162421061934e+00,-2.881787508932533548e+00,-2.078982083682344051e+00,-1.128171757312635748e+00,-3.818655772949425264e-02,-2.091529984986753909e+00,1.638832916427784614e+00,-5.873001085690232603e-01,1.469299362499596029e+00,3.138210500949585757e+00,-2.134432231023055238e+00,-2.499280556433100653e+00,2.028304762773913694e+00,3.871758393204920434e+00,-4.807784098362763103e+00,2.103631734992147395e-01,3.664880020133662430e+00,-8.258733495891571463e-01,-2.030349434347132220e+00,1.277131442816926032e+00,4.788016295645640685e-01,3.668213789836394234e-04,1.899296213157702251e+00,-2.218632510599106489e+00,3.603901989360264846e+00,1.302927215676377815e+00,6.023581835258652317e-01,2.416657941468097981e+00,1.809338492084163308e+00,-4.373810246924862533e+00,-1.583083348333413021e+00,4.724607542154382611e-01,-5.989811257336465911e-01,-4.877581312201914598e-01,-5.553787471425448707e-01,1.513352979415271138e+00,-3.866679116703036101e+00,-2.876139832817296682e+00,1.931197069391205057e-01,-3.253502295199449890e+00,3.544336054488964827e+00,1.995456964377491760e+00,3.048498896257111568e+00,-2.808322445521877153e+00,5.756906445596150501e-01,-3.429653614142671891e+00,-4.368599025506042288e+00,-2.387342060789966247e+00,-2.086629992649882581e+00,-4.375141719694475295e-02,1.100916469100897910e+00,-2.416104836137717093e+00,2.487987389368424562e+00,2.482843816436191897e+00,2.231480912808956329e+00,-2.814534874243053597e+00,7.324898636514889372e-01
-2.803705194574464876e+00,-3.068515416749150848e+00,-5.778643936802438930e-01,-1.881541548413306675e+00,2.608707341310554817e+00,-4.106862051642000466e+00,-1.704264521464926130e+00,-3.561765978720214498e+00,-2.338699663276677221e+00,-2.109441896158893215e+00,-5.968459074908838424e-03,-5.618318239713255835e-01,-1.028965828182640152e+00,2.479258812322643557e+00,1.505800735820901792e+00,6.627519400572227104e-01,2.527127820452396811e+00,-2.730353758390589469e+00,-1.717876091069737932e+00,-9.158991976677899327e-02,1.076614032306878910e+00,-4.953642894289361109e+00,1.186675420255494107e-01,2.112556245207247940e+00,-7.828736639252413809e-01,-5.133782771916576282e-01,1.683734466311766598e+00,-1.007722734536387499e+00,3.182092436120474988e-01,3.319853296524249320e+00,-1.573899169970320866e+00,1.435462800852050247e+00,3.383614891640081446e+00,-7.110726402122132805e-01,2.369071562310256063e+00,1.514305522628795808e+00,-3.305475273957064086e+00,-2.456811600511922933e+00,1.221059198930209089e+00,-3.485280042343544826e-01,-5.689921564534007326e-01,8.542763776188539993e-01,1.708486718112112168e+00,-3.175106490864958886e+00,-3.472135892526475587e+00,1.029545980645455883e+00,-3.549772327148906115e+00,1.054330781581185317e+00,1.149520307926343854e+00,3.819677281920079714e+00,-1.795827861143957982e+00,7.296090543690127994e-01,-1.679293050879782090e-01,-1.997506117903775413e+00,-2.034925713722398832e+00,-1.740503452133586482e+00,-1.309583947355063005e-01,-7.096459937472107127e-01,-1.056686482381098413e+00,9.708774172372087730e-01,3.096418659710648225e+00,1.543116567820664198e+00,-2.165033205985438691e+00,1.118400479503691258e+00
-4.024501038140667397e+00,-2.129348760266674301e+00,-2.793836490718743626e+00,-1.941551883541296153e+00,1.947549561547650354e+00,-4.765322563429070790e+00,-8.056858673459741382e-01,-3.300311115929321915e+00,-2.585007110920903628e+00,-2.167291973855860476e+00,5.207940569623141780e-01,-2.979961653916131104e-01,-2.051237892448566136e+00,1.485268218749598024e+00,1.702210899412592848e+00,2.018211564684385007e+00,1.923343537558228400e+00,-1.396859177591541989e+00,-2.880897805832707714e+00,5.129463853331633905e-02,2.261182923384744914e+00,-3.164522290832414875e+00,-1.040356670473218115e-01,2.225205811428671687e+00,-2.062093200518173575e+00,-7.018534986898921080e-01,1.799415441803596361e+00,-4.729441512321305163e-01,-1.637592020376228419e-01,1.118843092771912850e+00,-3.247834227424143627e+00,3.180193587281280099e+00,3.638984267705195563e+00,-7.077349488269688571e-01,-3.428904303982220902e-01,4.068584252286076008e+00,-2.403434377252977594e+00,-3.088253968423496421e+00,-6.727882463825840542e-01,1.447210442529772045e+00,-6.173332059260043803e-01,1.288550602721290739e+00,2.793848694861634563e+00,-1.576150942407860800e+00,-2.831338505422135388e+00,9.747352446509641721e-01,-3.915252111959658166e+00,1.903786261701370108e+00,-2.546695644228393896e-01,1.577884849415123414e+00,-1.615371450131514841e+00,-1.047226871785560398e-01,-2.889709514186827644e+00,-1.045083220653326483e+00,-2.342529451081014624e+00,-2.364177446090967027e+00,-1.195152181051597040e+00,3.403560339795363987e-02,-9.565188304756230275e-01,3.190713906087949248e+00,3.335952416021155553e+00,2.839082777109922517e+00,-2.551284675746594122e+00,-2.213258653414777122e+00
-2.497756171533897174e+00,-2.915758540072169058e+00,-2.052170019119751387e+00,-3.600019781377920003e-01,2.098493951057144979e+00,-2.575401956773014867e+00,1.035460486466663665e+00,-3.286291289241169977e+00,-4.403877664660533320e+00,-3.763066730214341682e-01,1.185561222484744492e+00,3.733423141265556078e-01,-1.125340370785718580e+00,2.067201466259116494e+00,1.871879218588731186e-01,-2.304752699539573957e-01,2.753655634481111836e+00,-3.851932036236074275e-01,-1.939765919801476279e+00,5.314798182312746588e-02,3.190082973902399033e+00,-4.240601271400390893e+00,-8.657882391468287864e-01,2.374063889385748194e+00,-8.409080984376402501e-01,-9.426564273979132214e-01,1.477821390965905923e+00,5.057224518527551060e-01,4.664560783093141261e-02,4.921445657197529577e+00,-2.592311234182007595e+00,3.281614084420253263e+00,3.686929502912401624e+00,-1.213202208990583619e-01,-6.634611629742792616e-01,3.889854725537837066e+00,-3.540139711295101410e+00,-2.679594271065761646e+00,1.673713313406452796e+00,-7.184490871143025537e-01,1.442345129347446298e+00,1.587499527012269152e+00,2.621368138189438035e+00,-3.241882307009645636e+00,-2.768842825431036658e+00,-8.453991705346075580e-02,-2.095696755792860522e+00,1.679677560781560608e+00,1.323868024416100964e+00,2.907882241510129084e+00,-3.279232470144508582e+00,-9.284755067688110763e-02,-6.830057756255943913e-01,-3.921713240491515151e+00,2.785043894971039879e-01,-3.392113887403093386e+00,-1.392038379410293736e+00,-9.697872658932369383e-01,-1.084889527324352176e+00,2.881463993418542202e+00,2.944844976666297409e+00,2.138767699463061334e+00,-3.999493754672025503e+00,3.294811833868373507e-01
-3.698891215793561837e+00,-1.980855756966287462e+00,-1.849187909181796874e+00,-6.871287839062881764e-01,7.181529629987113417e-01,-3.302742287371654761e+00,-9.696750477687624548e-01,-4.169413593066821910e+00,-7.979780270144360976e-01,-6.036324819832188382e-01,9.565871896828559429e-01,-5.070373693696337281e-01,-1.781243162395829138e+00,7.383048235752909250e-01,6.185924108132155874e-01,5.369423534685013877e-01,3.823825153976236013e+00,-1.856496962906688530e+00,-1.565663695889841334e+00,7.415243651452692042e-01,3.073627100791465505e+00,-2.661186053746812163e+00,-2.659560453776946609e+00,3.228936563134503945e+00,-7.388145113764894578e-01,-2.087745371268108663e+00,7.876019671502048070e-01,-6.763898138242852021e-01,4.409852878680582400e-01,2.788638290465323522e+00,-1.344084424301397185e+00,2.139538854819514668e+00,2.882433848961474254e+00,-9.233439412205761698e-01,7.481296224460073363e-01,2.743062200770846726e+00,-4.347758398458335449e+00,-1.868609639140895062e+00,1.692115400591602259e-01,-3.183174339182832657e-01,1.096352778596759059e+00,1.329332139678251368e+00,3.281617065014601486e+00,-1.261230978449906726e+00,-2.542586971099176196e+00,1.896741234881617943e+00,-2.465906939232342943e+00,1.899324579223570009e+00,-1.395944586639430440e-01,2.882734825375711463e+00,-2.896350495430112471e+00,-6.584433126120354807e-01,-1.756080828703232122e+00,-1.784971605690424346e+00,-2.117340261673292812e-01,-2.003270161835962515e+00,2.460911591988148572e-01,-8.046645817341280260e-01,-1.098903953062371874e+00,2.072565908485888730e+00,3.135408324746572273e+00,3.047869263107652049e+00,-3.083365246157556250e+00,-3.177446830809137479e-01
-2.712793213941467663e+00,-3.050230045989636540e+00,-2.096607049377324117e+00,-1.731495750006413203e-01,2.300487683567843167e+00,-2.571160539359268693e+00,-1.192573947798607037e+00,-3.816380388300546045e+00,-2.682932787672240416e+00,-1.687403345219023798e+00,8.508450213485314606e-01,8.754343314755600458e-01,-2.379804038887913809e-01,3.399727323909829568e+00,-6.495976260590823337e-01,1.740361329328573792e+00,9.066478649652820465e-01,-7.809059900229364803e-01,-3.176111423312291127e+00,5.218736590962690380e-01,2.773823555833900389e+00,-4.074004194743871210e+00,-7.410423852071559292e-01,1.375809764177615691e+00,2.369439482077091430e-01,-2.029775050282891236e-01,3.417493303993460740e-01,-6.228973917872833166e-01,3.929557944959098936e-01,4.279223243385295028e+00,-2.564343893641298333e+00,3.014833261214676430e+00,2.445467537259681023e+00,-1.383187278433526957e-01,-1.212016526443215891e-01,9.783263021877273147e-01,-2.852844598943208521e+00,-2.790192659220033899e+00,1.442447913119573100e+00,-5.114638907465394180e-01,-1.581801852862869007e+00,-1.057887095431870650e+00,1.561848521810789592e+00,-2.023646187214698688e+00,-5.162316735965218228e+00,1.597894354404438610e+00,-2.428734847996470769e+00,1.411078030277694406e+00,2.653285567781336951e+00,3.138574891524981147e+00,-2.629070194674160810e+00,-4.920416992986040849e-01,-1.775713538653602708e+00,-1.790780439124893153e+00,-2.123832664955822125e+00,-2.490057562226891452e+00,8.072714134042762169e-01,-4.144925411804358806e-01,-2.830027085331785042e+00,2.793092305931430097e+00,2.108212104719508151e+00,1.688940822776571649e+00,-1.962461456177705399e+00,1.813800641949520343e-01
-2.874296863746502062e+00,-2.953517956095030428e+00,-1.890136931515307595e+00,-1.041304545244169155e+00,2.187114215384356797e+00,-8.614803033748539285e-01,3.298092155077133603e-01,-3.875850129315876469e+00,-2.129891339656748706e+00,-2.946380247384750906e+00,6.504838905088559109e-01,1.108513953733258450e+00,-3.072377603006454905e+00,1.191828388085344193e+00,1.053070305338226209e+00,2.619645606260618820e+00,2.985576636138369988e+00,-2.099343129072870795e+00,-3.156408137637286337e+00,1.025282052607385586e+00,2.447082667039969905e+00,-3.464725942958255089e+00,-2.001840557015925892e+00,3.831157835004767698e+00,-3.384897398124475654e-01,-8.507936944464969953e-01,1.515421179535047180e+00,1.735808553845854252e-01,6.527234348545499776e-01,2.464446235743552815e+00,-1.226115253022548313e+00,3.647137170396984374e+00,3.003218128397535658e+00,1.588688577089479304e-01,1.367980568689752374e+00,3.558774054210687154e+00,-4.133485008229048852e+00,-1.470214986926772216e+00,-7.135377893440770780e-01,1.278302318810860871e+00,-9.854189359333292986e-01,2.167022689971825677e+00,1.719970172003341791e+00,-2.389597514971778303e+00,-2.771317266863829509e+00,3.509581039376131195e-01,-1.292147764235734186e+00,2.068565168363923679e+00,1.322922714692067236e+00,4.107369759499719386e-01,-1.774076462443388458e+00,-1.032395142675190947e+00,-1.520580991657765946e+00,-2.891141135958076092e+00,1.054195836506890416e-01,-3.241674889736587239e+00,1.132967984619057678e+00,-7.370898613235407071e-01,-3.936517174330655955e-01,2.152003797154029563e+00,3.942554032840069667e+00,2.178462131463023255e+00,-2.741930740261808719e+00,-6.828223287189709723e-01
-2.073805764591118095e+00,-2.524497287044503491e+00,-2.385410720639051352e+00,1.283495691503522718e+00,3.139956476958397857e+00,-2.183809598706794031e+00,8.225022756297759585e-01,-3.593005445466167735e+00,-2.969932379373950937e+00,-1.412791017152549955e+00,-2.336517718484634187e-01,6.572433618756565732e-01,-2.711921787881930612e+00,3.432483762028797347e-01,-8.355242613448985445e-01,2.401744367556085447e+00,9.513279836886758822e-01,-4.178966970606156295e+00,-3.765803382039599079e+00,6.376403687104195139e-01,2.406573962587393201e+00,-2.785615795454147836e+00,1.835181532778107805e+00,2.833418800822016692e+00,-1.590419849184398382e+00,1.293580615560926406e-01,1.373504989211316474e+00,-1.778577850023999041e+00,5.645182846934788667e-01,3.602983322097383478e+00,-1.156981631140174382e+00,3.636212932066295700e+00,3.982268769489718085e+00,-9.043066345334099809e-02,1.178201077122754903e+00,4.228422421789634456e+00,-4.857716654525483513e+00,-1.414586521408038866e+00,1.511445057839881700e+00,-1.370215775455100760e+00,-5.069333596165178646e-01,1.834980468311753654e+00,2.637161641607546070e-01,-1.941812855967367302e+00,-4.167369762923474497e+00,8.970822427819086231e-02,-2.552779183472933866e+00,2.496152756792220817e+00,9.174482427158207054e-01,3.070871153169090650e+00,-1.194185803038348537e+00,6.489905048341693128e-01,-1.364997209355666152e+00,-4.309884480409671426e+00,-1.134592628693271488e+00,-3.898760287880814968e+00,-1.088295493022191085e+00,-5.877531836236324914e-01,-5.618846683735869707e-01,4.618067843325036392e+00,3.926778605502265762e+00,2.021568925933495464e+00,-2.849333168171414243e+00,-2.692443551389795964e-01
-6.966853774015746570e-01,-3.338534029223319877e+00,-1.755630580233299876e+00,-1.264232849804814984e+00,-3.057297990383331943e-01,-3.154825184860978737e+00,-3.122582624893719405e-01,-4.071097273308300402e+00,-2.373490806704556810e+00,-1.711123617296590460e+00,-5.637530383829501002e-01,-7.862897558399233322e-01,-1.453385950247786607e+00,8.679867559048096703e-01,6.574562043667411260e-01,1.609757923930311696e+00,2.039537541372459017e+00,-2.576823443101157185e+00,-3.553207356886505242e+00,1.978857515114566201e+00,3.062392527731427005e+00,-3.937275381854937084e+00,-2.671469428506724197e-01,1.653876184205387956e+00,-6.280645775956084087e-02,4.235358290413240301e-01,2.310811461685806201e+00,-3.770042447884267706e-02,1.986779369941585216e+00,3.359639769052267688e+00,-3.771466426828632201e+00,3.465950232324861435e+00,2.237057789066259073e+00,-7.759902063526533111e-02,9.866201493874021677e-01,1.489155450865976560e+00,-2.506975342764091508e+00,-2.573611224699047018e+00,2.041293915707541373e+00,8.568869251900814721e-01,-6.926932783668426907e-02,5.253121811951075859e-01,1.559481606513777541e+00,-7.875501128227353487e-01,-2.559567204168126331e+00,-3.600333231548600299e-01,-2.071638057989049653e+00,2.751261463112988803e+00,-6.750508315928485104e-01,3.705592976438643493e+00,-1.725559623732618286e+00,-3.739674103957242313e-01,-1.567026157360083216e+00,-2.469970840535817391e+00,-2.132295264677099844e+00,-2.591322441315662584e+00,-4.689513484074929184e-01,-2.277362700947607621e+00,-2.685832358428041022e+00,1.079181992929785450e+00,2.565430781317901143e+00,3.178874561927297115e+00,-2.472148011597546713e+00,-8.822960493011139382e-02
-1.674593857525384255e+00,-1.279644985541548596e+00,-1.607531888987570046e+00,-6.657157143078206163e-01,1.818143353485485836e+00,-4.009569124495042658e+00,-5.845889537684573201e-01,-4.749407451784102285e+00,-1.800246790831322663e+00,2.568364851160431783e-01,-1.240567305228030826e+00,6.913801469302240932e-01,-2.501253007143580120e+00,1.329631804654058502e+00,2.008313427239357019e+00,3.103398767137235392e-01,1.200928783682208900e+00,-2.194361020669517437e+00,-3.037025548572484190e+00,9.384566586232474528e-01,3.767885491917942531e+00,-4.779477004913609939e+00,1.715598213969591335e+00,6.438073807740983590e+00,-1.278789368555108830e+00,1.754261223035902262e-01,2.757860568377491495e-01,2.046944426299230901e+00,-2.399974281231169737e-01,3.650477794646907803e+00,-5.648143440045911845e-01,2.608913491908136262e+00,1.622891021505667775e+00,1.222018682035758141e+00,7.888325080155648150e-01,1.917761921947866099e+00,-1.632821815272171628e+00,-1.405687937090305262e+00,8.477714933174480549e-01,2.776077972547005279e-01,-1.430885573297997038e+00,8.347323940388515773e-01,2.042874936135303798e-01,-7.817402242405917523e-01,-4.189095444618168962e+00,3.199233736986295540e-01,-3.574163716045384298e+00,1.872549629148700046e+00,1.420101647464358630e+00,3.732850046346355199e+00,-1.948169971872186768e+00,-1.104281069263728376e+00,9.818574634390020428e-02,-1.707405154682333892e+00,6.662044446871044912e-01,-3.186627891712866312e+00,-9.359118215055158840e-01,1.697136842232449983e+00,-2.721478754192281357e+00,2.466131511934955167e+00,4.127854529932038830e+00,2.785215638937865279e+00,-2.819837392826990197e+00,1.408920289312706742e-01
-3.398853913335408539e+00,-3.808486557057621624e+00,-1.619785093600200510e+00,-1.351031630832399966e+00,1.968122616957619586e+00,-3.203886447409614036e+00,-1.702942002898563567e+00,-3.678623719745271803e+00,-3.054443003893104081e+00,-1.743388155091187830e+00,-1.216163287919288294e+00,1.607004437277920195e+00,-2.572665040835963701e+00,4.060532063811457815e-01,-1.925790391146732228e-01,2.043073157288604502e+00,1.709036574604230641e+00,-1.591188168951795046e+00,-3.223601876831451385e+00,1.491320645408554135e+00,2.989701199339921622e+00,-4.768428826766323070e+00,-9.043113032245370109e-01,3.126341671429947233e+00,-1.153459930069917538e+00,3.193821644624770251e-01,2.811222117502513163e-01,-5.147651381906392931e-01,1.071838319462496081e+00,2.833654985473442078e+00,-1.564434508622784881e+00,4.742424637285008515e+00,2.567056553946598374e+00,5.737796397311885066e-01,1.229104876054352813e+00,2.012859577535353939e+00,-2.909727527977530315e+00,-2.058991888103232082e+00,3.769212244296071823e-02,1.406863605977711096e+00,1.350015210153971967e-01,7.836520313833144069e-01,2.492443992616908410e+00,-3.168951549338513640e+00,-4.577502008811431544e+00,-8.550045431790165296e-01,-3.241645486092250561e+00,1.061474836056637727e+00,2.082538753415176025e+00,3.832616252222732278e+00,-1.137886059974243969e+00,-1.252042060566409543e-01,-1.730090528899743685e+00,-2.747321782860313810e+00,-1.570386121534570467e+00,-2.923013503818129077e+00,2.478551822792640635e-01,7.980710109830269072e-01,-1.676020684853044562e+00,3.068620370699849165e+00,2.271076957490014259e+00,2.105720654688586269e+00,-2.216457513269474600e+00,1.095471909812351541e+00
-4.560743070061716864e-01,-1.745903797656903400e+00,-1.243677014583590701e+00,-1.604702331032590967e+00,1.767171269080144436e+00,-3.277761603583846384e+00,-1.063345753537811245e+00,-2.952123099229543080e+00,-2.933095923477603950e+00,-2.072553104590079132e-01,-6.150649757023420872e-01,1.515726704374600109e+00,-1.329307572784949931e+00,3.331018044098402742e-01,5.844513646247782024e-01,1.248529478488719979e+00,1.332350600052256473e+00,-2.600327639931366619e+00,-3.179553222068470575e+00,1.829797107606808027e+00,2.299331398730928289e+00,-3.204179715130628381e+00,-1.543973496965693970e+00,4.656495300370011137e+00,-1.817835474984232036e+00,5.817096007958402204e-01,1.072512558515561931e+00,-1.186809860483282408e+00,-6.527623080315891890e-01,1.135905370084644872e+00,-2.339988260872209569e+00,1.686884270043623513e+00,2.845578769417201670e+00,-1.307105819926361212e+00,2.612512814637037994e-01,2.959327325120916896e+00,-1.773517302001451412e+00,-2.226911421677138847e+00,4.689966818078216693e-01,6.538925478512536138e-01,-7.237349118967121298e-01,1.909177807164502694e+00,2.286670987621529427e+00,-2.709999340267521539e+00,-3.526348347511257586e+00,-1.266352444367135011e+00,-1.228634407290795316e+00,1.515543165242986934e+00,3.498659701506529052e-01,2.080308534287007127e+00,-3.126453061120561649e+00,-1.942144025701949994e+00,-2.540764280989469270e+00,-2.614378940473996771e+00,-2.200770131307756561e+00,-3.295122053574544019e-01,-1.737311241705742137e+00,6.134896621593588506e-01,-1.488276452387062854e+00,3.129838515051222458e+00,2.693433467991342312e+00,2.541322580576681922e+00,-2.408471095259473227e+00,6.871565162507373703e-01
-1.082320661114637428e+00,-2.629662045858644159e+00,-1.875081815102041638e+00,-2.814018671248197379e-02,7.856718488440646020e-01,-2.472491588029314347e+00,2.052531023005618183e-01,-3.148768762558564749e+00,-3.143240313985998569e+00,-1.842932228678896722e+00,1.861472658251256407e-02,1.459006745263232929e+00,-7.860831889912958115e-01,7.439470293258820810e-02,2.559902824567130142e-01,1.408105848247005243e+00,3.095809933348158349e+00,-1.915463534828689696e+00,-1.589944453227086107e+00,9.853340421158965912e-01,2.363928441411460746e+00,-3.189373826356312058e+00,-9.695794419878105419e-01,2.530835622990090794e+00,-1.864474212215663229e+00,-3.257820791370835689e-01,1.641770494795625757e+00,2.848579777682307967e-01,-3.620861241589202750e-01,3.209821801229855165e+00,-2.232812988065514315e+00,2.615596250026995584e+00,7.392018766266790220e-01,-7.518987170351106863e-01,1.359900308994457241e+00,2.041783409397612381e+00,-3.626494402366953640e+00,-1.469504987270444651e+00,-4.260520439383800317e-01,1.829166139680911796e+00,4.075485006565745527e-01,-2.824316653299627777e-01,3.091952458564442008e-01,-3.181764998815975964e+00,-2.970935296533102843e+00,3.094259075033160666e+00,-1.519590970854051815e+00,3.178167415245587435e+00,1.828195701174292864e+00,2.917098053658380152e+00,-1.153519082132437479e+00,1.039447705142274581e+00,-2.504667381693012729e+00,-2.517639223582628816e+00,-4.119074595929210769e-01,-4.078333321652923615e+00,-1.243279619767385658e+00,-1.850599761440559488e-01,-2.213247897896669869e+00,3.060657752747116156e+00,3.858722422029547960e+00,1.284560596291709267e+00,-2.171964956626842191e+00,1.032804381569300878e+00
-2.280015454840779832e+00,-3.257161122132989917e+00,-2.554250708148975146e+00,-1.627112253535679454e+00,2.449005032494474765e+00,-1.667070411849746803e+00,-5.244300246827329204e-01,-2.795264266974125889e+00,-1.018780315901983036e+00,-1.984472716392199798e+00,-5.948225321447879743e-01,1.194542401724595582e+00,-1.550277296724243747e+00,1.257707437207203682e+00,-7.628764855264431599e-01,1.841826401327856022e+00,2.033932470473164056e+00,-2.002113852928807614e+00,-4.134021262763718063e+00,4.101979958393525139e-01,1.529881478132736561e+00,-2.312415732807441948e+00,-7.457469632253472813e-01,4.071373375355113566e+00,5.105812226338235504e-01,-1.109668592220902084e-01,1.593183496595220294e+00,-3.075409033167943451e-01,7.802901143179169496e-02,3.609614782580910397e+00,-2.543585758823521115e+00,4.672352328951054012e+00,2.533554647208610344e+00,3.641357745785664402e-01,2.965483432967072286e+00,2.896459610221095549e+00,-2.801127436603507270e+00,-2.283909997312122631e+00,1.755287995071107776e+00,7.079179278194995817e-01,6.762203856613184794e-01,2.948130123009172099e+00,2.753918987406893670e-01,-4.999458102837697204e-01,-2.496169103842057702e+00,1.188229566004438409e+00,-4.457301792383614014e+00,3.469674245435298232e+00,-2.024434665012528889e-01,4.216686471404691439e+00,-1.094760988030615501e+00,-8.125165892258972011e-01,-1.104403212145587343e+00,-3.807055708462498078e+00,-8.231758062198701875e-01,-4.067941163408839600e+00,-1.091931017668926973e+00,9.331571941471141773e-01,-2.442350732040955208e+00,3.635468431600021866e-01,4.492363159375535986e+00,2.651894960191952588e+00,-3.296875503035536781e+00,-9.536406276532500836e-01
-3.505749384631646315e+00,-1.676361245209749828e+00,-3.748349925746492950e+00,-2.297859550604172130e-01,1.282469073370346102e+00,-3.791320393415445356e+00,-1.835810557065363335e+00,-4.053721403323342187e+00,-1.016298372117014015e+00,-2.321079398968260321e+00,-8.045367834463955647e-01,6.732758668773046740e-01,-1.781996877385781053e+00,9.596692832528253003e-01,-4.139501531771121456e-01,4.387867825016420475e-01,2.910573597926541467e+00,-9.334751828495988502e-01,-8.236632576823668117e-01,3.144662770795170204e-01,2.534443134163957723e+00,-2.817861037648509814e+00,2.866501477709716417e-01,3.947503131482902106e+00,-7.468258751315879351e-01,6.222858965473316850e-01,-4.614676980641916337e-01,-9.357202148623293692e-01,8.341134486745698240e-01,3.844924893551789680e+00,-3.738421414717547631e-01,2.925107859521240972e+00,3.023830834951589441e+00,-1.683127712558133648e+00,1.603523555639399190e+00,2.935524692035682115e+00,-3.122635217116025874e+00,-2.388580058686160967e+00,1.538186210259663289e+00,-4.884053118704958507e-01,-1.011119282244000495e+00,1.142725342366417651e+00,2.160163646979535557e+00,-4.697730748463634143e+00,-4.043866395861300589e+00,1.008892553253863400e-01,-2.965135339106246271e+00,1.270161293095248611e+00,7.647433591308477885e-01,3.050296092611882504e+00,-1.925411194657365321e+00,-2.074536806460195670e+00,-1.164875081304433513e+00,-2.735078730140622749e+00,-1.264338280684190741e+00,-2.355199329846129341e+00,-7.398274900329231407e-01,-7.501136285672238557e-02,-2.170866013792792870e+00,2.610703972358008329e+00,2.514372756804550413e+00,2.825326413156114214e+00,-9.009750832041392155e-01,-1.115824383411976317e+00
-3.099208580998738416e+00,-2.005450195321948570e+00,-1.827873951482627213e+00,-1.056449365923880279e+00,2.092792338472316604e+00,-1.806336702316913900e+00,-3.120714234018820976e-01,-2.544235048807363953e+00,-3.884192235948033201e+00,1.706771227168049965e+00,-9.957625230047355558e-01,1.553687475597149481e+00,1.843889390502175818e-01,1.759533381550223652e+00,2.509549788540295090e+00,2.251867733368722924e+00,2.239404491190030821e+00,-1.594191918382831918e+00,-3.351557065693318016e+00,-5.113488903100377181e-01,2.980752937473329922e+00,-3.779453956877047549e+00,-3.578764666351013091e-01,4.484062723496140990e+00,-1.823595421512853143e+00,-2.161771491608227791e+00,5.704932343785672488e-01,-1.382142448433832493e+00,-3.258847136185127891e-02,4.264290621537398351e+00,-2.656036030816582461e+00,4.086731273666700304e+00,2.362587275108596785e+00,-6.788398923498228932e-01,8.762047348837991301e-01,3.853180911043694756e+00,-3.968037968689789530e+00,-2.300129060717324148e+00,7.262253093236821222e-01,9.569302535446632119e-01,-2.424266684631567748e-01,2.055434195596534508e+00,2.412592144674347239e+00,-1.951181676603689130e+00,-7.691444915615064382e-01,4.598142135801885355e-01,-3.030053346864058028e+00,1.919110139202761411e+00,2.469176966799067507e+00,2.100985718519110534e+00,-3.171380045632631095e+00,-1.948544948564786550e+00,-2.164868409715219322e+00,-4.177687097889497991e+00,-1.458090374858317606e+00,-3.926241365946072648e+00,-2.536121086069296204e-01,1.107576606816896403e+00,-2.279424836741764882e+00,2.808266569152257475e+00,2.292736164964936485e+00,1.025264153195691863e+00,-3.460067771146950300e+00,-6.673339503648669790e-01
-2.713586026227146508e+00,-1.939483590798239510e+00,-1.694409470225697101e+00,-8.628760321133310818e-01,2.379030671053147028e+00,-3.658421281836118588e+00,8.881847602298265087e-02,-2.534897686741350409e+00,-3.435319411923026145e+00,-1.340271949043014832e-01,1.212462178176523242e+00,-1.142647639056368902e-01,-1.382910267895546053e+00,1.001441359401451292e+00,3.188519755180896365e+00,3.197739201335011217e+00,1.357883218716316787e+00,-1.948635306626103292e+00,-2.505383468154947391e+00,2.178981393833993252e+00,3.791339747195454635e+00,-3.084791615314269375e+00,1.187309247785144128e+00,2.659606825254958284e+00,-6.694819134976631725e-01,-9.618319260472890653e-01,2.048284999133136886e+00,9.687274901335851673e-01,2.305836092716555541e+00,2.311193686583396634e+00,-1.108287283452232597e+00,3.183527876319192540e+00,4.612785160811156970e+00,1.006218109529226357e-02,1.856235159825720960e+00,3.149481045820547109e+00,-1.812683129071991806e+00,-1.716809439311566265e+00,1.578528609197430432e+00,7.045144896332559137e-01,-2.393895969785942324e+00,-1.410261601411828103e+00,1.710722419038624986e+00,-2.686803051494181638e+00,-2.985200213355943877e+00,1.041033275698492577e+00,-3.693194890942691710e+00,2.340184348416114446e+00,-6.264684156704360962e-01,1.995755214555732904e+00,-6.307393932554661298e-01,6.677393380228111575e-01,-2.053370647068585075e+00,-2.529915793315173911e+00,-1.577023390590710283e+00,-1.855627234945177673e+00,3.390230282264872219e-02,8.051145146576981215e-01,-1.820916046876837502e+00,2.133716953272939421e+00,3.203717967247355247e+00,1.211980720458565530e+00,-1.889644348005973473e+00,-2.330871239941855189e-01
-4.020045118200231471e+00,-2.795166593636232655e+00,-2.824791149351431052e+00,-2.692779282504589311e-01,2.628705443861562685e+00,-2.848208750476957984e+00,-1.221534123725074084e+00,-2.397073784100472338e+00,-2.143892667439768918e+00,-1.139560613077520657e+00,3.252928216414293638e-01,1.178261764800586864e+00,-1.012144786149681508e+00,9.796994754870518296e-01,1.967239385377125505e+00,3.543787582472157638e-02,3.494750320765334983e+00,-3.066314700397729354e+00,-3.490601199891511186e+00,-9.724633092848200544e-02,3.220269771173587703e+00,-2.467394416665346757e+00,2.999958129943742779e-01,4.008400373999919886e+00,-2.236818482278431830e+00,7.608102709311801437e-01,1.184505233649284950e+00,2.039724013160961302e+00,9.470911046232096675e-01,3.711596357977704930e+00,-5.890577549734223872e-01,1.813405691303521028e+00,1.190808708383995773e+00,4.231946084868953295e-01,1.113509647191456509e+00,5.324227790788631509e+00,-4.715750874337809151e+00,-1.368868719965225633e+00,9.760523022030775930e-02,1.895136511941026614e+00,-5.675214529234100524e-01,-8.783148314722910577e-02,1.115900885277808730e+00,-4.442598369161883554e+00,-1.931525558838647738e+00,1.457372843789385808e+00,-4.705002084042872568e+00,7.580208908796874923e-01,4.456920416704690524e-01,3.526885671105211451e+00,-2.913489348422325875e+00,-3.839408213812651738e-01,-2.538675445023577559e+00,-3.176550974378987924e+00,-1.505674900130583360e+00,-4.049437543644295090e+00,2.925271334606804885e-02,-2.116984552123471364e+00,-8.440169597709390459e-02,2.089603665464256466e+00,-4.656016723965961113e-01,1.506800479469567744e+00,-2.325668487753791425e+00,8.725533771341650313e-01
-2.764309239459136869e+00,-4.323381609825542427e+00,-1.538591625208533209e+00,-2.339379689075115287e+00,1.678697039872536712e+00,-3.034306721794297612e+00,-6.480490300164545303e-01,-4.734416945702069057e+00,-2.308525611567200375e+00,-4.823904611163609690e-01,5.815384816290074532e-01,1.003184452346242095e+00,-2.558665737237708182e+00,-4.271191896695372137e-01,-3.552246414719879564e-01,2.345982458746274979e+00,2.278873536119223164e+00,-2.774687535734278399e+00,-2.786770224745337643e+00,2.666350747283622091e+00,2.678025013065083559e+00,-1.330176041237224105e+00,5.483809913470252262e-01,3.871156276662941043e+00,-6.044982411401945699e-01,5.270207373641223603e-01,1.156154983357908783e-01,9.030850256337072945e-01,2.670524775507744364e-01,3.454309844854399625e+00,-2.598347029890890614e+00,2.277223752128538337e+00,1.819599004499773631e+00,-2.059650885953381305e-01,2.740014278845009699e+00,3.767522027091046777e+00,-5.003039566828177520e+00,-2.545584947883803295e+00,1.536116854672553877e+00,-1.037212524556874182e+00,-3.252842595653203661e-01,3.680772735902472226e-01,8.228154529227051928e-01,-1.744130044602879792e+00,-2.404488441750974648e+00,2.692228570881843863e-02,-1.683437746937081370e+00,1.531984675257710204e+00,2.251091795198832290e+00,2.739863638124476974e+00,-2.869459694103198011e+00,-2.338171908510014774e+00,-2.088121928039096353e+00,-4.200798788980253384e+00,-1.267400806992747597e+00,-3.462894901014265781e+00,6.920323484333859021e-01,-1.276257999813806387e+00,-1.235328547596114435e+00,1.959115996374147795e+00,3.762370831282122907e+00,3.939680791164047235e+00,-1.643703591887402116e+00,-2.931131522443629622e-01
-3.535230260977946237e+00,-1.926584677046122795e+00,-2.651916223356383995e+00,-1.370866516295010884e+00,1.173059134655463964e+00,-3.641031149408144874e+00,-4.505076642702759981e-01,-5.299192836426103170e+00,-3.873392978927140184e+00,-2.271464478212789295e+00,-1.045795848192184074e+00,-1.804099928245194828e+00,-3.579249417223895335e-01,1.618440212312570736e+00,-2.457247327569755946e-01,1.085061486305556100e+00,1.127979659131319146e+00,-1.238604971559135848e+00,-1.697372512277958601e+00,2.087097589884405746e+00,3.953441203287719752e+00,-3.896771730380721888e+00,-1.457200376992959789e+00,3.364951119213953845e+00,-2.034882953184613541e+00,5.044168756208575743e-01,1.541912918508342223e+00,7.875185246080953494e-01,8.973462820560142994e-01,2.912081352801026757e+00,-1.929118448751586001e+00,2.425718794837905090e+00,2.673632743559618330e+00,4.627899289951286632e-01,2.205900139798411708e+00,1.401395596864762227e+00,-2.273667493248638038e+00,-3.527500854921932216e+00,7.299112309430572099e-02,1.122520039850744666e+00,9.459641352383798552e-01,7.122740558076607886e-01,2.504391309352302031e+00,-4.182725604521548846e+00,-3.547075766636666572e+00,1.295729720479393610e+00,-2.181254059360925091e+00,3.252509014058346359e+00,1.023089702229982523e+00,1.536376277213051589e+00,-2.929459301287624662e+00,-3.911178240752855584e-01,-5.822810164795413357e-01,-2.100276559061032167e+00,-2.237780234321482986e+00,-1.749546188080616016e+00,-1.092924420376090389e+00,-5.507002815818303754e-01,-2.111766710080221543e+00,1.595349419663068424e+00,2.670809846871614823e+00,1.144162899719952442e+00,-2.093346378456200974e+00,-2.597036198517039818e-01
-8.956105757748873408e-01,-5.077166857359728169e+00,-1.587306120164016399e+00,-2.046634068102778592e+00,1.638426897575502306e+00,-3.433098247665769431e+00,4.753336189744855611e-02,-2.932822476608051510e+00,-2.021345043992767820e+00,-1.063170399672790811e+00,1.254265360775427052e+00,8.700093165931447325e-01,-1.406819771046713186e+00,2.904225523797570041e-01,2.118674293389767316e-01,1.100944532102881235e+00,2.280296388482414116e+00,-1.159990856452648877e+00,-3.062345232006552287e+00,-5.453220605753257288e-01,1.950033940581838987e+00,-3.004955714202044437e+00,7.005629587003647796e-02,2.704465299124672040e+00,2.163211575161450018e-01,4.556391678446980453e-02,3.228680578097280485e-01,-1.869217939782986226e+00,2.249044501781258809e+00,1.432845667143955115e+00,-2.225536205944001811e+00,3.191974661013718961e+00,4.050220141720119571e+00,-4.262063010226181670e-02,1.783179429702021146e+00,3.469166553792629504e+00,-3.702979045196849395e+00,-2.011311929159299350e+00,4.108710867093834374e-01,1.423845427856550439e+00,-2.405056473801068684e+00,1.100847465096145728e+00,2.171119023660359471e-01,-3.335654656174314336e+00,-3.011965579840264695e+00,-5.527090176992193182e-01,-1.939223391776557115e+00,-5.611117396928921863e-01,1.738778198869768588e+00,3.177467858007387846e+00,-1.566605109713616883e+00,5.391093731897764751e-01,-3.660516709254726386e+00,-3.891939040777247616e+00,-1.501987208876281565e+00,-2.455781598927150533e+00,2.391819316546466290e-01,1.102073466700979276e+00,-1.819258487969343863e+00,2.332442510441854910e+00,3.603419803295318857e+00,2.333213024884018161e+00,-2.622753697485408431e+00,8.739065970838933994e-01
-1.985722116408424220e+00,-1.896245425120787864e+00,-4.502476151286633588e+00,-8.809011342200422368e-01,2.022117521321163736e+00,-1.677794945424452733e+00,5.369428295121989603e-01,-3.799149053817314048e+00,-4.557366622909466258e+00,-1.965045680022032393e+00,1.455172733067617186e+00,1.420465506186582572e-01,-1.953132566222410604e+00,1.699828212491492962e+00,7.049403066496344739e-01,3.742686051946437331e+00,2.486349783834196359e+00,-1.063298435131616593e-01,-6.697021924282564598e-02,8.282034450098143541e-01,2.428084721247204314e+00,-3.172697736765453413e+00,-1.190203586352516663e+00,2.652140745006268840e+00,-5.300619967797874921e-01,-2.925721757841497905e-01,7.770847362812309811e-01,1.072975610598025265e+00,1.596168675936431969e+00,1.353420063712498012e+00,-1.962960045241481044e+00,3.122972487049529011e+00,2.779434945018230074e+00,7.304509963436973674e-01,3.060133249386382204e+00,4.304827091948591367e+00,-3.014906160544704949e+00,-2.611044062644671371e+00,1.276076013213970350e-01,6.388338838135453335e-01,-2.814433876007572000e+00,1.727416329239443549e+00,2.289980169423831313e+00,-1.881477055206047133e+00,-4.332721529917637149e+00,1.316518469554994075e+00,-3.634712501296451403e+00,4.932903171185556435e-01,1.331593643699350071e+00,3.300080583900819153e+00,-6.776107489804030770e-01,-4.639074117204459724e-01,-1.506574166758145594e+00,-2.214860599358180249e+00,-2.352192304606531614e+00,-2.020899716526056711e+00,1.210842755613720234e-01,1.648900271975995535e+00,-2.271645591701723532e+00,1.448509641330039344e+00,1.631835235637787651e+00,3.275378657998846421e+00,-7.785551040297016279e-01,5.538369016700706027e-02
-2.223282669409833989e+00,-3.451648782725854403e+00,-2.978366943849327875e+00,-5.995929500588874639e-01,1.650487691501998588e+00,-2.904961296206082899e+00,8.456993243112456149e-01,-4.978909766418137650e+00,-1.399791428229028689e+00,-1.830638594003228814e+00,-8.011515631651286995e-01,-2.450445931367528640e-01,-1.255837003577346511e+00,2.352978642114563534e+00,2.198971331185445299e-01,2.797365341963744534e+00,1.511679376141001008e+00,-9.369083332563543642e-01,-2.971982193497108238e+00,-4.988259276644090301e-01,2.886173331781938245e+00,-3.894177418003996749e+00,-1.012679184649234010e+00,2.243405911247134732e+00,-5.913539399849776501e-01,6.837559591853936691e-01,8.566652897901041452e-01,3.429178142892140846e-01,1.926634804669276502e+00,4.018128277404888316e+00,-2.685955042286867656e+00,1.778981521418082634e+00,3.336109222536142838e+00,4.335671824409775277e-01,1.497406301811478269e+00,3.200679657034265269e+00,-3.102235954065837742e+00,-5.301652022577150625e+00,1.145467313434199053e+00,9.094957402939183311e-01,-3.773908400990586554e-01,1.682721292243154476e+00,7.955837101505935927e-02,-2.878196624483702060e+00,-3.118525415480783547e+00,1.643330775951220013e-01,-3.172453954119969222e+00,2.740853761992990911e+00,6.437695815621238271e-01,3.435848944044440412e+00,-1.202293071649008116e+00,-1.990170532353936927e+00,-3.170735407939631045e+00,-2.648342649519892511e+00,-8.481961895796245043e-01,-2.817094490255024120e+00,-1.055196561846623249e+00,-3.439178244255163275e-01,-1.977529194346318908e+00,1.705666906702137497e+00,3.237353374279753560e+00,3.242834743490618621e+00,-2.512160016209792346e+00,9.532546305644632456e-01
1.383862408780482056e+00,1.548661919519170871e+00,-3.468920043436757861e-01,8.266787324576265750e-01,-1.258360560042232068e+00,6.654017243870840037e-01,2.330829668069295479e+00,-2.150158356354122891e+00,-1.379251484615324097e+00,-1.147469456484711214e+00,-2.736541805186950338e+00,1.870296776348723711e+00,6.394724298558862596e-01,2.971419402154148237e+00,1.129255278195651524e+00,1.010202520758449740e+00,1.124399094587433368e+00,-3.724891295945421454e+00,2.144644636933016102e+00,-1.026829121929839772e+00,1.982038954333169345e+00,4.430571089884070446e+00,-2.799908854045059403e+00,-1.344878660490224975e+00,3.098330010443539617e+00,1.175121336892703816e-02,2.798869115040962363e+00,3.676421063936543554e+00,2.152875522627332838e+00,3.956035167759567539e+00,6.477024995590952017e-01,-4.372504864057785490e+00,2.422890193978251894e+00,-1.761406738415639328e+00,-8.470233813674838963e-01,-2.490076780123897660e+00,-4.298415478933986122e+00,1.087177266018233057e+00,-9.457186103772603492e-01,-9.801310178609483614e-01,-2.092512649297548766e+00,-3.581301602542802609e+00,3.895301797336639726e+00,-1.370745205224322749e+00,4.715036354981548605e+00,-3.378483431519182734e+00,3.564813430131396288e+00,2.374292965697229363e+00,1.814452909789049384e+00,-1.453311568605501591e+00,2.463945547126648705e+00,1.796705429630118589e+00,-1.779395160729284164e+00,-2.993310678175510997e+00,-2.299006906449085896e+00,-2.448904064145530413e+00,-5.571879755756014019e-01,1.733819163391335350e+00,1.942481764205143069e+00,-4.109732984635996900e+00,-5.503852107620739176e-01,2.351317631926514995e-01,-1.155003907350756531e+00,8.130444468363626775e-01
1.267274246274208371e+00,4.540138491256930919e+00,9.598265887251393735e-01,-2.279345051707139191e+00,-2.293135210585258044e+00,-1.051774871320308335e+00,2.412016620536094891e+00,-2.400416734130105034e+00,4.961125083677849767e-01,-4.308615760831727703e-01,-1.747479696347428613e+00,9.110202323171160410e-01,5.912035050476369680e-01,1.333213375713890425e+00,6.969107225316584220e-01,-6.059155212647057143e-01,1.029447137274397184e+00,-2.231567094622073810e+00,3.269255962036796692e+00,-9.985529281179118533e-01,4.369843329094119655e-01,1.901870142785049511e+00,-1.495964115259752258e+00,-2.608012874481020038e+00,1.174820222452909624e+00,-6.921998812739424967e-01,1.921507550134501585e+00,8.531073098686773326e-01,7.019815652199687950e-01,2.995349206595734337e+00,-1.505266933843348198e+00,-1.450400351891678596e-01,2.328831212455793498e+00,1.035050410190300862e+00,1.806520092065784233e+00,-2.987008335523566149e+00,-4.240858849126209584e+00,4.202127242691375275e-01,-3.047170036319013953e+00,-1.098571844568019706e+00,-7.436499162886156533e-02,-4.355978436946413623e+00,2.845173407087606243e+00,1.499079472987246753e+00,1.582921542261793268e+00,-2.371115978440306193e+00,1.185233142072215973e+00,4.143025328408656449e+00,-4.067828465662395310e-01,6.251939499707646064e-01,1.204812930528318615e+00,-1.022924607029695121e+00,2.698396598217177367e+00,1.513731651142435908e-02,-2.166669368883811231e+00,-1.670657624126935969e+00,1.856857600341200731e-01,1.549611807817553588e+00,3.738390359621482695e+00,-3.311579615578686742e+00,-2.205487460733609240e+00,-1.240875085079833351e+00,-1.046329052034554952e+00,1.300117239414963821e+00
-6.991589335464221122e-01,1.940981707021745217e+00,-2.057321170595350690e+00,-1.602494980157403992e-01,-1.346167417651312537e+00,-2.745451575801248545e+00,3.606488820809211404e+00,-2.900332309283372823e+00,-2.821594398713340723e-01,-1.626873112933456822e+00,-4.511145033395568049e+00,7.972461301598272598e-01,4.045759108072257693e-01,-1.632816973861179743e+00,2.979417983557832161e-01,2.155562734588347684e+00,2.080909617401596634e+00,-3.916841108967492602e+00,2.330697652479639004e+00,-9.730963945601965870e-01,-8.895245855062061668e-01,1.615233611341714948e+00,-3.455462349883661854e+00,-2.591237431482105169e+00,1.968466218812592539e+00,-1.616807838727135849e+00,1.638871485034459674e+00,1.368565861621260815e+00,9.108127074885823404e-01,8.334962224335277226e-01,-5.468408585644033426e-01,-2.067214212627002556e+00,2.095986889950199217e+00,-3.233944109578529513e+00,-3.189497329996358044e-01,-3.284580013441585677e+00,-5.247905159873935688e-01,2.561928218672889779e-01,-3.807831787485095099e+00,-4.850993039386645167e-01,-1.774222796850463357e+00,-3.678947605176325020e+00,3.390921919096385295e+00,-1.968417358894075653e-01,2.887840114544078851e+00,-2.763806329329273836e+00,-9.343104237204657991e-01,1.198917862928809086e+00,-1.810913760335302491e+00,2.082372454429518793e+00,3.192283190539112692e+00,-1.614427868341564487e+00,1.692716479587923928e+00,2.179557527186843036e+00,6.069030849235952374e-01,-3.134169577215947911e+00,2.412763590693081106e-01,-1.029231246799458876e+00,-2.186426178379086149e-01,-3.635658340548096668e+00,1.192117196705518856e+00,-2.198101816436451639e+00,-4.896523294040422414e-01,1.512237166567793833e+00
3.620226057045999868e-01,2.222638804260902212e+00,7.187068599625262566e-01,-8.697594878036926103e-01,5.855541712270784238e-02,-5.914416467596541604e-01,3.486251014499038625e+00,-1.157717603679518259e+00,5.128684421653340042e-01,1.313939700222332307e+00,-4.597873785370637734e+00,1.530039419192947614e+00,-1.125348482909265035e+00,-1.790291088722059110e-01,2.947522955550579304e+00,-2.046435866173178741e+00,-1.047783743961799630e+00,-4.797852724061128171e+00,5.086221838487858804e+00,8.826276996352599991e-02,3.030916808968032061e+00,4.920057239592027010e+00,2.952410543410222132e-01,-4.302834917187418284e+00,-6.303978600611104266e-01,-8.863352540367048782e-01,2.574951886517674815e+00,6.489613170884288573e-01,8.702823551796321500e-01,-6.337572291031943195e-01,-1.583921398438785433e+00,-3.893311956476153135e+00,9.896426953334507282e-01,-2.242115843596239166e+00,-2.603822961388986279e-01,-1.054196755812090824e+00,-2.859413699791086394e+00,-6.435080305472192785e-01,4.686123992062509735e-01,-1.180090930322934772e+00,5.127173484346498888e-01,-2.696320157168479614e+00,2.057133873414389136e+00,-1.533362628316218501e+00,3.032554827546691811e-01,-3.688708450631626334e+00,-2.778266191914425809e-01,2.052464201240917774e+00,-1.054686350722350285e-02,3.752859539801344901e+00,2.737122307406770538e+00,5.292618124163643856e-01,-8.539477769517571648e-01,1.119371803601558080e+00,-9.066964677719004939e-01,-4.673305102073185502e+00,1.432004672256675049e+00,3.608898142210739124e-01,-2.225164196140962947e-01,-1.487902241001755499e+00,8.532335197177740582e-01,-7.672757048242166977e-01,-1.699571814869764275e+00,1.770970658131338471e+00
1.591396767152050362e+00,1.989451356016061601e+00,6.930379415834221346e-01,-1.991620217414069804e+00,-1.139303463029512686e+00,-2.258321861744553516e+00,2.610133820968575602e+00,-7.533803082329997292e-01,-1.456360749721476999e-01,8.181172378193226624e-01,-4.712950069083110094e+00,1.276617188230827038e+00,-1.972106093243676028e+00,5.299168173035940788e-01,-5.072385405426251825e-01,-1.907456590511201755e+00,1.784064707275811790e+00,-3.187669685046925050e+00,2.304407749703115016e+00,-2.990365622572934701e+00,1.018536398682694299e+00,5.128010521594612570e+00,-2.957260519437979074e+00,-2.149089903416648628e+00,2.309114324786344152e+00,5.311416396168259224e-01,2.452660242037661753e+00,2.765097520372250095e+00,-1.303123102457405480e+00,1.630244221759710843e+00,-3.733371382410066719e-02,-2.351492428804920376e+00,1.811766353470508850e+00,-7.303644087439173926e-01,-3.521354946332956315e-01,-4.275587873042001164e+00,-1.805890125945768254e+00,-6.150402608634015778e-01,-2.539665760511315540e+00,-8.138498664796632864e-01,1.505661675217314643e+00,-2.887143421270629950e+00,1.103256587693199897e-01,-1.308010605325105269e+00,1.237332735692403318e+00,-2.394324772144088787e+00,1.626483646524651938e+00,2.280623403036660335e+00,9.888076863809771577e-01,-5.221797044280593880e-01,1.662353335802450705e+00,3.089648354922817086e-01,-1.532188016166787348e+00,-2.268378737751826080e-01,-1.973849333486845214e+00,-3.521039398539707488e+00,1.150962357876475162e+00,1.267836293502695999e-01,2.692387081914346503e+00,-2.377376907932795547e+00,8.704057686879245193e-01,-2.622528665782957624e+00,-1.000004158710273705e+00,-1.505842606400354278e+00
1.405384506194156335e+00,1.730090924085150306e+00,-2.439494681698810563e-01,2.611013515446818367e-01,-7.977780823505169483e-01,-2.778879131268774394e-02,-1.971581464714398102e-01,-3.485921547529013065e+00,6.609395504495183538e-01,-4.239011277858701354e-01,-4.445477704779914774e+00,2.083926460196305896e+00,-1.142842491722452891e+00,-8.559632557199754466e-01,-1.063092904151594631e+00,3.927485281301676956e-01,2.253577411091701066e+00,-4.740988374044016851e+00,4.325506784219225409e+00,3.146087865932420957e-01,1.469784276789473321e+00,3.166306217739075279e+00,-3.309013327111289815e+00,-1.451386843520441339e+00,2.994778667271337236e-01,1.238026334079098678e+00,2.390766613711868604e+00,1.256973621315010892e+00,8.157701005668872574e-01,2.853170433653725802e+00,-1.445181698019864625e+00,-2.668987006194957878e+00,-1.190330984636084111e+00,2.957884960120533702e-01,-3.008662371149034787e+00,-2.375585428663194776e+00,-3.526550359299983839e+00,1.943517610846188903e+00,-5.756322724362603616e-01,-2.777043130774233148e+00,5.886731345165217011e-01,-3.524064884845332646e+00,4.771548114151105580e+00,4.541754565289457535e-01,3.190446515256569082e+00,-2.647511202487788484e+00,9.560226576476572591e-01,3.303471033270500179e+00,1.300550818860568003e-01,1.410726266998859613e+00,3.828053714334765267e+00,3.590119148892376710e-01,-4.626960388915907219e-01,1.634015963143580219e-01,-3.436310439563132757e-01,-4.775785851457129638e+00,2.876169022216478854e+00,-1.566137206951249361e+00,1.419553808822451302e+00,-2.298154292984535996e+00,1.018379915828318882e+00,-3.325513466173987354e+00,-1.530584235838040819e+00,-5.415293011203674567e-01
1.782142322043542393e+00,2.020772829210697896e+00,-7.720898959959091590e-01,4.101388511068670972e-01,-1.847481070696685546e+00,-3.163234113314441487e+00,2.263947368336054922e+00,-2.363448806355823439e+00,1.874528157103800829e-01,-1.070446737856436958e-01,-4.296552423571450952e+00,1.122058022555962653e+00,2.276032602888528045e-02,3.157108384570463055e+00,-1.102890417654983635e+00,-1.017370593472100571e-01,1.524771192917750318e+00,-1.527288944571837614e+00,3.386010529939857960e+00,-2.116680403009685740e+00,-1.762961534860093327e+00,2.497695637386347478e+00,-2.512225866446781808e+00,-1.133728873976909135e+00,5.278010999948485882e-01,1.162735062042323797e-01,1.719511271327488711e+00,2.937196812369087695e+00,4.693786938285493981e+00,3.030691745153074379e+00,1.851352479627641934e+00,-1.148459886434436417e+00,1.977442166888152553e-01,-6.519089965990190194e-01,-9.720633353885361760e-01,1.797158444555714274e+00,-3.263915215868925745e+00,1.140492076548849765e+00,-3.012760446131212078e+00,-1.037390328445765952e+00,-4.470761188554426280e-01,-4.513916136264991330e+00,2.986263497275050138e+00,-1.809726008067396696e+00,1.594895804150566754e+00,-2.530156969429233627e+00,8.381565060261584321e-01,3.297804448818817846e+00,7.967329048152360649e-01,1.161581752526628319e+00,1.596693467109945086e+00,-7.504107870100532596e-01,-6.144132298781085355e-01,-5.297874407207543435e-01,-3.582051447788656695e-01,-7.544616471617431319e-01,-1.472183191883595699e+00,6.138909463214623496e-01,-1.120213968508289248e+00,-2.737010993184189722e+00,-8.040772433565670507e-01,-2.033079628550599871e+00,-2.364273471511827651e+00,1.305002215462920168e+00
8.716398869026618090e-01,1.813842353717521894e+00,-4.737160252210399491e-01,1.993237847221303038e-01,-1.231988362267838699e+00,-2.588529322741921490e+00,3.829374807398277625e+00,-2.751225408243234583e+00,1.011976395342006896e+00,-2.752308381004609505e-01,-4.917184815253374808e+00,3.590789618089316182e-01,2.157289206274731086e+00,1.458130574854943129e+00,2.654432923776476105e+00,-2.021789123090798945e+00,-2.268697347120096630e-01,-4.772725208652959239e+00,1.042813161613797668e+00,-8.226845666490153475e-01,-2.460919543332817927e-01,2.866010359676659291e+00,-2.292304617262032274e+00,-1.880493157010413086e+00,2.123549438180492022e-01,1.576728115371784478e+00,1.264145853904950823e+00,-1.452220927300218900e+00,2.530298002913856648e-01,1.966636796681188404e+00,-2.958403282386874444e+00,-5.711678060159381509e+00,1.721111719634763393e+00,-2.153130076315920682e+00,-1.152398673564256182e+00,-2.867438434416824222e+00,-3.694083639163252109e+00,1.854885639463898395e+00,-1.115108164455341999e+00,-2.410102596644840833e+00,-5.272280821939149265e-01,-5.002270153191393121e+00,3.466090828864555107e+00,-6.391461064546792858e-01,4.433514014723080265e+00,-3.729136533486689498e+00,3.632913550417808946e-01,5.351707020700138706e+00,-9.246014808505003124e-01,4.246139015232195391e-01,3.017792939312488265e+00,-6.459273430770409163e-01,-8.148178979104230280e-01,-4.355014491201248394e-01,-2.563899474109797794e+00,-1.913380881755231133e+00,-9.830115166503206048e-02,1.374020437586995325e+00,1.484860472057329073e+00,-3.562235495139027819e-01,-2.082834576318456143e+00,-1.874317369585429383e+00,-1.117963194873333510e+00,2.105636577643663188e+00
1.961399002793537072e+00,3.292065394134517931e+00,8.967959770702972344e-01,-1.356946527128068736e+00,6.839000165482045368e-02,-3.332784631429848154e+00,1.685668728477396572e+00,-2.725813859086448243e+00,1.177860499320410259e+00,-1.041578673291237767e+00,-3.670128378524348811e+00,9.774993023093505595e-01,-1.164645824439532129e+00,2.106030831206439746e+00,-5.502736974816140325e-01,1.502586870902676841e-01,9.111554632695961775e-01,-2.809761412481622145e+00,1.799332787010050616e+00,-5.893018018407730763e-01,1.142101829305697480e+00,4.469132712532455365e+00,-1.937200570982131831e+00,-4.688757723564576096e+00,9.586649353594519640e-01,1.043259138979941048e+00,2.433241310739555630e+00,2.203884443696769724e-01,-4.175446159172770955e-01,1.465322542316519927e+00,-4.203305497671427915e-01,-3.659738582343372570e+00,1.049905027915349676e+00,-2.601368060229276580e+00,9.587617938613273161e-01,2.345492782451243929e-01,-3.388717463415313880e+00,2.434757668559912880e-01,-1.318391348227267779e+00,9.354845618513940586e-02,2.297791964339598536e+00,-3.487340924492615901e+00,1.483044637353306161e+00,-3.376497556059318006e-01,2.893385005103211061e+00,-2.369739690777383334e+00,3.300746316949880188e-01,4.369958489110388200e+00,-3.684517295146615967e-01,1.818357035302937019e+00,1.598713159276943463e+00,1.017143659182131232e+00,-1.143722085217690365e+00,-2.084340856796838282e-01,-2.466223455401903575e-01,-3.647508303247694705e+00,-2.404534035526204594e+00,3.491220032998144096e-01,1.972215891747619576e+00,-2.939447914043367138e+00,1.484573999453744908e-01,2.099023266206825333e-01,-4.179816633117651392e+00,1.399551531759160250e+00
9.973033490326356221e-01,1.464668557842489394e+00,-1.342641066818791140e+00,-1.868440908601714412e+00,-1.072063989784851179e+00,-4.287851588828714533e+00,2.508174433520824032e+00,-3.140373291068121908e+00,2.045721485695009001e+00,1.392887537543591625e+00,-2.986500112980735810e+00,-1.769725903638435405e+00,-3.334850936609186633e-01,-2.319709223392169006e-01,-7.754936250877444426e-01,-2.233522907512652811e+00,1.467900735210433627e+00,-1.212349622836598861e+00,3.480271833118102620e+00,2.218535158025403131e-01,9.895033035012601452e-03,2.631872038809778935e+00,-4.941950138096579792e+00,-3.324073090749217307e+00,5.314342643352115703e-01,2.051143530146366079e+00,2.353699741144387403e+00,3.401364385791850076e+00,2.892186257888897938e+00,8.488307375958449308e-01,3.609526197150561000e-01,-1.929144932664029755e+00,5.653118890833708221e-02,-8.832581214916664925e-01,8.102820822445733207e-03,-8.964663435759225862e-01,-1.991971214897963360e+00,4.900482836708440204e-01,-3.022587763750457235e+00,2.304791350738213396e-01,2.680025986643360003e+00,-2.259781110597804954e+00,2.420708213605398562e+00,-5.508383630719795310e-01,4.359401772063834279e+00,-2.148687571876473523e+00,-1.666388989430975354e+00,2.737324230961219129e+00,-7.012802765566100716e-01,1.232264693295166857e+00,3.113648458674350472e+00,1.409843929319668732e+00,1.732794514528554375e+00,2.578557790162195884e-01,-1.900607704353336480e+00,-1.942943739233498279e+00,-2.724517046125451980e+00,1.262257913274755339e+00,5.776513801089455669e-02,-3.482375920134757941e+00,5.587151963769179108e-01,-2.980603238338536354e+00,-2.631358452022708239e+00,1.756337111445283927e+00
6.809267694978968777e-01,9.493870605931893358e-01,-5.532133387259068336e-01,2.172560881169980362e-01,1.973045555058803302e-01,-3.838175626434604304e+00,2.003927362217120312e+00,-1.880697320376483184e+00,7.958410244320825999e-01,1.163393704474685375e+00,-2.995938876540737095e+00,4.159273551524233170e+00,5.373163277978677543e-01,-9.399087475928959989e-01,1.197121576816054800e+00,-2.245010109660910136e-01,1.924842864330811976e+00,-1.843034591234624875e+00,3.186125044002084294e+00,-1.766995812735502103e+00,7.518168923325676545e-01,2.538823598117467384e+00,-2.918306689320624869e+00,-1.284448945565086264e+00,1.873785222549469998e-01,4.542756553259450492e-01,-2.445647494624123564e-01,9.027811335535185222e-01,9.724097332501060453e-01,3.364706315658912317e+00,1.513654246372555523e-01,-3.595755477595205196e+00,1.942408917989468575e+00,-6.768970720895797211e-01,-1.937712891489635991e+00,-1.061455944293214770e+00,-4.172343978235218742e+00,1.763471984537781534e+00,-1.835552639680455789e+00,-4.045608713731152495e-01,-2.400372417624588861e-01,-3.204114418706507816e+00,4.285891213257475130e+00,-1.302242767202648421e+00,4.610828695247613851e+00,-1.419880863826455286e+00,-2.684545670224404157e-01,5.038266738012110224e+00,2.040966768577828105e+00,2.201571034816292904e+00,2.425868360831736403e+00,-1.917699559816620658e+00,-1.633553324330029310e+00,-3.912980523519898890e-01,-2.998887757012822952e+00,-1.001095025761180146e+00,-1.397623505399969268e+00,1.375730277605615282e+00,1.746638898466396528e+00,-4.961484666764192752e+00,1.534883392053841389e+00,-2.399756974893922035e+00,-7.622374211548876843e-02,2.817550066755975635e+00
2.154720781324450218e+00,1.321237570170510356e-01,-6.259218896348476280e-01,9.544046800627981053e-02,-2.781326143347085944e-01,-1.676543933526277508e+00,2.177499297060704553e+00,-1.384699611121515517e+00,-5.972004053681184699e-01,-6.448037303191875846e-01,-1.862940802769289306e+00,1.558348606217447418e+00,9.630704131589873374e-01,1.430536850389284798e+00,3.145244116628840292e-01,-1.407023378788707202e+00,2.343227366508171983e+00,-1.637778792484126722e+00,2.375875245505480571e+00,-9.445826996384772967e-01,-1.830259098646761728e+00,1.793784218654571827e+00,-2.962317121580489765e+00,-1.098850262373394893e+00,5.836178148539181709e-01,2.679947030120304330e+00,3.685893189130705849e+00,9.020313873542527006e-01,1.924321258874559071e+00,-4.878719390038019910e-01,-2.301180821155708323e+00,-3.186342635997530426e+00,3.393746990563286214e+00,-2.634348975674772220e+00,9.807082623684781897e-01,-1.665380872820884983e+00,-1.567043848983545207e+00,-1.971624085217652311e+00,-2.367729399227961551e+00,2.253995349782844659e-01,2.255695108780916947e+00,-2.631176891826233710e+00,-6.050762597610792604e-01,-1.478860492160959161e+00,3.005835516727651147e+00,-4.614685047041019672e+00,2.511475574852790160e+00,2.920644319316298532e+00,-1.026053829914661097e+00,1.531833682837110633e+00,3.458391548741191812e+00,-4.078789177110797581e-03,-3.174949741799503733e-01,5.697269461540793722e-01,-1.200705088268076537e+00,-4.935962618890910925e+00,4.036176012029726312e-01,-1.608418082873884769e-01,1.002766465179423694e+00,-2.877204088267465210e+00,-3.547244917749552418e+00,-2.352381136403426165e+00,-1.225014481367603825e+00,1.010193831550070698e+00
2.669868459010003470e+00,2.625586392439868355e+00,1.345569046344317621e-01,-6.773361797925852024e-01,1.558956679742460327e-01,-5.325782993481338323e-01,2.976595154079455963e+00,-9.869772698225485197e-01,-1.466623191950038763e+00,-2.362584869735134818e-01,-4.906759510930495338e+00,1.214860257598627813e+00,2.003146348176522151e-01,3.045690215203089579e-02,3.392266592598227160e+00,-3.125074941002015105e-01,3.180457237718981034e+00,-2.343448109305415361e+00,3.341220013102516706e+00,-1.003314121456789776e+00,7.060546570134959010e-01,3.758218338334120112e+00,-4.771109841603420332e-01,-2.399229584596762610e+00,1.439862613381818202e+00,4.541679385559589388e-01,1.426495728201836677e+00,4.804802374720866798e-01,2.643802554802727300e+00,3.549456712846394524e+00,-3.841752024818888778e+00,-1.307437193148247356e+00,1.058282077033749768e-01,-2.381297882914256814e+00,9.148705012979785334e-01,-3.097040136648520736e+00,-3.052838450491049294e+00,-1.589117799600114678e+00,-2.045078994613049872e+00,-7.395366928021227526e-01,1.351740820028551893e+00,-3.846199373299787894e+00,3.811900109203945952e+00,1.110074535173147137e+00,1.288411635956801415e+00,-2.227206971494603671e+00,2.908243553756147293e+00,4.817232701355282032e+00,-2.074008122784983144e+00,3.139690303814252292e+00,2.433163670335638962e+00,-2.143622819281542746e+00,6.948232557047119284e-01,-5.505386502528875070e-02,-3.450619027138369432e+00,-9.302573352863698908e-01,-3.034088324628655187e+00,6.668355136641688219e-01,1.358268449452268101e+00,-2.571056434375527111e+00,-6.420729630797266108e-01,-2.955931579245632435e+00,1.608219913920940769e+00,3.065109300029179362e+00
3.684006262514750940e+00,2.413535655932468771e+00,9.373912673186798328e-01,-6.102986789519689870e-01,-1.645878519773384063e+00,-1.782862155018833050e+00,2.196527313253871849e+00,-1.956457767757360688e+00,1.293948771179447732e+00,1.241130724093255422e+00,-3.677857211379039537e+00,2.356715744985657501e+00,2.619334939948785856e-01,4.428432121437398394e-01,2.624046595324765474e-01,-7.737630472035766926e-02,1.367118464885275664e+00,-2.827826069758994088e+00,3.955732443369863738e+00,-1.555572182267614734e+00,1.947753324034274369e+00,4.412158924381933467e+00,-2.120478272331521197e+00,-3.887011958905861153e+00,2.802341228704529286e+00,-2.120078694064413849e+00,-4.674848646190734591e-01,1.037015663793158460e+00,-1.807896463642100215e+00,2.090223443604810605e+00,-1.571962558452140613e+00,-3.699718428361743250e+00,5.440013898981842511e-01,-6.475714335359212814e-01,-3.030588924171679466e+00,-1.776271916068270951e+00,-4.539449308823991558e+00,-3.187380951595066847e+00,-1.472724414082429156e+00,-2.176171388579843047e+00,1.444246007010117960e+00,-2.449036796993880216e+00,3.435550811110077873e+00,-1.246440940475954218e+00,1.662367708101263997e+00,-1.623568086808629296e+00,8.060057133294598053e-01,4.494129812595966555e+00,-1.779127431710241236e+00,1.297749130880009982e+00,2.676062893647894736e+00,-4.672334988827573365e-01,-4.507010043586955061e-02,1.157002458512718546e+00,-2.214398979174212023e+00,-2.696772669853584770e+00,1.707390111274341926e+00,3.186702130839552005e+00,5.557630653616770777e-01,-1.864942927100529335e+00,7.074174550894889446e-01,-1.314772846208642321e+00,-4.506517380644164739e+00,1.465569228620497766e+00
1.088935829129320743e+00,-1.864959258514110374e+00,-7.639280010555080658e-01,-1.868713378352028442e+00,5.499347161908407777e-01,-2.029489206050202110e+00,5.196841830619661096e+00,-2.788757422623693749e+00,1.528200660665126165e+00,8.305191413608038475e-01,-4.679552799372991956e+00,1.792745016301692029e+00,-7.604722144769180403e-01,1.373384520790843055e+00,9.994868252096581474e-01,-1.964993650867520980e+00,2.337974245890430236e+00,-3.053354576301761547e+00,3.530166428383840316e+00,8.897337443924657752e-01,-1.524252669005344618e+00,6.616451536127230248e-01,-1.627615231180384647e+00,-3.257020482413870877e+00,3.340156830244916719e+00,2.081987824409434307e+00,2.032060099067966696e+00,9.941745253020224382e-01,1.329577681424477742e+00,1.198918821703088167e+00,2.721912812276908067e+00,-2.903517354847843457e+00,8.618248097547702713e-01,1.219942398855651255e+00,-1.231796236892828134e+00,-1.749982950216957267e+00,-2.737760205691467164e+00,-4.414713021499484524e-01,-3.233525303337389190e+00,-1.912108482099229345e+00,4.766345998205124834e-01,-4.017131264078287245e+00,2.213830544148746693e+00,1.569523037953540534e+00,4.801292844571934282e+00,-2.397515606201039873e+00,-4.058927151231279673e-01,2.203503831074163699e+00,5.783418170747018916e-01,4.309498103560792437e+00,1.201518636629365977e+00,7.558590750851598150e-01,1.017906261188931794e+00,2.562830021542092940e+00,-3.058269339297746470e+00,-1.024589700362873446e+00,8.900429515650263301e-01,4.537491046981612652e-01,2.302951880713562938e-01,-3.041097582825753598e+00,1.499794441724093819e+00,-2.088178970401532997e+00,-2.447364484727528655e+00,1.692188247872447260e+00
2.108868393214627712e+00,3.056222216695454463e+00,-2.328591626658733205e+00,-1.292518704245233074e+00,-2.030108071353566412e+00,-2.621316444320171080e+00,3.825394962399411014e+00,-3.812890041946852548e-01,-1.307545310721091036e+00,3.348808212528776862e-02,-2.585735192029938290e+00,-2.951104065516856334e-01,1.143324820442179535e+00,-3.630297773233338576e-01,-1.940771869714472686e+00,-5.354467603158687972e-01,2.465440834463534792e-01,-4.579189066973007982e+00,1.221274602971017753e+00,-8.959307505744422695e-01,-4.340107945226017172e-01,1.683704563823882117e+00,-2.976545485644701561e+00,-3.519804792432856821e+00,1.087121339170771472e+00,1.147222281325251725e+00,8.085289831125355153e-01,2.485995851675503410e+00,2.759739988357479579e+00,1.757155473168282578e+00,-9.053103643174700288e-01,-2.749265453905604062e+00,-2.352712500743185942e-01,-3.442025891478883715e-02,-1.925023778443617717e+00,-2.504689618781716476e+00,-3.959636747389549072e+00,-1.602991457946453036e+00,-2.219443125175971865e+00,-9.649343460836579123e-02,-5.215846371207242260e-01,-3.377555995190714366e+00,3.201724953804229834e+00,6.407785919551398646e-01,2.796663379441572506e+00,-2.152467295869262109e+00,1.827311956318869113e+00,1.774592629775474384e+00,1.086516475326873676e+00,3.171106263194778396e+00,3.757607086675757380e+00,1.562181048426043439e-01,-5.479102558359920383e-02,-1.570938657669993965e+00,-5.327088761556835195e-01,-3.863274111995735449e+00,7.741593067023333496e-02,-2.410585592740238647e-01,1.115439138491257864e+00,-1.327410004870612781e-01,1.121782547397825458e-01,-2.669849333978405959e+00,2.360194762524292500e-02,-1.252179022264960473e+00
1.555856002287518969e+00,3.423543399849991786e+00,1.195747967724176020e+00,7.085400154081862301e-01,-3.337861420174624838e-01,-1.385502155952659464e+00,2.480132014627475456e+00,-1.666280199262595740e+00,-9.167634675127174226e-01,1.642271987714353010e+00,-3.110097457997126558e+00,-4.163966523230366867e-01,3.230640987613233039e-01,8.251417082446608209e-01,-3.137896221375506833e-01,1.135337669137363559e+00,6.511132119528616480e-01,-7.664524772080627546e-01,3.679344583778355826e+00,-1.642315355854214731e-01,-6.036922760959528844e-01,3.748728957028561126e+00,-1.114816447141029121e+00,-2.895802283413352995e+00,1.490664526066887596e+00,-6.855397426765668101e-01,1.713545558908495359e+00,1.099171169823612182e+00,-1.118979900618581880e-01,2.085587596753935458e+00,-2.178941740800134141e+00,-3.320454019039063454e+00,1.537971597878829755e+00,-3.319520469570340637e+00,6.514704398307957778e-02,-3.104967495640614139e+00,-2.744527953610037319e+00,7.483910504170621092e-01,-2.326438418747696524e+00,-3.143657654754936637e-01,-8.584620318359812430e-01,-4.241922291918837296e+00,2.560919734197051767e+00,-1.769322839209758857e+00,2.628614137855091570e+00,-1.123651138230008062e+00,7.239477745198071856e-01,1.817713392302740205e+00,3.368687797949961205e+00,1.238039607143001097e+00,8.207508561474234909e-01,-7.127580911810483810e-01,-7.471257568119078485e-01,-1.384003759509663922e+00,-1.551115825309747898e-01,-7.221722687717107014e-01,1.090094643749086822e+00,1.334476627742874344e+00,-1.735271197305414681e-01,-2.160712594010634202e-01,-2.781615149487588035e+00,-1.627294253085570741e+00,-2.312492049493382051e+00,1.805367760444617220e+00
-5.660005532477931922e-01,1.484268523048795529e+00,1.531870433180497315e+00,-1.800088020161334956e+00,1.585571643699521527e-01,1.922687331854986414e-01,3.290428028288780560e+00,-2.541163392384153230e+00,-1.465682613197421547e-01,-4.687475188134043735e-01,-2.813092009643610947e+00,1.217405518829303812e+00,-9.459498191027280178e-01,-4.482817688187950012e-01,-3.705588437159865745e-01,-5.781456849687378607e-01,2.377419124804267980e+00,-1.811438357914678443e+00,2.112890242260144547e+00,-2.411511786007459079e+00,5.379193911643176396e-01,4.613787237508918615e+00,-5.293040566031794736e-01,6.512477920919712560e-01,5.318635089086212187e-01,-1.470528668549289097e+00,2.165647658285670296e+00,7.119225481002353639e-01,1.009281308550510126e+00,1.334997856835446139e+00,1.692098111663913773e+00,-2.331129960750648600e+00,2.434122064602863844e+00,-2.333053282581603938e+00,-7.026739607815035704e-01,8.888434224280230556e-01,-4.052093105001007167e+00,3.422437318274322848e-01,-1.985997056786520831e+00,2.069534517073210456e-01,1.723543568567862172e+00,-4.988660601305920039e+00,2.517024049746567904e+00,-4.072828357867079418e+00,3.772106030459101866e+00,-2.108976444495786140e+00,1.763625306813880966e+00,4.800723502855926306e+00,-2.617309570452614587e+00,2.889973447078116209e+00,2.397391070690577664e+00,5.636805992136070254e-01,-6.187273955827143901e-01,-5.162880254349572207e-02,-1.760705873340323580e+00,-2.924551555063043207e+00,1.866826210479267889e+00,-8.478994756170359359e-01,5.360283342817594443e-01,-1.818925662526461373e+00,-9.416351437833748728e-01,-3.022503447310371349e+00,-1.957028706120466088e+00,5.871713269219802633e-01
3.087291654849457334e+00,1.504468054189642912e+00,2.349742840207582173e+00,-9.724096812248430588e-01,5.706465949101289237e-01,-2.713580790091850492e+00,1.467840768406849961e+00,-1.482742226816140096e+00,1.971418282681320078e-01,3.850703855022968858e-01,-3.220954018328995083e+00,3.366817854141938682e+00,1.655531988767894869e-01,9.505513340650417753e-01,1.582547471893334112e+00,1.880283407623263958e+00,1.632198010367997609e+00,-2.377914637321782099e+00,4.175541093927439107e+00,-6.898950109139132536e-01,-9.028696681748638042e-02,4.346976638508451174e+00,-1.561897805522788341e+00,-1.805628896981134268e+00,2.258252281387751914e+00,1.314374343412775037e+00,8.642850805962450922e-01,-6.875247737167367035e-02,1.518148640780233372e+00,2.099190467153465356e+00,-8.105774492266946130e-01,-4.015176123345717052e+00,-1.284718945398849232e+00,-3.839234158539280850e-01,1.372698569939934110e-02,-4.691129601824457485e-01,-3.317954805072760749e+00,-1.973604225902571563e-01,-9.781834953945598432e-01,-4.389606184977569825e+00,7.427754976173404078e-01,-3.534773432288143447e+00,1.890741611876654904e+00,-2.730918671432343015e-01,3.795410564765881567e+00,-4.254006523228155423e+00,-2.515297075994643583e-01,2.536120922922547649e+00,-3.386603832242082723e-01,1.914103767431909242e+00,2.621685270310094573e+00,-4.496523810623913597e-01,2.693462178627870962e+00,-4.379597546804090968e-01,-2.071059428598128083e+00,-2.589632523077039838e+00,-1.572005882195495863e+00,-8.885259444443882604e-02,3.983573376401764454e-01,-3.520971466635607783e+00,-9.309096718132064963e-01,-4.054611429417875890e-01,-1.899652699094106056e+00,8.783783761508134891e-01
3.421301235191857248e+00,1.706561461231233867e+00,5.588302564985397902e-01,1.074269421248504663e+00,2.844354344037185456e-01,-2.100694638701539052e+00,2.995397277171111483e+00,-1.904637773676808088e+00,-4.073960080401709538e-01,-9.777555773410648854e-01,-4.407586076330450631e+00,2.091999463664202530e-01,-5.512720893551914525e-01,1.033371995237481578e+00,1.657704427371153644e+00,-1.165684284983750540e+00,1.472697724821458998e-02,-2.528285245766197509e+00,3.574665891071000523e-01,-2.769861959014253028e+00,7.216815471765629653e-01,5.542044314825385953e+00,-2.166761885628849971e+00,-4.439718272305392510e+00,-3.704793018827172713e-01,9.267479965208325066e-01,5.806217841969665283e-01,2.750291504711542601e+00,1.850156184287996552e+00,2.227016424750170032e+00,-1.591185623889789014e+00,-4.540882154980798724e+00,6.874848071283423678e-01,3.518008736981901308e-01,-7.196860530339884710e-01,1.582254988556576203e+00,-3.791192413796681926e+00,5.515227182158872754e-01,-1.961947311566793362e+00,-1.894623652656748591e+00,-4.074204572406177061e-01,-3.936438402541817982e+00,2.574231478562369002e+00,-2.221967285719370633e-01,3.694998813632259793e+00,-3.705150714599398931e+00,2.295842110659473079e+00,1.036626694946557237e+00,-4.556854152579049022e-01,-3.526164576269774642e-02,5.318795950562941854e+00,-1.598131012279867313e+00,-3.162585344346981464e-01,-1.392482188333066251e+00,-1.678304549446164362e+00,-6.284935953656207719e-01,1.941257716930207877e+00,-5.342849858967668730e-01,-1.808069662284017554e-02,-2.935140704329476602e+00,6.721737827199212312e-01,-9.424451445237153058e-01,-2.242123026111996431e+00,1.094284505959236764e+00
2.747215550942533557e+00,6.346251280766446179e-01,-2.017770871180145420e+00,-8.723114132807068266e-01,-2.297180076827192607e+00,6.083330133736206680e-01,9.031916909724112541e-01,-2.511613258999989107e+00,1.512287356287466356e+00,5.874179840977284961e-01,-1.690627811020251725e+00,-8.341647267207652483e-02,-1.126254471295256243e+00,-1.531842672572636399e-01,8.302650356937409937e-01,-1.271954888725012722e+00,1.883092007938934831e+00,-2.994821687728694393e+00,2.980308509777991777e+00,-2.067018926569629933e+00,1.283988205141632033e+00,3.691766884741255250e+00,-1.401038758443348575e+00,-6.091789860348282293e-01,-1.406677659181497564e+00,2.346091683020410379e+00,3.616530092428565712e+00,1.566751169956422274e+00,1.494357875586144635e+00,8.743860262619259638e-01,-3.433081852885825569e+00,-2.362850282566130389e+00,-1.943953345942884603e+00,-1.138802146887043065e+00,-1.394587848668919161e+00,-2.884569680462289565e+00,-3.534906230539689886e+00,1.729474667413944733e+00,-1.500935785035952819e+00,-8.907146946608960336e-01,3.070793075881629086e+00,-2.700733537971255149e+00,2.483282583998019266e+00,-3.461605782012696642e-01,6.113527704622766734e+00,-1.763937707786463527e+00,4.397771335908612911e-01,3.426772852668666935e+00,1.704727303217967282e+00,2.535201586121374806e+00,2.326073918652666883e+00,7.193745653539999063e-01,2.259395033286522025e-01,1.099290558882936697e+00,-2.023844748485102318e+00,-3.437189610865168277e+00,-8.976493069259912083e-01,3.068078604271976761e+00,3.140190028948047996e+00,-1.149329245849967540e+00,-1.060785876273129258e+00,-6.151652121110513516e-01,-2.026032549494061641e+00,2.469543786932633544e+00
9.946407155169036951e-01,2.871521635446929288e+00,-2.487179005014581445e-01,-1.091688236558689740e+00,1.146491130834381700e-02,-3.000920041949782124e+00,3.445502732520631994e+00,-8.014459735610279800e-01,1.464191178637233470e+00,3.127509438991435520e+00,-1.832076602029211410e+00,2.315188839581087121e-01,-1.304033511977197968e+00,-7.207571226064117820e-01,-2.183025180621404049e-01,-1.841481038447771557e+00,3.987813083086403587e+00,-3.577456302454516290e+00,2.585876095017358711e+00,-3.165491014859730168e+00,-2.572329874318051157e-01,1.944300239578227396e+00,-9.955181578655203367e-02,-2.971152966678963114e+00,3.697657661926651240e+00,2.075410919136277066e+00,2.882343010164659880e+00,3.664770668229958783e+00,2.372141298728295045e+00,3.277629551293335552e+00,-1.383317521765462299e+00,-1.118927328031328772e+00,1.374304312664645922e+00,-1.735981262527998226e+00,-1.159889166646240755e+00,-1.278140642581783171e+00,-1.917638555859624283e+00,-4.755151624677551592e-01,-2.695723389890572363e+00,-5.256324066401059092e-01,-6.592511857243172901e-01,-3.604540823234112068e+00,4.871145250155958450e+00,-1.868824808220010514e+00,2.532249044768809298e+00,-3.329803951411088647e+00,9.117419125314087935e-01,2.802822801990736412e+00,6.712093494583459830e-03,-9.029901945545537600e-01,1.829394341561600079e+00,-2.130848762967709309e+00,1.673829868826258949e+00,-1.342443189188733177e+00,-1.040614088320334307e+00,-2.260805032103950563e+00,6.703771597729004661e-01,1.391617375313981553e-01,5.768073081437458116e-01,-2.595720070182941708e+00,-1.451088817623348293e-01,-4.470762438993864940e+00,-1.856426148560591294e+00,9.261331260186044245e-01
1.721445212706039563e+00,-3.627340374477054930e-01,-3.006563813661092155e+00,-1.679754197502703938e+00,-3.347108723606148306e+00,-2.610105458001418022e+00,1.752862360816708653e+00,-2.622023234482425913e+00,9.631689744149350974e-01,4.893261878160557604e-03,-2.649478843321661614e+00,9.812866976526153362e-01,-1.242951475124123517e+00,3.049120242249062085e-01,-3.293036650400261722e-01,-2.420627720206548483e-01,8.128479901121714590e-01,-2.659775269779352413e+00,5.712515033565628286e+00,-1.827095327586330642e+00,2.665385366935368872e+00,3.126028552492726931e+00,-1.239709621931320838e+00,-8.145307033409094899e-01,3.480873313358711085e-01,2.822058700396898878e+00,2.622964483798589264e+00,2.811107295140610418e+00,3.563838200610821572e-01,1.280456798807683816e+00,8.862373618484127302e-01,-4.661924810095623428e+00,3.548337583937583695e+00,-1.355038108550995046e+00,1.538444906636891485e+00,-1.676292588592095179e+00,-3.997431548827985459e+00,2.900972257054246217e-01,-3.922324122844381478e+00,-2.156809421555470063e+00,-1.425857476342468955e+00,-4.642811791339806149e+00,4.142667707536511479e+00,-1.526430656093885618e-01,2.912403720892161374e+00,-1.100051330496588653e+00,1.175861973107288794e+00,3.111109499566767855e+00,-4.694608760398900626e-01,3.132098370279247312e+00,4.300585108086956154e+00,-1.181457769230291888e+00,7.314325748105007241e-01,-2.307527113750031056e+00,-3.060277859342956930e-01,-1.659302381597788312e+00,-1.396936219649644650e+00,1.501687060900437132e+00,1.110452595750821114e+00,5.978465839033084706e-01,-1.212451498144856199e+00,-2.199969584419391389e+00,-2.334673460662929578e+00,-2.011433121443529259e+00
1.921756491768275676e+00,2.195797539578227653e+00,-1.274560794207530545e+00,-7.010007940197523491e-01,-3.391450413553709797e+00,-1.463670969931489152e+00,1.422333449622906087e+00,-2.017829616252681646e+00,-1.058438946184316221e+00,-6.322206059116308730e-01,-2.606244094782860898e+00,2.309494258733098881e+00,-9.597592434833832620e-01,1.951671909064632615e+00,-1.672587817074611571e+00,-2.554113555140183345e-01,2.282863109480607999e+00,-1.733389344041548430e+00,1.342651805862959291e+00,-1.337463973220264446e+00,6.286410535305273495e-01,3.806895283892481885e-01,-3.271486127829959401e+00,-2.545046403527151835e+00,1.719024076350985197e+00,-5.324634291636938244e-01,2.213565059648542555e+00,2.307429179575643641e+00,6.024112568140205237e-01,4.706826283024894142e-01,-8.716207078446955858e-01,-3.992382952109000627e+00,1.159370593413118655e+00,-8.980694886389655185e-01,-7.497047991214583762e-01,-3.556588277000537701e+00,-3.504084334455949801e+00,8.869733224164438878e-02,-2.117947517489689790e+00,-3.139566419395585228e-01,4.758323607171621727e-02,-3.751958258864388718e+00,2.667910144159825414e+00,-2.132859657311272361e-01,2.027781949901737768e+00,-3.396342776745821190e+00,1.736702607760554740e+00,3.214892785956201315e+00,-1.923180757947984265e+00,2.316213310399881209e+00,4.296184943139245149e+00,-2.702814014943072607e+00,2.158258038416035252e+00,-1.128807606450764833e+00,-4.830885483461151431e-01,-3.226008125949184624e+00,1.333036204071473607e+00,2.700049024950855969e+00,1.180038485048898078e+00,-4.073249339939303937e+00,5.138504589787459276e-01,-1.748414629229578798e+00,-3.661916005510530425e+00,2.349354293520431902e+00
1.477739792756827431e+00,-3.493200876776429986e-01,1.351304578540339030e+00,-1.470484069772176827e+00,-3.539323216117892912e+00,-1.480310918328412662e+00,8.467178389727095800e-01,-4.022891321067121329e-01,2.749016584563684695e+00,-3.209525320943316107e-01,-3.746482907524546047e+00,1.170801458222929137e+00,1.167538113930005617e+00,-1.541220720289360191e+00,8.558932339233845665e-01,-6.346658877126609699e-01,1.533590023583716322e+00,-6.341643429676331323e-01,4.064515186430642579e+00,-8.272592767302748840e-01,8.849709954422805280e-01,2.189534995761170499e+00,-2.140173610905149459e-01,-4.473655327917586355e+00,-1.281451621824048370e+00,6.575395529706318243e-02,1.287748355861295657e+00,3.385782502995063892e-01,2.471998683961738053e-01,2.302862546619787842e+00,-2.240729151612891101e+00,-1.571565319656117232e+00,9.092453988513353735e-01,-1.138606258294431628e+00,-1.195883261665420694e+00,-1.271304928636203257e+00,-2.879927962178918222e+00,5.040010539074890605e-01,-3.412572525444409699e+00,8.290634595147206021e-01,7.434568272833197433e-01,-2.996185588259394628e+00,2.321870356201175323e+00,-6.157010914450595784e-01,4.339567197779068408e+00,-3.903029457882846387e+00,4.351994841070100373e-01,3.215595844245835444e+00,3.532623027464987242e+00,2.402948906656436456e+00,7.994369330617647762e-01,1.258501294469519749e+00,-2.950068023099058911e-01,-1.353550288080906716e+00,-4.544053059402843431e+00,-2.143278416428266109e+00,-8.897554894788706203e-01,2.361216100536962959e+00,2.772699240132112664e+00,-3.795877367646479428e+00,1.281545877421160107e+00,-1.365081322097017935e+00,-1.413289333243495927e+00,-6.190463414295921396e-02
1.675240706288843251e+00,3.802510941173337322e+00,-7.378656705154130746e-01,-8.916543374060192928e-01,1.405777127941001403e-01,-2.193202041999498420e+00,3.253460267270812167e+00,-1.834800133830494229e+00,-9.940143224305644232e-01,1.472717216267797058e+00,-3.960494996848592297e+00,-2.544347470892278640e-01,6.902913322466374124e-01,-1.173665102533785198e-01,-1.566524498577289926e+00,-2.943743512682550634e-01,2.290563662650271226e+00,-3.103485936425620650e+00,3.300534431030209159e+00,-7.634060436853660203e-01,-9.927647588994359396e-02,4.246413111910990246e+00,-3.047263804394086950e+00,-3.789158716979025954e+00,1.690734978119391441e-01,-6.658097253896004819e-01,1.648740689940344506e+00,3.562201931791397769e-02,-3.878260186589461700e-01,1.378914330158377277e+00,1.347695110816012232e+00,-5.615366103542514864e+00,-5.388510925469773838e-01,-5.368313216152252876e-01,9.597033587664893783e-01,-4.028420302741724246e-01,-2.902382497434414343e+00,7.064539257074459178e-01,-6.673205551478489372e-01,9.279398731114307797e-01,-6.829482590798632291e-01,-1.892085663553187524e+00,2.467037687036698124e+00,-3.244226250670710243e+00,4.134843707141927283e+00,-2.130792080624972051e+00,2.729317943009433645e+00,2.676842030412345252e+00,-1.604744555194899780e+00,1.706885340161021336e+00,1.305145943908641915e+00,-1.917612144965560317e+00,-1.109737605887053391e+00,1.667420531833703201e-01,-1.173202288759395140e+00,-1.793345919213028328e+00,-6.171530019848106008e-01,1.767483619713458687e+00,4.218433145515414484e-01,-1.092740191036577491e+00,-2.674052577862618962e-01,-3.688291585552091689e+00,-1.507671973580358982e+00,9.516377215792962696e-01
2.503819810746111152e+00,1.522137296108594162e+00,1.396442373111208779e+00,2.153349112995829984e+00,-1.619700616948369420e+00,-2.195021657307411722e+00,1.927998179401211765e+00,-1.942068886203301314e+00,3.331066652925547711e+00,1.267489094339313560e+00,-4.071868567703104347e+00,2.274117294178480631e+00,1.373055383547631958e-01,-2.329863573034085533e-01,1.815743970388667972e+00,6.631590931624800067e-01,1.322894904488874479e+00,-1.309784967452228610e+00,2.011664049800404808e+00,-2.715280450230233900e+00,-5.474829296574101889e-01,4.095196316649859725e+00,-3.407263132529585903e+00,-2.822049093426103106e+00,1.077660132748416766e+00,-1.194077783313186591e+00,1.618016849757080600e+00,7.962623136245188249e-01,1.925496462639920026e+00,2.323630394473640948e+00,-3.531588395215256693e+00,-2.373663689398848309e+00,1.526603015539117925e+00,-9.648799314866280952e-01,-1.194867521994622095e+00,-2.976576300384939255e+00,-4.695181357591028615e+00,-3.761903276414235275e+00,-1.063400937288565329e+00,-1.930677311262463558e+00,-1.159212518352491506e+00,-2.369855677272914463e+00,2.413240251752450494e+00,-1.067762721552467209e+00,3.341434834772271767e+00,-2.957412237548188827e+00,-2.372765806249161891e-01,2.384129675481861721e+00,-8.071453571458792053e-01,2.622699537161943262e+00,2.753769934604764824e+00,-2.082394196415618681e-01,-2.631759908708446449e-01,-3.203969701420686267e+00,-1.695464669591931317e+00,-4.060656214135726749e+00,-1.936394711030844373e-01,3.299649591922884095e-01,1.762080662385354657e+00,-1.345114201958923283e+00,-1.271284664950609322e+00,-5.251681798185201533e-01,-3.486968800809138624e+00,2.375538046825071969e-01
4.858335952011705317e-01,1.907665243776691222e+00,-9.670418631668915577e-01,-9.772604563939175648e-01,-3.246185122033541592e+00,-1.956452415278529422e+00,-4.900336872582657932e-01,-1.555903304047887570e-01,-1.605383448242063693e-01,2.532010077098559853e-01,-4.699586812296473681e+00,1.214076941042537827e-01,2.679353251624914112e-01,1.120103289139581904e+00,-2.061233951726050062e+00,-1.652234962713469590e+00,1.178953448152963102e+00,-7.630210177310854380e-01,2.845225140752265069e+00,-1.190931968852046996e+00,6.665335422762375117e-03,2.369625718867006459e+00,-3.042765322954655627e+00,-8.240772317740332475e-01,1.033059626338763914e+00,9.142600556116119437e-01,-9.768171586243146187e-02,8.695884399441418111e-01,3.552472397640423107e+00,1.378093696606378149e+00,2.739306763348481333e-01,-1.801004226134955921e+00,-1.244066580461268945e+00,-2.165107587724203864e+00,-9.005083072278949885e-01,-2.111567466109966595e+00,-3.152234258495025365e+00,-3.399751785255752612e+00,-9.729015054778684668e-01,-1.112297385105628589e+00,1.196531848876031479e+00,-3.235592840043608920e+00,3.157304417140246677e+00,-1.971095445040100813e+00,2.213463845242866768e+00,-3.314038150163801877e+00,-5.290761446579399507e-01,4.368982647332714464e+00,1.456038088481048653e+00,3.809134915507883523e+00,3.623381268051158344e+00,-1.898548497269158419e+00,2.372848280876683535e+00,-1.264303674631058749e-01,-2.939564793251208119e+00,-3.944875333952367669e+00,1.313241656953140879e+00,-1.097349230055850500e+00,2.997949092741499122e+00,-2.821517045379762667e+00,6.365096513405219536e-01,-3.239243709638072843e+00,-8.742461075418967997e-01,1.246952869074788861e+00
3.497933723989131716e-01,1.010410038987459735e+00,-3.158771195233987528e-01,2.293527973085756066e-01,-2.371202772224448641e+00,-3.728508206360804156e+00,1.553290257956201348e+00,-1.299382420651211456e+00,1.203042389126230294e+00,-2.634136417614034720e+00,-4.346733580930496998e+00,3.297653683716191608e+00,-5.827395304380514895e-01,2.114828089662109001e+00,1.974381057398051809e+00,-4.142285531495621953e-01,-6.430821878794934499e-02,-3.024454505618858313e+00,4.418156840722024192e+00,-5.610951395940053654e-01,2.277134000321864526e+00,3.315268056793649443e+00,-5.297396660457818207e-01,-1.804078832557137746e+00,1.907830146878518596e-01,-4.092562138266730987e-01,2.257767225185918658e+00,2.772708424848778996e+00,6.389619383928735186e-01,6.255206250245002320e-01,-3.289748111076033599e+00,-1.760568378971511638e+00,9.784014815375849938e-01,-2.402296980726052134e+00,-1.894605709328416765e+00,-1.134192165286098675e-01,-2.775815945002596763e+00,3.595263441281745243e-01,-6.239177721227657791e-01,-2.640633229864385534e+00,1.701876789861465511e+00,-3.164816087853327797e+00,1.420845069916465420e+00,-1.325061596520137108e+00,5.211784694383289285e+00,-2.101002360863978513e+00,1.022918823954213963e+00,4.345747853992369514e+00,-4.278557916698657038e-01,1.589962358882306637e+00,5.495061647294558149e+00,-1.607019721896727482e+00,-3.150003312921815790e-01,-6.053747771235584718e-01,-1.661937511754707497e+00,-2.084068953716350592e+00,6.538601476070293739e-01,8.188101006760565292e-01,4.839297348301586643e-01,-5.310072812780841645e-02,-7.781915737902509456e-01,-3.176326590276383754e-01,-2.183191226131775853e+00,1.332746881810936923e+00
1.844022722113716206e+00,2.591131697033211001e-01,-1.032875759068000665e+00,-2.521097650467537754e+00,-1.893554048679500834e+00,-5.864210687126387711e-01,1.009919755728531543e+00,-5.577776290854198571e+00,1.944477768193497491e+00,5.846967607153159552e-01,-3.239829557805839588e+00,-2.181148197613589801e+00,-5.559836640303142952e-01,3.640860371538521267e-01,-1.697632037546021433e+00,-5.051131353294059378e-01,8.119549596624653365e-01,-3.324628116687164958e+00,2.195011915659542900e+00,-8.522006790375952212e-01,2.438826508288688188e+00,4.148881351447577970e+00,-2.411022607006702678e+00,-1.126803723080511688e-01,7.266698144679986093e-01,1.837285238198758774e+00,2.482898170792080528e-02,2.095421923963034949e+00,-1.266466639903217395e+00,1.459431148333783845e+00,-2.995922672792366459e+00,-3.726522329372670583e+00,1.852007230086794687e+00,-2.769919299538257995e+00,-3.184399669408410016e+00,-2.234021102273138659e+00,-2.965801613097766687e+00,-9.189700424378693944e-01,-2.585911441869555016e+00,-3.486228434568843237e+00,1.095469925687707180e+00,-4.657696914285141432e+00,3.631277283670501177e+00,2.356728110439298973e-02,1.726513342052202304e+00,-1.780745309392466780e+00,8.972471213221974162e-01,4.124789111419197241e+00,7.361859671600041732e-01,2.407667492620892968e+00,3.118071891691707620e+00,1.911154864235796724e-01,1.326448433611132849e+00,-2.710209584884433198e+00,-3.615759197686074788e-01,-4.658677576387786345e+00,2.459828737720093361e+00,-2.035400355835352837e+00,9.228988486238522970e-01,-1.870380972469049441e+00,1.370834856801679935e+00,-1.734853073992211892e+00,-1.477983141521937105e+00,1.078982196656130155e+00
4.866302608122412554e-01,2.052236151535113073e+00,-6.009143645609485995e-01,1.768738456442092932e+00,-2.636475023092159642e+00,-3.464688684998418200e-01,1.114327977046424500e+00,-1.206837231599859672e+00,2.682687434566361162e+00,-1.132478780021589859e+00,-4.100513473801633779e+00,3.459055720127941047e+00,-7.501900282254246877e-01,-6.225254631737500155e-01,-1.837047726601666486e+00,5.670477022970406011e-01,-1.559630261970044174e-01,-4.273471991223956934e+00,8.371104074657433891e-01,-1.232579135185136732e-01,-2.356287311470314449e+00,2.428063528740587618e+00,-3.877824549381575281e+00,-2.708705801919930156e+00,2.534032643824330577e+00,8.163574357013453353e-02,2.232845169411990405e+00,-1.894469674153838046e-01,1.352603214914322782e+00,1.491367700994348233e+00,-1.898794943701403781e+00,-3.548522199556270351e+00,3.059938684670790998e+00,-5.174661765425743187e-01,-1.708770345048671313e+00,-9.572161659444471393e-01,-3.721298482345847702e+00,-7.605901796318911279e-01,-8.616376449111824432e-01,-9.579576837640549902e-01,1.358877316725299433e+00,-3.834672552197087469e+00,3.969570249366115799e+00,-8.941119659036604883e-01,3.589757448320256561e+00,-4.345078566889958083e+00,6.594375290143642543e-01,1.253803049129454061e+00,-1.666239324984905568e-01,2.552047802240904772e+00,5.227640761339191755e+00,6.026226208183237398e-01,-3.783244668145008260e-01,6.166670392250426236e-01,-2.254974873887868547e+00,-6.169173027318541891e-01,-1.051578415552182788e+00,3.359739051351469996e+00,2.602685377763318542e+00,-2.190954253969919829e+00,2.323979691240629641e-02,-2.015915297743490431e+00,7.938899145725670792e-01,2.409941712526340041e-01
-1.235487797784076136e+00,2.479037527437406574e+00,8.402372111732829829e-01,-1.284553678136573840e+00,-2.198897265937183043e+00,7.593383633990735682e-02,3.993501529695279828e+00,-3.244284088658980991e+00,-7.345374801856540126e-01,4.692995945716992301e-01,-4.018199061971973407e+00,3.755548446196064205e+00,-7.259287695104589266e-01,3.643512597482112536e-01,3.363934618419892164e+00,-6.640144941407610801e-01,1.636807029266951874e+00,-1.469941501190682676e+00,4.042707472572377725e+00,-3.736221253600470416e+00,-2.994679828886452899e-01,3.522849031695458599e+00,-2.746256188334649906e+00,-3.273888961289122879e+00,3.176079689714283560e+00,-1.593787099771730720e+00,1.400995521105628416e+00,1.856397335052268227e+00,1.620384091042233798e+00,2.379157400604736683e+00,1.078762458380921885e-01,-4.550864169592633957e+00,1.948655674987157749e+00,-1.018505662745828655e+00,-8.804019117304432429e-01,-2.097823569954651912e+00,4.718439952670583359e-01,7.662884754220766759e-01,-2.501138689934951032e+00,5.155207933489069916e-02,-5.412023790472433316e-01,-2.432128475167612436e+00,-8.733608553817959752e-01,-1.569645424352312135e+00,1.441922186548165952e+00,-3.517102116366260578e+00,6.772302013706481549e-01,5.094008876530841334e+00,-5.698037889588432048e-01,3.906342559208721976e+00,4.876236432607322868e+00,1.615820968181429507e+00,-2.408720347215293600e+00,-2.702870246382566011e-02,2.665414798032106347e-02,-1.365112288346595815e+00,3.301210327365190489e-01,-9.092577091179445681e-01,1.326763123794249655e+00,-4.733494742099829899e+00,-9.442415819953544620e-01,7.537128742414276328e-01,-7.955830957640657175e-01,4.379659496470688751e+00
1.416372637178988869e+00,2.391338214352661584e+00,8.163815514716279420e-01,-1.916206762031097410e-01,-1.600196433732623991e+00,-3.726360123987243256e+00,1.489232260432249655e+00,-7.255510077357048004e-01,4.739507736226133972e-01,1.644820365404990659e+00,-3.756362264960921404e+00,2.775318035891829460e+00,5.581564171595362334e-01,-1.870179395831170321e+00,-2.141220354313371210e+00,-6.356066686403725186e-01,1.310247081669344116e+00,-2.454368368244234766e+00,4.669877027789958390e+00,-2.745664568360112412e+00,3.067863637904248097e+00,1.537646088764481833e+00,-2.614296077285092057e+00,-1.712532060011071611e+00,4.116882911176783510e-01,-9.945976470522326363e-01,1.142862189307239262e+00,8.974281628008549117e-01,1.865944106779590772e+00,2.523593035324475320e+00,-1.995825501361677246e+00,-2.929496820885209907e+00,1.879080939708953402e+00,9.846522563423647512e-01,1.161436062623956378e+00,-1.143911407921738288e+00,-3.107757571654160333e+00,-8.381403391837339845e-01,-8.348549984395730039e-01,-8.825213768512185641e-01,1.157589278916983933e-01,-3.848542134372330281e+00,2.706456625753073109e+00,-1.747553221012308811e+00,5.166145720485616266e+00,-4.580247924361167122e-01,-1.098531543463042714e+00,1.774959167778668911e+00,9.170318430593702441e-01,1.238799737284228764e+00,3.892297140212702011e+00,4.213072977203323743e-01,-3.956177556713797450e-01,6.233617435973853871e-02,-2.758525255597601422e-01,-1.884930174401960201e+00,-5.254586161023716562e-01,2.024664108816118357e+00,-5.074523126856782529e-01,-8.319790159188151790e-01,-1.383758875127728771e+00,-3.160189755882019114e+00,-2.349214552194056616e+00,3.736908884117248197e-01
1.160801965646944378e+00,1.867910139234243871e+00,-4.363617311772503005e-01,2.051787428327642715e-01,9.955543169161584771e-03,-2.449097108251025556e+00,4.187766590913037490e+00,-1.492032236383779242e+00,1.268939078243034979e+00,2.327984743933099454e-01,-3.657115813960734485e+00,1.479861496106666729e+00,-1.197881193288352852e+00,1.561584941508082913e+00,-1.972283630228520490e+00,-2.080083074580014291e+00,2.433126657198306564e+00,-2.828285769475872957e+00,2.826906194107590586e+00,1.861355546240409886e+00,3.736558309759869800e-01,3.124919825032228538e+00,-2.043534832529121825e+00,-3.491867897062235215e+00,3.264683965027576296e+00,-5.439886141292993305e-02,-4.867724461232958433e-01,5.766703356533621205e-01,1.392848387655231335e+00,2.496886786580903905e+00,4.350752813093317073e-02,-3.554467029125341071e+00,3.076238718126798499e+00,-2.790805469369015412e-01,-4.557331920517919133e-01,-8.742943811625734085e-01,-6.469016610543834034e-01,-1.520059785602412950e+00,-4.233005877061559730e+00,5.407964233358011352e-01,-1.839341515705805730e-01,-2.371136840897139386e+00,4.635500291315653776e+00,-5.975560548157139440e-01,3.324777674801826510e+00,-3.973773648119252933e+00,8.229993020576793494e-01,2.430480895117172579e+00,-2.069324058787004539e+00,-8.911206665142321626e-01,3.383716539983375959e+00,5.276760899481156564e-01,-1.601476608777519850e+00,1.417943983064729352e+00,1.386794090732641482e+00,-4.058363276812749554e+00,9.748012281415106006e-01,4.767823970467667816e-01,-2.162247542679740064e+00,-3.401157987730242915e+00,-2.071974315568732905e+00,1.788943468423888072e+00,-1.498426878119322181e+00,-2.851316390243259224e+00
-9.576600322303541191e-01,3.398564601179978606e+00,-1.131744400780843041e+00,-1.185966710928856305e+00,2.033536710169892014e+00,-6.013959941302089440e-01,2.420942623328449450e+00,-5.809295956589715093e-01,7.643730136093963567e-01,9.652837563610199290e-01,-3.252001016694815672e+00,1.279986242456675472e-01,2.119208647452299310e+00,1.172401417771312904e+00,-2.117873865958371127e+00,2.607142501707310212e-01,-1.995077013927590848e-01,-1.341223075910390028e+00,2.386248282073619720e+00,-7.803712703074271451e-01,2.196234293326286835e+00,1.697243461754718963e+00,-3.084910149833935300e+00,-3.841765347673957720e+00,-2.516386518112145865e-03,9.869297472427529527e-01,2.502004131738219339e+00,1.964375495270537009e+00,1.054943838468475059e+00,1.606660197700541026e+00,-3.441112697880190474e+00,-4.341552131376477774e+00,-2.860997124614115261e-01,-6.689345204289565139e-01,2.020010238230387500e-01,-8.692857031820850899e-01,-3.644825581743532883e+00,9.101214533247431460e-01,-1.242195099795219804e+00,-3.553713104223871877e+00,5.654169947800825602e-01,-3.494420945794264988e+00,3.114192002895781908e+00,-1.005048287134294505e+00,3.289870387702905408e+00,-3.035497384575634339e+00,3.000904201557549111e+00,2.596087515900736165e+00,-1.026908454951593441e+00,4.399727495273101141e+00,4.726115452271772988e+00,4.197405030722550778e-01,2.777006249584779152e-01,-3.976509450361575659e+00,-1.407411254618560426e+00,-3.566913842108271115e+00,-1.485755877449131956e+00,-3.293682250194152061e-02,1.224921837958858672e+00,-4.053429296237442969e-02,-2.511627792212695276e+00,-1.313516491780069240e+00,-1.673929222933139283e+00,-4.251308538420219829e-01
2.482856614977253074e+00,3.391060429805250465e-01,-2.069905259303944867e+00,-3.939461885901214711e+00,1.601632392542362560e-02,-2.293795215556829525e+00,1.660728116828834589e+00,-3.742228183194450608e+00,4.095568892811540795e-02,2.719456075832469288e-01,-3.604547905508955985e+00,4.461429316280274282e-01,-2.919060960657888781e-01,-7.615503924749500442e-02,1.144346090931204429e+00,1.511995972758306550e-06,1.705218149969348840e+00,-3.174226236311738170e+00,3.677164061479881063e+00,9.707311175513999579e-01,2.326407363314110022e+00,1.872157850763550568e+00,-3.779470279753631701e+00,-1.695059098127366326e+00,2.366513553691304672e+00,6.748333194910063337e-01,2.636463074308965204e+00,3.088376269266871255e+00,1.952769931692682759e-01,1.845264638834408499e+00,-5.477403846461070813e-01,-3.462844283038683635e+00,-1.954192620158590188e-01,-9.397431013593420257e-01,1.416725320427696388e+00,-2.902224677732303526e+00,-3.636104156527110831e+00,2.353676169653908523e-01,-1.820874778688536866e+00,-4.223483244316665886e-01,2.635904040616328659e-01,-1.006022334784477668e+00,5.346580370296220686e+00,-2.790178907267713448e+00,5.555673198764829124e+00,-2.169960884520517386e+00,1.105846828867343534e+00,3.146586356970659359e+00,-1.130046107185772808e+00,9.134776386538325799e-01,1.393717344592731777e+00,-1.387318817028159401e+00,-1.413580254460345076e+00,-2.320655190938051504e+00,-9.104904292831782486e-01,-2.453096560579965502e+00,-1.621429919447511026e+00,2.100825196546724172e+00,1.646566012239986554e+00,-3.434684331758185216e+00,-8.411383336180677794e-01,-1.430098869311113630e+00,4.572979312248173223e-01,5.539360417153565308e+00
1.038614628120101635e+00,2.085497428880640491e+00,-2.569342902662735684e-01,6.426722172664343091e-01,-2.972129017776460547e+00,1.325256170032557135e+00,1.162805336751120411e-01,-2.611560721374287297e+00,-2.729258252263015994e+00,-2.759115395985600294e+00,-2.446398135142080488e+00,1.925851493757885002e+00,-9.961213007224473115e-01,9.565809379054388550e-01,-1.105431742887493130e+00,-3.660342376430917311e-01,6.067022725986320753e-01,-1.078555331571183107e+00,7.875782511014839393e-01,-1.833727105440404292e+00,-1.385987300388369370e-02,4.633278464691020559e+00,-2.321373890602145273e-01,-1.730978843335231776e+00,2.160087479141278077e+00,2.787385157459921103e+00,2.934445251105944230e+00,1.686520367878994175e-01,3.529372590969273915e+00,1.368663653033337591e+00,-3.857502423619356691e-01,-3.481199795878295866e+00,4.711108406985564656e-01,-6.681816349616511719e-01,1.178565039953056726e+00,-2.097205122198189553e+00,-5.397927749543411480e+00,1.262859271043140330e+00,-2.166539600324072889e+00,-1.101790192804256163e+00,1.637677864033401764e+00,-4.738429820945840198e+00,3.777752077841837419e+00,-1.278389051223485673e+00,3.610010160846846450e+00,-1.638375680464740469e+00,-1.986864686810645431e-01,4.517708962320686084e+00,6.287285853809335689e-01,1.983678701768111896e+00,2.344296065015724295e+00,1.226986085938079896e-01,-9.404348589951083692e-01,-1.181056862791043827e+00,1.014390619732428167e-01,-2.873124643434319392e+00,-2.170166366856710882e-01,1.994510568317369836e+00,1.904491911955044525e+00,-4.378867304672674265e+00,-1.979852145391356177e-01,-2.826671649612137571e+00,-6.422917465676969417e-01,3.120099573577725049e+00
5.940498329368106845e-01,2.391326795967183116e+00,-3.108434586215027551e-01,-2.442665348778300327e+00,-6.307134574794466264e-01,-2.197173330633043875e+00,1.698967579423602325e+00,-1.986100411968336310e+00,-2.000717744048060798e+00,1.387880540029944987e+00,-5.292967350202440358e+00,7.256557443641468153e-01,-1.135296071416580510e+00,1.498449886972934131e+00,7.206892911811749736e-01,9.791724146514784177e-01,2.871285807107797350e-01,-3.006018574050129288e+00,3.819872686991475419e+00,6.565632586675962390e-01,-1.926408758031791901e+00,2.881342267367217325e+00,-3.802049981191691685e+00,-1.741715178780562256e+00,2.284934558918350955e+00,-1.351556626134607919e-01,5.696928503970684066e-01,2.266211411795139519e+00,-1.151858875312448127e-01,2.836730027088298911e-01,-1.067670436150049973e+00,-3.373264517414668706e+00,1.071661713069322897e-01,-7.461888489584582729e-01,-4.885993315922242397e-01,-1.643390007790345608e+00,-5.398475999286776350e+00,-8.233799841560560107e-02,-5.995690995991818095e-01,-1.840829490144879177e+00,7.755179023285951878e-01,-2.461777816665522423e+00,3.898665320154690583e+00,4.502324587809085621e-01,5.460932320794903205e+00,-4.460409662263566943e+00,1.711761271782513694e+00,4.254193411905758282e+00,4.141012607783689958e+00,9.076129238349355255e-01,4.476678065369682713e+00,2.027090874024770173e+00,7.833181147902196217e-01,3.176596789376582297e-01,-6.939829565973776315e-01,-2.955089987095264270e+00,1.089818829869953598e+00,8.735910249144025475e-01,6.279721998399954153e-01,-2.570121360315523962e+00,-1.026507803866645974e+00,-2.868997850003231598e+00,6.812989974294176854e-01,1.719404797575206034e+00
1.256016194474756098e-01,4.277863298187535079e+00,-1.926628470895729528e+00,-1.210420783695599134e+00,1.412740109041084047e+00,-2.793694189705119069e+00,5.757217801125424916e-01,-2.881056428972504690e+00,2.235989780019359829e-01,-1.160612697099719037e+00,-2.748022360418837184e+00,1.679319404067602051e+00,3.137912431681419978e-01,-9.959865852030531652e-01,-1.906639265668058858e+00,-3.010398112432487672e+00,5.778484080705211801e-01,-1.962653458502942483e+00,2.990313819205942192e+00,-6.239723597841093650e-01,9.414495848295131308e-01,9.265700595140060614e-01,-1.451276872916779759e+00,-3.770476647272271720e-01,1.356247169572683209e+00,1.412072678754873412e+00,2.314338804420716489e+00,3.265148932253768566e-01,-8.931206565566336408e-01,1.833902499617031001e+00,-9.903094352766845798e-01,-4.395947680855297079e+00,2.429793127704633182e+00,-2.812090221951535352e-01,-6.330551712637713102e-01,-2.929493167196936199e+00,-1.116411600797073245e+00,5.091183934108728382e-01,-8.511354912973929654e-01,-1.475349211087184420e+00,-2.627706674436959267e-01,-6.351963935618027968e+00,4.929530663915695499e+00,-1.491999981548439935e+00,3.250040653802853896e+00,-1.949596818120025610e+00,-1.091946442826509100e-01,2.587984853869921054e+00,-2.442281401083939318e+00,2.851695195427319529e-01,3.299304074782241081e+00,-4.899913535951063159e-01,-4.746865241933611035e-01,-8.798774594099902924e-01,-1.254135655306223063e+00,-1.382030149638759031e+00,-1.670856932550044416e+00,-1.072910872889487832e+00,9.650956468542597477e-01,-1.040697503411659230e+00,-1.167978000826842777e+00,-2.189303032871379173e+00,-1.400489808391883306e+00,-2.667974056967969965e-02
1.335569582971924296e+00,2.756523435264329080e+00,2.835934417781036387e-01,1.148207970274706557e+00,-5.504621887185234819e-02,-1.379826263143144160e+00,1.683333872271579157e+00,-1.259964654089574587e+00,-1.178604286763500708e+00,1.564757088886731262e-01,-4.964751062626467260e+00,2.240034432266317488e+00,1.688683447022327477e-01,-3.924649498303304229e-01,-3.736481011558563381e-01,2.109708838689967170e+00,3.150502347779058354e+00,-3.467364162134750849e+00,2.168397817901824176e+00,-3.253247195393098590e-01,6.044479293574203105e-01,3.283356772153336767e+00,-2.969082195128275981e+00,-2.847973116896759471e+00,-7.601229172186139138e-01,1.517008771757746732e+00,2.042607299366944851e+00,1.563409353359177079e+00,3.112164819919494008e-02,7.559644461937397031e-01,-5.364140426083952029e-01,-2.002655457800643024e+00,7.541406476421372851e-01,4.831963097805749285e-01,-2.052027559189892880e-01,-9.832111659159583628e-01,-3.783799918021303110e+00,-8.139057627929826566e-01,-1.222238659379570880e+00,-3.294749664008034262e+00,6.557169386696917179e-01,-3.586613165884455334e+00,1.379154119452280947e+00,-9.933045850662348686e-01,1.802187809105615157e+00,-3.576164859156607090e+00,5.969769369350770294e-01,3.068877987697619769e+00,-1.129846076983723968e+00,6.841617962853705492e-01,3.067955126056193471e+00,-1.155139660888888642e+00,-1.014833676353442016e+00,-5.515676758105984012e-01,-3.688450909700713432e-02,-2.474115259710394810e+00,9.798050457863745066e-01,2.575048903860210014e+00,1.257253420767475038e+00,-1.880890597655925367e+00,5.482359377666998768e-01,-1.196946636056990476e+00,-3.804223990988356618e+00,-1.008980385519305134e+00
3.152923643814624199e+00,4.345371225437951068e+00,1.516347285616076457e+00,-1.026448875300424390e+00,-1.850548472102109265e+00,-1.839446792725739188e+00,1.266631361240299070e+00,-2.894835716801313019e+00,1.306810695103965969e-02,-1.168127093994904664e+00,-3.483995653514632806e+00,-1.637469954775061520e-02,4.060055899140866398e-01,3.686766504546565848e-01,-9.219411826400558674e-02,1.589690584727205369e+00,2.000489575322224489e+00,-1.231680658698343978e+00,3.407611750633133596e+00,-1.519414367027297041e+00,-1.882527651005060143e+00,4.270073170025971976e+00,-1.584439509169706994e+00,-3.405821104146268041e+00,-9.842733089138433478e-01,6.071240835246479728e-01,2.981798348551395250e+00,1.401504539598430465e+00,2.873021549255062368e+00,3.082554448303140404e+00,-1.639391047928389078e+00,-2.894000440387995532e+00,1.618582104725357462e+00,-3.228704127779558064e-02,2.252031561671972160e-01,-2.962378911166212880e+00,-3.499503973152220837e+00,7.657995417715602882e-01,-1.733552581655294134e+00,-1.511377643224128597e+00,1.202158241337349942e+00,-4.070589714141345183e+00,1.368134005976473722e+00,1.564360187270938951e-01,4.019359996121881551e+00,-1.424480896721056489e-01,8.809228440352459000e-01,2.570388145107763478e+00,-4.728124323950184671e-01,3.625617041587220868e+00,2.961769239671093512e+00,1.673761538212961697e-01,-4.457140911785030801e-01,-6.039997966383318095e-01,-9.435230495450931398e-01,-1.234881675359400077e+00,6.604072915923089315e-01,1.468548969344545707e+00,-2.310513910892411538e+00,-4.112467482528063378e+00,7.841612735945124868e-01,-3.458453782724363990e+00,-2.827737947306016686e+00,2.745221547227485459e+00
1.805580754374269681e+00,-4.432163370331689833e-01,1.185616616779231913e+00,-1.841832684999066494e+00,-1.127238054778943344e+00,-2.833660593595871191e+00,1.720536589116905102e+00,-2.027555478911378106e-01,2.373767515493197866e+00,1.813017720825427892e+00,-3.887601394296384516e+00,5.938505271771534755e-01,1.616602231219962160e+00,-6.003063672543875740e-01,-2.176150993546120960e-01,1.245550966446495877e-01,1.162549380296995061e+00,-9.783096201167880146e-01,1.058125387926767580e+00,-2.111656388617962676e+00,2.760651064374940233e+00,4.783290102416692946e+00,-2.072354221442461508e+00,-3.568937826644849931e+00,2.852409969447873728e+00,-2.441158669878048526e-01,3.221581567375606525e+00,-6.969852890211392094e-02,1.431221177679935508e-01,1.623574820079930925e+00,-1.091791508024226864e+00,-2.850350268557960476e+00,1.386318982666629562e+00,1.503723179464284687e-01,1.379720839418123735e+00,2.673880309149005985e-01,-5.656167644578268039e+00,-4.486288785117606981e-01,-3.666346199391421479e+00,-1.177462506923656393e+00,4.065265179131021256e-01,-1.938285858314202859e+00,2.997359723490234718e+00,-1.723562461984664562e+00,3.669531265866708303e+00,-5.599102996851319070e+00,2.422948252355778820e+00,3.595751793278618713e+00,-1.722745460937062489e+00,-6.372754557454722857e-01,1.417451129277824462e+00,1.921621628392662817e+00,2.523755826465499119e+00,-4.616437306731802082e-02,-1.360474755068034725e+00,-2.948299426056527395e+00,-5.603671510871932604e-03,2.035903102899167205e+00,2.263750262860369400e+00,-3.714846292093410440e+00,-3.383104169656918625e-01,-2.757654790326918626e+00,-2.537117902220810350e+00,-2.250849438603125918e+00
2.848783539475487459e+00,1.806331522183702409e+00,-1.093419847058549665e+00,-1.247617423143993154e+00,-2.753207307919979474e+00,-1.681819953107750232e+00,5.065338207849807706e-01,-1.467613320720192460e+00,3.728439010068150816e-01,-3.095373075035099952e-01,-2.262375419671133425e+00,-1.286927624815170201e+00,-3.508062150479240415e+00,-1.085666296092973049e+00,1.728805285347070564e+00,-2.226688943557046940e+00,-8.589708370373219104e-01,-3.496473566186513615e+00,2.847153782010712675e+00,-4.524359419520728731e-01,-1.408053911535678271e+00,1.016331967114102897e+00,-2.217728761196619658e+00,-4.066779332200327168e+00,2.221144832141898284e+00,2.636604394075408031e+00,2.015987559853714917e+00,2.767471298460299600e+00,-9.974583537651620091e-01,2.614074425238753996e+00,-1.531900604144543099e+00,-4.004881412635381999e+00,2.395545736523237323e+00,-8.680261047592230383e-01,-1.974480006173360280e+00,-2.764117550902724041e+00,-3.725073437187758962e+00,-8.438017521528200504e-01,-3.346950984407162544e+00,-2.095295775646244252e-01,4.942543941556284404e-01,-4.721126018451393236e+00,7.539147726510440073e-01,-2.139137710385976554e+00,3.118520354523904192e+00,-2.616607367413537943e+00,-1.386582385670680484e+00,3.842081235271094908e+00,-3.751510120203549459e-01,-6.208209008481193614e-01,3.783562019746399496e+00,-1.011199091581536091e+00,9.074038728510639418e-01,1.149360470897575315e+00,9.703971399284383459e-01,-5.204653166211321569e-01,2.527889395668284855e+00,-4.629648487421180736e-01,-2.018494214847938562e+00,-4.181442312186001153e+00,7.127253916856084448e-01,-3.852580760521248315e+00,-1.766584655890897304e+00,8.203503470761976946e-01
-1.325528278731896936e+00,-1.372306277233246163e-01,-5.856753360743517656e-02,-4.782796267657034583e-01,-3.466096963087621496e+00,-7.247668647449247992e-01,4.249039538142078243e+00,-1.114490044953086345e+00,2.609335993727928127e+00,-5.294806391655350053e-01,-4.234673657071255093e+00,9.249993822929745146e-01,-9.727969118665582560e-01,6.380336369858465861e-01,1.500021347979310082e-01,1.912780758646079882e-01,4.617646150694024731e-01,-1.371672924332464127e+00,1.348146892969740218e+00,-1.176018124090777217e+00,1.322152352341690484e+00,5.574488982667125114e+00,-1.906354796047971423e+00,-2.352188614178424508e+00,7.951137467877987808e-01,1.776946727580166252e+00,3.579839612320686371e+00,2.554821127211242437e+00,-5.054624166173793398e-01,7.796987328553749430e-01,-6.991421382695225395e-01,-1.923473991492384183e+00,-1.281761223260402094e+00,-3.474054903751610635e+00,-1.827675279641355566e+00,-1.484823618280420421e+00,-3.049115524380046072e+00,5.078234741863224544e-01,-2.405427274138285831e+00,-1.494177932132710218e+00,1.436366427805288781e+00,-4.776895975104813452e+00,3.296582971884169488e+00,-1.911307591959893415e+00,1.735331921062478466e+00,-2.270213747556682371e+00,1.196839448260000882e+00,3.910533183049653250e+00,1.164806260360119028e+00,5.467273284128151278e-01,3.822218469696688992e+00,-2.861255026029633886e+00,-2.301326801930348442e-01,-3.122447424616474621e-01,9.225139654825302848e-01,-2.872745061860202398e+00,-1.328015124814597270e+00,2.046069542598719870e+00,-4.121996292139398221e-01,-3.437730911476381213e+00,1.041063310343892212e+00,-1.087767866985922538e+00,-1.756638829042691752e+00,2.819713091630962953e+00
3.449065718332311903e+00,2.600534955724269626e+00,5.946510436628760221e-01,-8.774375657906293702e-01,-1.200260376518193395e+00,-5.209040426548749991e-01,-1.089163334829534868e+00,-4.333875780417487888e+00,-8.994990699169518322e-01,-5.317068418645567451e-01,-4.785494722907816190e+00,1.154372266605530051e-01,3.985231074635049442e-01,4.010144037805635775e-01,3.262442795038883681e+00,-1.011525118294392289e+00,-9.284345733134213852e-02,-1.501558427720110167e+00,1.895749447720701530e+00,1.063167699249323750e+00,1.299473865588992805e+00,3.770060609431251653e+00,-7.952749170622022135e-01,-1.319244514803279866e+00,1.922025318543297168e+00,2.974443912063948314e+00,2.051534970326605922e+00,1.292976942950461172e+00,-1.825062103348221498e+00,7.126203529343759779e-01,-3.249180579012079795e-01,-3.459300893773359586e+00,5.102153080257615381e-01,-1.635851846631205753e+00,-1.984615528615240265e+00,-1.555204984016244074e+00,-3.453025580921347704e+00,6.633445173133873940e-01,-1.117826633871295439e+00,-1.291442168910480692e+00,8.654718495075344187e-01,-2.080772258853289092e+00,2.981879459685082168e+00,-4.398021518572525324e+00,4.062386229997976272e+00,-1.413051690284681250e+00,8.731110470996823469e-01,4.070735932750870312e+00,-6.321533175773883517e-01,4.474190840471978348e+00,4.174085327573069826e+00,-7.619385226178202464e-01,-4.088569320113453753e-01,2.010737745114071551e+00,-4.290005045030164332e+00,-9.619789509442202569e-01,-7.594179011782259403e-02,-2.016783485545755816e+00,-2.344134857437325525e-01,-4.142188108968065663e+00,-1.092093156133242093e+00,-2.056981737795788412e+00,-1.831381819366145081e+00,1.785754586514202380e+00
1.939971501969994794e+00,3.256146207332693443e+00,-3.274543960694979994e+00,-5.200380549715818423e-01,-1.329636768248395828e+00,-1.270711160969867137e+00,-2.072980992729829275e-01,-1.792710994987045003e+00,8.127726343003555121e-01,-1.103150843833929029e+00,-3.801422352807314997e+00,1.070435906707454921e+00,-2.829641478271517352e-01,9.302175543544418668e-01,-1.364917980038596435e+00,2.073588950259650954e+00,-1.476085744455340354e+00,-1.125610653499370173e+00,1.984993239732858905e+00,-1.644540992698175330e+00,2.334136805896810163e+00,3.158974434623166960e+00,-1.870994572906021780e+00,-1.705576804571401484e+00,1.444630578453368841e+00,2.218614538352609244e+00,1.986009783123813266e+00,3.379948545880826494e-01,2.741618654072564887e+00,1.944094119664893761e+00,-1.437296339906724008e+00,-4.114810153205755938e+00,-5.557214530240592865e-01,-2.516106352685912206e+00,-2.478278188731148468e+00,4.999085760748662732e-01,-2.043828708608695699e+00,-1.128649875332681018e+00,-2.195209396680207092e+00,-1.789409462744282697e+00,1.377200266349256408e+00,-3.141357114702903797e+00,3.484490735966867536e+00,-5.780004087819156089e-01,1.806696628695275475e+00,-2.492570199871273040e+00,4.899552292274689247e-02,9.710318062491387625e-01,-1.319837043650566200e+00,1.436335809603891178e+00,4.851205490051249569e+00,-1.045479199008637172e+00,9.967928235291647621e-01,-2.207880604027779192e+00,-7.442485232140356288e+00,-1.982503867572629641e+00,1.105398544744457423e+00,7.995885714810448963e-01,3.101568150797857193e+00,-4.477161552232374220e+00,-3.603416513819820977e-01,-6.024494297459823677e-01,-1.568627632733852195e-01,1.191736584090334450e+00
1.577176247614619164e+00,8.662743936582073534e-01,2.208982436170496388e+00,-8.987468750395025685e-01,1.427015854545594653e+00,-3.008896528835619755e+00,2.243301055178593018e+00,1.204774779195221246e-01,-6.668727294135072814e-01,3.730687839286201957e-01,-4.700309567329609806e+00,8.657804933830698380e-01,-5.891668997642715011e-01,1.587111602507990771e+00,-1.325287773492334065e-01,1.100256158514241633e+00,2.528156197028127217e+00,-2.343738777303407517e+00,2.701001406161029905e+00,1.230381669123538746e+00,-1.987833953760146155e+00,1.189934886356834864e+00,-2.895061031290294462e+00,-2.057255379127896688e+00,1.724758335691453981e+00,1.489782888928083526e+00,1.567404274361768657e+00,1.258849074536408041e+00,2.122578051415186629e+00,2.211166648588294592e+00,-1.216163688486062266e+00,-2.780729661445601852e+00,1.042544407872335155e+00,-1.073481298806191031e+00,-6.289227317593537592e-01,-5.410602775987318758e-01,-2.348058325315624639e+00,1.578380243139743122e+00,-3.046478694601800541e+00,6.115087018509659522e-01,-5.868774035236539177e-01,-8.366825738044152416e-01,3.364524525639824848e+00,-4.340746260609408935e+00,3.015207385442552734e+00,-2.923816303732440502e-02,-3.648813140998172777e-01,3.758342182470235215e+00,-3.556521951362100475e-01,1.843022857529284186e+00,4.625971549627056589e+00,-1.120909782317523889e-01,-5.199935663781150019e-01,-1.881692183280817776e+00,-2.581024954932935600e+00,-1.590273415163559800e+00,-1.998797493648738488e-01,7.844856413094803971e-01,2.351346032497770633e+00,-2.804461163560857617e+00,-1.271825684402437151e+00,-8.043855168905745812e-01,-3.830419801186895068e+00,2.915595964557081921e+00
-7.054440802134349653e-01,1.800958388150921685e+00,1.560088173509441178e+00,-1.169956642127971236e+00,2.024346177214495501e-01,-1.597049775972838592e-01,2.184197602789206272e+00,-2.657290510269418427e+00,1.061134753168798461e+00,-2.269641165473387789e-01,-4.061503424015430852e+00,1.524866356171016957e+00,-3.965196369232460993e-01,9.576420051025857916e-01,8.999294053891609968e-01,1.483023470828956913e-01,1.290507393979884121e+00,-1.938631651449574056e+00,3.139871735635632710e+00,-5.505586898858774170e-01,1.688239092926439699e+00,2.743921354779872868e+00,-1.643552815863089211e+00,-3.467203842502694755e+00,1.894570349607627380e+00,-1.947837664074223429e-01,-2.293466218408086732e-01,3.853007086970657191e+00,-3.319811544243200796e-01,9.297665607308003288e-02,1.476691626921369238e+00,-3.935936405155251894e+00,1.384278598929659987e+00,-2.916422033840460060e+00,-3.840376377788118356e-01,-1.992349179733246434e+00,-2.651437025662260805e+00,-2.096843890126184884e-02,-3.073550527710354086e+00,-3.008279824331008712e+00,4.348687076838003152e-01,-3.789336767271999307e+00,2.853560804311241039e+00,-8.201599722250232372e-01,2.626456621913989764e+00,-4.758378209504201095e+00,-1.346822126947849085e+00,3.403780974999640829e+00,-2.299098931931563783e+00,1.690633590487997884e+00,3.505730636925318944e+00,-5.836270157290762706e-01,1.088296113306452151e+00,4.584348951494021662e-01,-1.176334010485139636e+00,4.753919070657555146e-01,-8.549122944005889124e-01,-4.728603005820624094e-01,2.164258794910713046e+00,-1.729366173603436474e+00,2.202978413660511503e+00,-2.031752459469053029e+00,-1.719363738425923049e+00,2.178877004343465096e+00
1.120893680346568111e+00,1.163036250718216813e-01,-1.411566026073682867e+00,-1.149163197770986189e+00,-4.069051119768833047e+00,-2.996701718704741779e-02,1.700807353522492349e+00,-2.443230522837925633e+00,-4.313765633108418429e-01,1.427594914389362923e+00,-2.410970990569870409e+00,1.836722172854120760e+00,1.129257057855158175e+00,3.605662823079661683e-01,2.654380510166237661e-02,-3.610284136049470849e+00,-2.276128674657860174e-01,-3.512341899058265327e+00,1.712316830792056876e+00,-1.877022521111312958e+00,6.140289766409385841e-01,2.380356034535369147e+00,-3.851573205640696163e+00,-3.245106448072399452e+00,1.607199771812412914e+00,-8.418687318426600896e-01,1.580720058732116851e+00,1.140066987491659356e+00,6.595267777404496545e-01,2.687504127692265765e+00,-6.867283558230996565e-01,-2.881905450034901506e+00,1.913540196923284809e+00,-1.854523575748167064e-01,-8.648826354705891895e-01,-3.627691517465971405e+00,-1.401906197944111643e+00,1.330625846169728455e-01,-1.240319962733772208e+00,-1.694687801385131642e+00,2.609108994987855645e+00,-5.510980913561370542e+00,2.982680336588487524e+00,-1.411754101209050649e-01,3.282475642573422281e+00,-2.389097626292906895e+00,6.951727315572814314e-02,2.936431503029350853e+00,1.019067589283297437e+00,6.090547993533832472e-01,1.204810808147732670e+00,4.116623548081294048e-01,-1.607520458929893037e+00,-1.138387888067920461e-01,-3.012608317828707527e+00,-6.531803099691206871e-01,-1.927953381207885952e+00,-7.670443383913032598e-01,1.100005612409375999e+00,-2.892466538390929376e+00,-1.771413606467215018e+00,-5.591609742490495361e-01,-1.957541504841973090e-01,1.354253942264218136e+00
3.930753616551429630e+00,3.519058062553076738e+00,8.337227778289582059e-01,-1.514553048198329810e+00,-1.108799419698374589e+00,-6.897689086780749435e-01,-7.196779948766773849e-02,-1.361963805174976727e+00,5.753722698125102175e-03,1.809585052450130294e-01,-2.781511709450115166e+00,1.217776115813316906e+00,-4.458407825830866256e-01,1.438339687814702339e+00,5.326888086386457610e-01,6.408197314100805286e-02,2.048625721355153750e+00,-3.959341860362410870e+00,1.993512288151113587e+00,3.239711328770178422e-01,2.783398697465211402e-01,4.725344898757581902e-01,-2.195783642482635134e+00,-1.559194006212329731e+00,6.525654056136102055e-01,-7.904634860790615836e-01,1.006868896209394348e+00,1.143425940041019606e+00,2.713165629176957694e+00,2.160598337321107287e+00,-2.096278814474707985e-01,-2.000529033701730519e+00,9.451148477902314715e-01,-1.372816336086386979e+00,-2.375654824371345342e+00,-2.682755311506158424e+00,-1.651892905493617558e+00,1.009125686949073675e+00,-1.628021177315014167e+00,1.764799170884746360e+00,2.018036108452953004e-02,-2.917896765410932680e+00,4.026325080285771740e+00,-2.616771627555277036e+00,2.005495397653328737e+00,-3.401476600593603461e+00,8.964968184650395910e-01,2.528229579347176958e+00,6.176318267253555483e-01,2.501430116114327973e+00,3.571503051841531828e+00,4.762950475822119722e-03,8.903304244107664855e-01,-1.742947176854083402e+00,-1.054345777396546335e+00,-2.358157539074498210e+00,-2.984763465688733852e+00,-7.257674822501047895e-01,1.754567345246186072e+00,-4.142134922335760194e+00,-4.419512243825822750e-01,-1.054903171157115072e+00,-1.470423920672172091e+00,2.140856405926177874e+00
2.018055482246169596e+00,2.783888921736374478e+00,9.536907093030783100e-01,-3.887647697145991676e-01,-9.501122599036552208e-01,-3.877920193133532756e+00,3.254421602059746732e+00,-2.049389336987525567e+00,1.349329548856862959e-01,-3.734853431269847812e-01,-2.343366961430912720e+00,1.914664112552567410e+00,9.257049825699725787e-01,2.295641268929864420e+00,2.183935723594394585e+00,3.177751474648641494e+00,-1.643862336740490093e+00,-2.236931029299042972e+00,1.727184724894639700e+00,2.844009058188141648e-01,8.571710713171247775e-01,3.937941771543931324e+00,-3.641047564888913790e+00,-2.265735168107820829e+00,-2.585791109678321487e-01,7.114926470811453463e-01,3.218702554512956393e+00,1.799749374963501847e+00,2.228122138439035282e+00,2.813979827940599421e+00,-1.649295425622373079e+00,-2.512395296695309810e+00,-1.208847473060847832e-02,-1.293751226202533244e+00,-2.223223752465504965e+00,-1.628691100804869896e+00,-4.792135552465902393e+00,1.067415191560654897e+00,-2.652486403650407887e+00,-4.535598708402260870e-01,9.426187998174835325e-01,-3.079947106240741750e+00,2.653366473426855165e+00,-1.211462625228255874e+00,2.853842857415226586e+00,-3.071127651734617992e+00,-9.638535569131834180e-01,4.251591431940608956e+00,1.024125818205658955e+00,3.056855762859226111e+00,3.275795153208179933e+00,-2.185230611015661850e+00,-1.161022492960389618e-01,5.361006993233055073e-01,-1.555723738410946577e+00,-2.469894454792616934e+00,1.493159096808406749e+00,-2.576826439532490021e+00,4.291922672232311164e-01,-7.306251292931640329e-01,2.027405080537804771e+00,-4.063108789691584732e+00,-1.648330931758131612e+00,1.975631215140298824e+00
5.151448908371384361e-01,1.266220761076265244e+00,2.714931860359940385e-01,-2.708724139700406930e+00,1.240475945589001316e-01,-2.743124779045724715e-01,1.243640381371928783e+00,-5.316060791570754951e+00,2.518824729994162404e-01,-1.789244977284587979e+00,-5.226851344502367880e+00,1.668334817786770063e+00,1.298804749987493734e+00,6.168681424096319477e-01,6.935771622384663271e-01,-1.280630521036699054e+00,2.239503215275279402e+00,-2.916749268440244514e+00,2.671059440011114727e+00,1.191108740102388985e-01,1.678192020404183360e-01,4.837785507224810821e+00,-2.138943744014353943e+00,-2.259786061139068103e+00,9.736939195119046486e-01,1.278791676548228562e+00,6.055812837658528514e-01,3.077090270947441919e+00,7.178708456294251583e-01,3.765991013471086557e+00,-2.797627714713189384e+00,-3.612488000650990294e+00,1.748596621355261505e+00,-2.781398257473798097e+00,5.532207094805126069e-01,-2.012805777447240096e+00,-3.747148743916334901e+00,-3.566277384080671631e+00,-2.842249375811300993e+00,7.712951491517727742e-01,-9.572867235877777770e-01,-3.638149686258797200e+00,4.353847780068850426e+00,-3.696167685498310540e-01,1.807645189601368108e+00,-4.548768046721572311e+00,-1.786714457363772546e+00,1.661850706487415064e+00,8.030731344135252359e-01,2.195853704468875733e+00,2.925399298986546270e+00,-1.997051223321986424e-01,5.021726575074421106e-01,-1.392915651955334733e+00,-3.367697561065000844e+00,7.893449188221448587e-01,-1.680563350122276312e+00,3.490571735495738181e+00,1.645623539696683402e-01,-1.438887540426334599e+00,1.322400082222715545e-01,-3.601432502163728788e+00,-2.932440831834494777e+00,3.056182918947451199e+00
2.863414782642657030e+00,1.692096410661303452e+00,6.222032051281438658e-01,-3.074382009869844445e+00,-5.895538235489127254e-01,-2.297848267426175095e+00,3.563265602591212833e+00,-3.083542754557522692e+00,-7.220665128602741234e-01,-4.326748602977235902e-03,-2.127419043406526988e+00,-1.093904562779858036e+00,1.494418010348944059e-01,3.565765729730190903e-01,-6.848111598801740474e-01,3.985660661513101832e-02,7.617234152434400052e-01,-2.960579872417274050e+00,4.034283491628247731e+00,-4.270208660763125330e+00,-8.188469078052207362e-01,3.826243960961606128e+00,-1.737678274264568223e+00,-3.871565936373251304e+00,1.108409643170898518e+00,1.278732402712289939e+00,1.214469760133725540e+00,2.288129742298517399e+00,1.401976647229504547e+00,3.287874726106234657e-01,-2.430110167890370043e+00,-4.360900055148127841e+00,2.874782100789132766e-01,-1.256228755519228191e+00,1.594173924830048161e+00,-1.732617434589645011e-01,-2.160764445952159551e+00,1.201582938890209507e+00,-4.733750142402368688e-01,-2.300723141275406114e+00,2.247027605819563512e+00,-2.618444223442775609e+00,3.541551432609833405e+00,-2.943026671459614274e-01,2.768369734922445424e+00,-2.191213582616710731e+00,6.384851708270253834e-01,3.864259113511883559e+00,2.529756901927165735e+00,1.007300081209335119e+00,2.747385245023851841e+00,2.072937942382606646e+00,-7.428474081575781041e-02,-1.044932283635363390e+00,6.507405921571178808e-01,-1.530289583997932468e+00,1.740660741642533260e+00,2.108213829262379324e+00,1.104768807626868909e+00,-2.035748656314121163e+00,-6.501954242426390973e-01,-1.249173713063236990e+00,-7.748535019912526911e-01,-1.028672228426841251e-01
-4.592492360984776756e-01,-2.384872974703595716e-01,-4.461631356611818755e-01,-1.261107184979465945e+00,-9.555539330704696521e-01,5.627921768840249417e-01,2.080185645879422562e+00,-3.419895521442014363e+00,6.481891215199886425e-01,-1.174485702986015345e-01,-5.391789227238552584e+00,6.558565193510085267e-01,4.254886049151836991e-01,-1.720271203253944670e+00,-6.337058980128240648e-01,-1.663050841216905162e+00,1.564928999601902015e+00,-1.984928844665655889e+00,5.682437383347703097e+00,2.656335593558272201e-01,-1.323696783021537371e+00,2.799058363575960939e+00,-2.691619029969348986e+00,2.548225981601865975e-01,1.259028165485286399e-01,1.180015848893759101e+00,2.291327951728079348e+00,8.200405669449319923e-01,1.343333500057851682e-01,1.950883115324475892e+00,-1.195785323500680786e+00,-2.766687895349883686e+00,1.008031838328451668e+00,-6.615283930639734855e-01,-1.023745213051994840e+00,-1.464982547553506098e-01,-2.333758105658414905e+00,-2.384343014207795375e-01,-1.939238795430802131e+00,-4.116959678438419923e-01,6.314784244685062164e-02,-4.037295171442596420e+00,2.402334738173804496e+00,-4.608106940417771025e-01,2.022869487262946464e+00,-1.420221640610881630e+00,-9.346193733564733819e-01,2.335835612250202420e+00,-3.341341853985093646e-01,3.485084850326344075e+00,2.451961516195404922e+00,9.139030236497531767e-01,-8.420708161209806697e-01,-1.466615533388331283e+00,-5.510879874212868401e-01,-2.663383133306782558e+00,-8.903614275755555862e-01,1.702835987354732294e+00,2.251335695760852129e+00,-2.380064810354085569e+00,-2.070808566326109990e+00,-1.957707930076023395e+00,-1.358921945560002564e+00,6.968819275299495963e-01
2.713753501796714929e+00,7.397567880491966452e-01,1.093729276046713661e+00,1.740924332637705518e-02,5.293814040369044793e-01,-2.804917681637056681e+00,2.839001883163384310e+00,-2.202332218626321669e+00,2.315709186125056163e-02,9.471213447335723457e-01,-4.351014940434082767e+00,2.543798030638964036e-01,4.476845645894168557e-01,-1.708906962121470308e-02,2.654521789661461018e+00,-2.197413627723257434e+00,1.956511622307904652e+00,-3.990763977953129427e+00,3.016240175754488106e+00,-1.543378018388258610e+00,2.527797283049008303e+00,2.317459298616053154e+00,-1.026984362383231542e+00,-3.393354851757353075e-01,-1.687979495367192939e+00,4.134825736485573944e-01,1.356009582027740246e+00,5.999265607132455713e-01,-4.025790798949986371e-01,1.103711937975946356e+00,-4.696348453085018582e-01,-7.404841546129232732e-01,1.303907613160525614e+00,-1.059176399068542773e+00,1.511826288696269227e+00,-1.761727468750419634e+00,-3.115638101554221606e+00,3.452071795547375643e-01,-4.037330352107773024e+00,3.266660642885919064e-01,1.562731835255958490e+00,-3.465081919055993609e+00,3.951922452579889278e+00,5.171592920607264166e-01,3.050636496049344171e+00,-3.013383069262671299e+00,6.658729901821279773e-01,2.900782192287581385e+00,3.965391812355394396e-01,2.312183607035834587e+00,2.181807813544030417e+00,-2.359918263678725814e-02,9.763454956067691981e-01,-1.137499476611678606e+00,-6.636985998420324995e-01,-3.171785374743369523e+00,2.265617964186362743e-01,6.256512344772978684e-01,2.819926012985898289e+00,-1.627701830551303352e+00,9.873555862530123406e-01,-2.307157072077643090e+00,-2.275741572997501461e+00,1.035506697335178972e+00
1.642544077385193813e+00,2.920043228712612127e+00,-3.772361651552684769e-01,3.303968596653306111e-02,-1.061558053835937487e+00,-2.696668043453713803e+00,1.843172329323682357e+00,-3.032322521922803382e+00,3.621228082613002219e-01,6.165515964234981328e-02,-2.572861616910390836e+00,1.136958079836677626e+00,4.378957500977866124e-02,9.712950814712913994e-01,5.526638125870063645e-01,-1.155779825190307308e+00,8.374151708130161964e-03,5.382392745559227976e-01,1.679818786891932980e+00,1.632313836245045113e-01,1.705284332315397222e+00,5.635076544314356894e-01,-6.465218820664808685e-01,-3.861541111681571437e+00,1.860349391715609535e+00,-2.001244059307863976e-01,2.224727225182525636e+00,2.876660047648382790e+00,3.355234695731531547e-01,3.404658868518447790e+00,-2.758535790175456359e+00,-4.662467775812919157e+00,2.157431007373481258e+00,-3.161871906668527465e-01,2.041070078077955596e-02,-2.973023296141715122e+00,-2.109707267077556736e+00,-3.480712000357204516e-01,-1.071913990435761743e+00,-1.933077373268794474e+00,4.248152125216093644e-01,-2.205270504535477016e-01,3.158523720900872522e+00,-2.658394288283325579e-01,1.659256344434746566e+00,-2.947767997919565452e+00,1.753054324981179857e+00,5.126982008679892289e+00,-2.429413762121347187e+00,2.359419191103404145e+00,3.889288269760138306e+00,-1.172296763841460976e+00,1.414523363944458101e+00,8.649520272262132270e-01,-1.614140555863324167e+00,-3.650538232816140649e+00,5.471743360685263902e-01,2.201841645413670223e-01,2.065065122576102752e+00,-2.672318298585012464e+00,-8.837300531341458765e-01,-2.666107084860491305e+00,-5.488063280774755359e-01,2.533530038961875341e-01
6.569404828503775384e-01,3.711999286920911967e+00,-9.178221541833446739e-01,1.401444580945812035e+00,-6.996670195599663522e-02,-1.873472438190753930e+00,1.128149457092430863e+00,-1.592504998125898963e+00,4.441843372564199255e-01,-9.226657126023551925e-02,-2.203152166005494017e+00,4.886877035987064466e-01,-5.171458207591856926e-01,1.277018476018973558e+00,-3.683223035665540435e-01,-9.238017397535409625e-01,2.247041694927843558e+00,-7.840853983796347570e-01,6.503479293482236301e+00,7.107281798803506412e-01,3.006548443925277869e+00,4.821788361872708428e+00,-3.154302936003873459e+00,-2.818606859461907810e+00,6.374118912736875808e-01,-5.185693219052711633e-01,3.985173484081747652e+00,2.992171400911497692e+00,1.725671167931216443e-01,2.639572300662905047e+00,-1.657792082456130078e+00,-5.390489825517206235e+00,-4.324561843240859460e-02,-7.748390832854410437e-01,1.460499427697878883e+00,-8.886974457274425809e-01,-1.351380765539551332e+00,2.521908747641293136e+00,-1.918845328091255187e+00,-2.151391409689462186e+00,-1.262520720892969184e+00,-2.315690723860142075e+00,2.562766902545504877e+00,-2.042087493366600892e+00,4.316111344064754718e+00,-2.088723623218966541e+00,-2.825407510163191471e-01,3.076778834948622254e+00,6.748009400351553388e-01,1.199076366945394101e+00,4.191851719742837545e+00,-2.581147593773263083e-01,3.602180975254243300e-01,2.603796981451120374e+00,-1.194438180336322652e+00,-2.957511271266441533e+00,5.150943906935890881e-01,-3.072170349244954801e-01,3.201682246337845150e+00,-3.741137044140981693e+00,8.891615518420588060e-01,-8.032454987771926458e-01,-3.084604458481740252e+00,2.107639227970480533e+00
6.496298956876229713e-01,1.967208950584706129e+00,-1.549771295581516550e-01,3.908137512164011618e-01,-1.942180842481386227e+00,-7.035306703611203805e-01,-5.060517413004381737e-01,-2.672491820419264918e+00,-4.145966889802445987e-01,-1.192630356914974765e+00,-1.881176679840857568e+00,1.864880787102084714e+00,2.087498281178758186e-02,-5.069574398801608428e-01,2.488091343551409040e-01,-3.663643645557450035e-01,3.514260935893831928e+00,-2.748884650118249340e+00,1.697349979897250449e+00,-1.888524328991395329e+00,2.513224341043024390e-01,4.512955172920322333e+00,-2.008631372367881252e+00,-1.668062196586072687e+00,-1.638521335263298795e-02,6.460257987465881646e-01,1.651431602586672209e+00,-1.633045782190425399e+00,1.265694852459142705e+00,4.620553689280155751e+00,-7.790975407796321139e-01,-3.408346680064496148e+00,3.989423865310516071e+00,-1.406071934299231163e+00,-1.756771386063993301e+00,-4.450951377128795627e+00,-1.869102427814000045e+00,3.138829751287497860e+00,-3.186834985904029693e+00,-1.874867464208797907e+00,3.202530458478147213e-01,-2.174717882945506275e+00,2.444715022600525423e+00,-4.524607443204743618e+00,2.890566025633971137e+00,-1.466469612126314548e+00,1.569732918579126890e+00,2.355589712963934268e+00,8.666292253411196356e-01,3.200538410495774144e+00,1.992904370358783206e+00,-7.906473276026808605e-01,1.260522075256674590e+00,-9.927179195929811684e-01,-5.971789744848083892e-01,-3.648394913401749928e+00,-1.601172292804037278e-01,6.032422106364211389e-01,-8.484955105585263446e-01,-1.385227674805347586e+00,-8.436193261317747050e-01,-1.599296127173503335e+00,-5.856913238835010915e+00,7.733930164704015953e-01
1.038999349481805057e+00,3.061612960580164078e+00,1.461574920081540330e-01,-1.145273479319197651e-02,-6.279409270117635167e-01,-2.741350797727410527e+00,2.214539510138928691e+00,-1.167213952579519542e+00,-1.876165347546823181e+00,-7.295836558717420095e-01,-2.633397400225439000e+00,3.784777111403074823e-01,-2.913197136854658309e-01,-1.052815391650497645e+00,2.140764477666796117e-01,-4.176094744615088672e-01,7.456385815174567666e-01,-3.343564602325061585e+00,9.769612114234469402e-01,-2.488517428379431351e+00,-2.152674424339613424e-01,2.625775445512717354e+00,-9.721770293774951721e-01,-2.675839823448090460e+00,1.075137756099123765e+00,1.446289828057853999e+00,9.436989342104263878e-01,-4.633400090246482250e-01,2.039360260150877124e+00,3.106115302771581543e-01,-2.451494972625805957e+00,-3.541263523759722531e+00,3.913899735575061101e+00,-1.111570208814457228e+00,7.748755890199583440e-01,-5.377195802453877960e-01,-3.824091410152041348e+00,-1.933707051105904906e+00,-2.672183244044488593e+00,-4.958917779799082437e-01,-9.331906377967519317e-02,-2.706968227329572763e+00,3.115586583116749964e+00,-2.592576098380567906e-01,5.223945019895765540e+00,-5.364052153234154297e+00,2.200906999546107523e-01,4.205764944393921567e+00,-1.666329815408194470e+00,3.394713554547113432e+00,4.626528644180245564e+00,8.517949838705238808e-01,2.556672385747859710e+00,-9.362469698795312656e-01,-3.682373594489096291e+00,-3.283535009361749690e+00,-6.685357707189227838e-01,-2.223033450234965791e-01,2.481346956423924333e+00,-2.714766261955702031e+00,1.113383141392751075e+00,-2.316947853976894844e+00,5.469770930165127609e-01,-1.626617858246949933e+00
-1.692490509887091044e+00,3.386659084045828827e+00,-2.675771892827172760e+00,1.076707493830264983e+00,-1.869727075271036210e+00,-3.258683116574737859e+00,8.165264530102638307e-01,-1.096110982094381070e+00,1.645173945045248276e+00,6.402959607815117415e-01,-1.931949868834898831e+00,1.343207559803907936e+00,1.217773841827324288e+00,2.707884721380921178e+00,1.057946460360808860e+00,4.724842919128660057e-01,1.753350123966612717e+00,-2.580621895570456736e+00,2.911425666013020219e+00,-1.889396842441166235e+00,1.984467871242312054e+00,1.008850299575829501e+00,-2.488598420851801496e+00,-2.194275363576413174e+00,1.472437428220137345e+00,6.846986943214816712e-02,-1.075953588740480082e+00,1.985757424732154108e+00,-1.240241830530167455e+00,3.109663397535441298e+00,2.323936337169949518e+00,-1.366724809903911986e+00,1.594142846715212558e+00,-1.836845164970563271e+00,-5.366558926252742445e-01,-1.814541609441274517e+00,-3.991432335895055861e+00,-1.405555570719362324e-01,-4.203821439670449855e+00,4.920362135797886616e-01,-1.393960448035971522e+00,-2.816157950487483852e+00,2.966468874688548585e+00,-8.422995071533114775e-01,1.642060675700044881e+00,-2.094065807921847266e+00,2.505228036729191032e+00,4.222503727831757203e+00,-4.837413188928175178e-01,1.055809333066862532e+00,3.461480652820492665e+00,-1.070875307657635833e+00,-8.285385433390829446e-01,1.192035433397081290e+00,5.731499150061067915e-01,-8.119049177954973384e-01,5.895486044399220749e-01,3.783468872558976237e+00,4.191185496522780163e+00,-2.374493569191135300e+00,-3.481095141121252068e-01,-1.696621111446555918e+00,1.697457284988176163e+00,3.170747536915762277e-01
1.282384548375087308e+00,-7.779492444137900975e-01,-6.146400512651306602e-01,-1.671602082820718760e+00,-2.377998964508567958e+00,-1.585571381922293188e+00,-1.791378604165653865e+00,-6.216031900339000771e-01,-1.472671468448128462e-01,-1.818253926104512086e+00,-2.615284245113342454e+00,2.934734788643633685e+00,1.281171284596042792e+00,-1.718532254959569183e+00,2.047478627441371657e+00,1.267567233024104345e+00,1.208114086322219949e+00,-8.615166201508921429e-01,1.128724765184490719e+00,3.688544471125656532e-01,-1.619551954902080038e+00,3.623993111787727983e+00,-6.499464618236021618e-01,-3.252191460237515042e+00,-1.255642583480722330e+00,-1.273130315265165180e-01,1.629096365976379079e-01,2.012496480217311756e+00,1.423183120716926542e-01,1.339935562564969818e+00,2.000735980101390865e+00,-7.603979253187658216e-01,7.993759916045076741e-01,-1.890778177074805111e+00,4.298199048405921818e-01,-2.355881947585820591e+00,-2.095065681547003678e+00,8.759308496549447209e-01,-7.113831175377223204e-01,-1.324291550054311539e+00,5.800922418553186022e-01,-3.296445012965134591e+00,2.790081356248937272e+00,9.055875296869526636e-01,3.589211682089858968e+00,-9.176605219364291077e-01,9.959719802479117812e-01,3.747200537381500496e+00,-7.151282270641945438e-01,-6.607683451436381361e-01,2.957617703903011375e+00,-2.072887695868224078e+00,-5.556422910114465763e-01,3.944119087713133798e-01,-1.917406745739128393e+00,-5.778533621284871469e-01,3.891140220606282840e-01,9.855502614347533274e-01,2.446952429494675396e-01,-3.346731184649839541e+00,-1.227201535926209619e+00,-3.151176178710886511e+00,-2.454379401032114494e+00,3.402669146282244483e-02
-3.429486067967101537e+00,1.364041330153894727e+00,-2.612619251354301175e-01,-5.710868709050251901e-01,-1.452750079065824984e+00,-3.116025368502925552e+00,3.370577105023496056e+00,-2.704345573485357868e+00,2.489053118784383845e+00,-9.623622199829537927e-01,-3.108495631498570333e+00,1.388106436079571626e+00,-5.207738688237845137e-01,2.778912633847113955e+00,5.774990623519371535e-02,-1.182692845528849013e+00,1.680834950079092005e+00,-1.419231150792364948e+00,4.218259849186864585e+00,8.537547938728917707e-02,6.192154958194935332e-01,4.263664729361765104e+00,-2.284806597056155741e+00,-8.334620411489603864e-01,2.212658341014621222e+00,2.532281823307824253e-01,2.825039700044774005e+00,1.093344271375122911e+00,7.744526690985685802e-01,2.440142653009604867e-01,-2.083299893203838682e+00,-3.768809934865978928e+00,3.396294267350079110e+00,-2.178937358033136817e+00,-1.902521770545611446e+00,3.781913767850175745e-02,-2.560220022078580016e+00,1.554228069919724398e+00,-2.169882790249481719e+00,3.186182933586674260e-01,1.412065930492804322e-01,-3.457283875692536146e+00,1.707237304636315622e+00,-1.440289849501636299e+00,3.542359994660477351e+00,-4.080122901204053854e+00,-2.432573162589092064e+00,4.436488552138202479e-01,2.202319112219205177e+00,-3.291719105338311024e-01,3.808670880950982607e+00,-2.578495201593943964e+00,3.074207645727060068e-01,-1.027321585647634539e+00,-6.874383800683782075e-01,-2.922386001623050955e+00,-5.559888422333422175e-01,-3.442176942977257514e-01,-6.307964114858100046e-01,-1.593050904236556597e+00,-1.072460080295568829e+00,-2.728998271675171505e+00,-1.956643127005636140e+00,1.554007299567957023e+00
2.336740364180187157e+00,1.708859670324310187e+00,8.698099677647282979e-01,-1.246985549997252640e+00,-2.307346790495953925e+00,-2.713810533685578896e+00,8.280713892149169641e-01,-4.328043683166542532e-01,1.231143833951467315e+00,-1.685692097158360547e-01,-1.708674150667337521e+00,2.671719100453501916e+00,1.272523297275225840e+00,1.477756553940280382e+00,-1.441455155997738435e-01,-1.743124475164276710e+00,2.099154974150305719e+00,-3.402363547290488732e+00,3.913752570009588982e+00,-1.024919108909716492e+00,-3.730325177287228122e-01,2.377291714409442314e+00,-2.779341488868410259e+00,-1.285057988868764767e+00,4.603840204869971142e-01,1.503314150269157157e+00,1.173790019973613763e+00,5.345702330338184538e-01,5.654920161518230959e-01,6.369591753678316426e-01,-5.812747474261503733e-02,-2.284694432622979665e+00,-8.286619543953341882e-01,5.942025254750440411e-01,-2.356714424875806735e+00,-3.304735194567822276e+00,-2.802606877997185109e+00,4.392035346526095285e-01,-1.885601258551375725e+00,-3.371285924764790831e-01,-1.735334072852428022e+00,-3.369401662275935738e+00,1.905323462308491811e+00,-2.657281741811477804e+00,1.571895282162640406e+00,-3.732757507674558717e+00,1.729297485753961139e-02,8.374369617071728555e-01,-7.225498237524243805e-01,1.079269101484015003e+00,3.610727602203351871e-01,6.073001236558822624e-02,7.787597715760413708e-01,-5.296728241656565306e-01,-1.383980845253833802e+00,-2.801176003275486881e+00,-2.087154065223311150e+00,1.567002914112949119e+00,-3.673108354997058900e-01,-2.177690893028287888e+00,-1.396712232882637794e+00,-2.798714370508986526e+00,-1.904354511468023148e+00,-1.806333725031188386e-01
3.469030501715089088e+00,1.922442364150957594e+00,-8.161393204983340421e-01,-1.762559887559344007e+00,4.398055551514752359e-01,2.718912540159401647e-01,2.444782669550462195e+00,-3.458622244878497121e+00,-7.215154939256418487e-01,-2.580325527399185970e-01,-4.981445875634504361e+00,-5.028238277717742566e-01,6.318033991025517881e-01,9.788706415152025331e-01,1.144085574544949413e+00,2.211874999111668183e-02,1.721581781579165416e+00,-1.726584527245627720e+00,4.387006569469080297e+00,-1.661084992841206365e+00,1.352189570375058603e-01,3.023252941141500560e+00,-1.409203586660368490e+00,-2.877409146477613255e+00,1.223460420120629166e+00,3.373059716347410752e+00,2.461622697325884346e+00,2.604205509055341317e+00,1.147371731017206908e+00,-9.546311018805808679e-01,7.452748242258988576e-02,-2.197374196841888061e+00,6.018655969203442480e-01,-1.980193930103412825e+00,-1.057640425203173473e-01,-4.047508075164884644e+00,-2.387012230473374519e+00,5.337778111134795500e-01,-2.059780314355065478e+00,-1.478626782435655374e+00,5.863932480984421769e-01,-3.751180524858194865e+00,5.266844848110328492e+00,-1.511238752517442219e+00,4.281016126900160756e+00,-2.111381348004014225e+00,2.787266293036345099e-01,3.619867816509678704e+00,9.765158756337155577e-01,1.237979925720149810e+00,4.206460219505994580e+00,-5.220826473487780728e-01,-2.842716141658645501e-01,-1.843496694480813991e+00,1.544607982796702306e+00,-6.362997728250099350e-01,-1.439057334034656410e+00,2.101138692158776577e-01,8.095433310397629478e-01,-2.974019285748967789e+00,2.572299152223614938e-01,-2.548849113339108019e+00,-1.640158798123885875e+00,3.261887998956051860e+00
3.118864508543203407e+00,2.449771613492340627e+00,1.934044781918707212e+00,-7.300342068933404205e-01,2.814111143203657406e+00,-1.307692117258520970e-01,1.489816102347318871e+00,-1.839506141021437724e+00,1.488440499657615046e-01,-3.521435094622480833e+00,-2.692583286447008284e+00,1.877728175798277110e+00,6.050175300531052125e-01,8.439284815679300999e-01,-1.249480095565989046e+00,-8.086149796081234520e-01,1.018089377025148679e+00,-4.194468207055279230e+00,2.998594463419128608e+00,8.755752904921410007e-02,1.988966626971177876e+00,3.695509041497439640e+00,-2.757815565145310455e+00,-3.365657969168841301e+00,9.737331912508029319e-03,9.581001773774037167e-01,7.249513599494531446e-01,2.409262451254078341e-01,1.136724524018363214e+00,1.480920733115309806e+00,1.120756761829928561e+00,-2.565919416389159213e+00,1.154546998371079880e-01,1.344879247937591504e-01,-6.188616430527928980e-01,-3.511617283953196278e+00,-3.140174074220938749e+00,-1.347296989364300090e+00,-2.481969132864870087e+00,-2.412307815076285333e+00,1.368271457774082434e+00,-4.897548566867385489e+00,3.799545877857029019e+00,-4.752499460999272118e-01,8.414568314838213325e-01,-2.048395633484835443e+00,1.645651238659828097e+00,1.705409843295705663e+00,1.148657992500683900e+00,1.350674446742070600e-01,1.685166077061524659e+00,6.009049828897750078e-01,1.163615682700074982e+00,1.551344543957355659e+00,-2.371304970072035445e+00,-3.126405181355232710e+00,3.502865044590427468e-01,3.003554177282365512e+00,1.664972121062943122e+00,-1.399913643164414800e+00,-5.760410930501582705e-01,-1.241948775643346714e+00,-2.182349009759739111e+00,-8.308693948569629839e-01
6.743854847272579001e-02,2.325640901673455829e-01,6.787491215517427179e-02,-6.231633873370103771e-01,-4.292125260980867552e+00,-8.785629626170087247e-01,1.705261228941668428e+00,-2.340648111458967229e-01,-1.116007162591875490e-02,2.665997472502946719e-01,-3.825216930164040186e+00,7.691749100564422292e-01,3.670124274926807040e-01,-7.932352041715127200e-01,-1.369874419213391592e+00,1.542229855202747579e+00,-3.495864018158147957e-01,-3.963725155012918222e-01,1.927147004917648676e+00,2.900426982121857566e-01,1.629373522381737383e-01,9.530281306645422834e-01,-5.446432895275382435e+00,-3.235199282005352117e+00,2.128941907740822259e-02,2.689836464342783451e+00,4.590428172764116077e-01,4.140293532398117149e-01,2.403282668797925403e+00,1.837001137539309603e+00,-2.110596372853107638e+00,-4.767828691780141348e+00,1.535762693638346388e+00,-2.893909678932534923e+00,-5.251192788528802335e-01,-1.381036862440740087e+00,-4.037320381380430590e+00,1.903873515390266835e+00,-1.693766269230492671e+00,-2.370452241796932036e+00,1.722096971900593187e+00,-2.044144649012234360e+00,3.214657155232971242e+00,6.452416058772469931e-01,1.473528284042226355e+00,-3.172034156398768623e+00,-2.242068510045652552e+00,2.629402518556922530e+00,1.224909780104769030e+00,1.743315840998836741e+00,1.137557991403820301e+00,7.226701471571513880e-01,-2.728391214279347388e+00,-2.695361410247694156e-01,-5.183711158901027627e-01,-2.268461182742860238e-01,-1.546074391910971180e+00,-6.794255880478876630e-01,1.397383224431169912e+00,-1.803043671797968539e+00,-1.004612834625628448e+00,-1.734112055881564807e+00,-7.089218712983451631e-01,2.931338237203817698e-03
1.654019208377955019e+00,2.409754841174200912e+00,-4.234800820628821239e-01,-1.690315901838484791e+00,-1.029489447838021432e+00,-2.420080039242453740e+00,6.518264578633898854e-01,-1.516148332176356917e+00,4.252296429794122923e-01,-1.121955688532084716e-01,-3.138428605570105834e+00,2.462080369300470473e+00,8.750240230311923106e-02,6.880678529577244351e-01,8.690018946149828949e-01,-2.473782290011453666e-01,1.678703416394556891e+00,-3.279421928878075931e+00,2.218512286099830977e+00,-1.126017660137056620e+00,3.046359855124884941e+00,3.428145778097549279e+00,-1.936148482566397711e-01,-2.392005160617455939e+00,5.087399614298382389e-01,1.300059252242258712e+00,2.340931242126655931e+00,6.754590306380497955e-01,1.015871427950068018e-01,1.348691196028345196e+00,9.916855239053845583e-01,-4.155525112523054787e+00,-3.603559649188743386e-01,-2.445168446943990048e+00,-4.479774968433606119e+00,-3.391179435145105003e+00,-2.489067663466450586e+00,7.941816824160229105e-02,-9.237175451403809578e-01,6.399287209249826525e-01,2.114890628663174788e+00,-3.332224780968293665e+00,2.571167012679365538e+00,-7.025335135917811780e-01,3.895855300391187548e+00,-1.721637537416581765e+00,-4.719343283753957285e-01,1.911213243417263952e+00,-6.177484711656715533e-01,1.991035012548929561e+00,2.188148338798459491e+00,-1.870602110767372261e+00,1.044784577570532225e-01,-2.690763293097206410e-01,-5.001217267604480821e-01,-2.919081844756102662e+00,9.811441350690397467e-01,-1.253797590086563885e-01,5.756600692713111922e-01,-3.308279600597636261e+00,-6.517355095308119406e-01,-2.607387675357281331e+00,5.212427520315228158e-01,1.199837874462981180e+00
1.474282247307781013e+00,4.288517158004966134e+00,1.192702077462163945e+00,1.555115986282427976e+00,-1.048863657654370840e+00,-8.021963080517229283e-01,1.043757589002036745e+00,-2.485374901129380198e+00,7.866688391820888526e-01,-2.393604591460138487e+00,-4.018933053764333962e+00,-4.101723468514766324e-01,-1.077474343372572418e+00,-6.995102383847657812e-01,6.561209539273749058e-03,-1.456437702457423322e+00,5.391541143568964189e-01,-8.529570692037409252e-01,1.980310404929471524e+00,-3.173656316362341023e+00,1.415380598893464459e+00,2.433810616016806705e+00,-3.315158158047566417e+00,-1.688327194921914964e+00,7.909757811171687081e-01,2.885240149651961961e+00,-2.260599297584131584e-02,2.582067483655358764e+00,2.744075257389654965e+00,9.592327468789698663e-01,1.534765473934733393e+00,-1.744459183031415561e+00,1.683541492992348676e+00,-1.884876344518960911e+00,-7.854374322682050602e-01,-1.284960242239451045e+00,-1.331270527089661204e+00,3.074268545942644426e-01,-2.918655518277895933e+00,-9.679825216230136808e-01,1.203279937109749564e+00,-3.011622734046468519e+00,1.245806496692019039e+00,-1.290704241444353473e+00,4.159304152494404327e+00,-3.550765074520088938e+00,4.514866966410557847e-01,3.216676645510814225e+00,-1.003539323030439245e+00,1.293209949242085433e+00,3.162061540420752603e+00,4.126974258874951396e-01,9.920951910433599696e-01,-2.998689305967269791e-01,-1.642188483147204670e+00,-4.619260789989786176e+00,-1.404862820413746327e+00,1.503790426579716843e+00,-1.810937942492674591e+00,-2.054716491248238519e+00,1.558356101394875237e+00,-7.597268953503306665e-01,-3.072313461658129352e+00,1.656611543226473415e+00
2.299949835141291921e+00,6.375237318612319015e-01,1.273487830715724023e+00,-6.560814346316754531e-01,-8.085427475307320755e-01,-4.068889415190024561e-01,5.339211862288499866e-01,-1.172997207087990823e+00,-9.608239413015540187e-02,1.073872570426597089e-01,-2.526919850634349540e+00,6.774256117436274760e-01,-3.119333178250340843e-01,-3.337791750938991164e+00,-1.355336950436726973e+00,-5.794880778911946084e-01,-1.188559737901453417e-01,-4.846994396281512074e-01,4.350452920782334587e+00,9.226213511996945726e-01,-9.231850663145728664e-01,3.938245377522259894e+00,-3.750524266087516434e+00,-1.722553134532924801e+00,-8.688570964316699730e-02,-5.938931206188127199e-01,1.255763723826287093e+00,1.895024403006277947e+00,2.735733797340113682e+00,3.639922550723172279e+00,-1.007878316211393122e+00,-2.189393904073262398e+00,1.092190851573993537e+00,-9.730637498975219790e-01,-1.876892609898372921e+00,-1.516836550308790610e+00,-3.204777735844594133e+00,6.225565068348933861e-01,-2.131411717829405639e+00,-1.730469171068644618e+00,-7.247203821203371810e-01,-3.737617784444738689e+00,3.404788463186814607e+00,-5.430234136841286530e-01,2.247062236354764764e+00,-1.534780605443565094e+00,1.208436621345664097e+00,1.976711656751083623e+00,1.028217570155093519e+00,2.661478326390092519e+00,2.397277107662324269e+00,2.400781010000602844e+00,-5.570819619799546318e-01,-7.622271148050490108e-01,-2.674035867619712015e+00,-1.153016008110882895e+00,1.004989827679740211e+00,4.153016196088842316e-01,-2.756043454400944892e-01,-3.832358151628868725e+00,-2.385672441383996922e+00,-1.863269750409128900e+00,-1.549072939784475134e+00,9.942746949019629632e-01
1.879901441133818185e+00,2.135940484016634056e+00,3.561614515465790221e-01,1.328530666458288767e+00,-9.231899742274314313e-01,-2.587576004739933655e+00,2.600580168138895143e+00,-9.890414400531373218e-01,1.326538859294136952e+00,-8.988778419492916560e-01,-3.116508437508951790e+00,4.663269329439544419e-01,-1.457711186509587975e+00,1.739585080525984928e-01,2.051709261741764045e+00,-2.319854690409786535e+00,1.327230297317152585e+00,-2.525905727146227964e+00,1.882604005536598235e+00,-4.678392954336849652e-01,-6.828427101446954417e-02,2.128510060114718883e+00,-1.946729739475430598e+00,-1.783211876450366828e+00,5.374377619500825265e-01,1.196016771098128650e+00,1.412449198323642463e+00,1.417823674336479822e+00,2.224470383082839398e+00,4.272695747691201973e+00,-1.671665037399244103e+00,-4.302119586037338017e+00,1.307423570846647731e+00,-1.038041980815860077e+00,-2.611844491354347930e+00,-4.831386570446900564e-01,-3.460457774077786208e+00,8.270571138542255341e-01,-1.697851857011287047e+00,-1.184122865212387632e+00,2.951152915509139829e-01,-1.433889935836353047e+00,2.699302981432504911e+00,-2.626379343014797030e+00,3.483155572546511536e+00,-2.927935285450359970e+00,-1.469101258604412763e-01,4.120800636906293946e+00,8.650561117528294819e-01,1.109553585891785987e+00,3.279303983941611822e+00,-5.753784459777299132e-01,3.599321878937663532e-01,1.557437145137687828e+00,-8.784510446002867790e-01,-2.068202918025588311e+00,4.343850258503948458e-01,4.655245216215897486e-01,7.300516251906993270e-01,-1.634662044699589201e+00,-3.074937425048884787e+00,-1.644247488727613948e+00,-7.371386353636504296e-01,3.346625312577551359e+00
8.152778254859490703e-01,2.018679071330650387e+00,-7.367024595966825684e-01,-3.150988130529429609e-01,-3.625599170989070030e-01,-3.199957116003947277e+00,1.942742898283079889e+00,-1.952854943558363088e+00,-2.962237199054795767e-01,1.401176535175646887e+00,-2.339918343036835768e+00,7.681579251054154733e-01,-2.721191044589436614e-01,-1.767237842983229612e+00,-4.445839483648083013e-01,-8.454384862048689442e-01,1.863874206407184264e+00,-2.142709984608187401e+00,5.810008665737033340e+00,-3.351046747051078523e-02,1.081939647823010331e+00,3.312532378652946363e+00,-7.728861522875907220e-01,-3.707752142452990896e+00,1.510365110833445268e+00,2.154146323611154212e+00,3.690561334903990520e+00,1.233355315089392334e+00,1.786050212885381239e+00,1.156197597720106440e+00,-1.625763242416547572e+00,-3.683717125232790934e+00,3.205877556232508141e+00,-2.240820973390469817e+00,-1.620417764384638915e+00,-2.529837521157564773e+00,-2.073066064725450630e+00,5.806622387271320740e-01,-2.861695300507235196e+00,-1.722219811193711703e+00,-3.496687071511164202e-01,-1.194673396872829363e+00,2.284361192167386090e+00,-1.824043669263427647e+00,5.132592981113834441e+00,-3.388404893621713487e+00,1.487053556214605887e-01,8.702673488313288352e-01,7.927742419593499790e-01,9.723132223403552210e-02,6.602194939354486536e-01,-3.402070283204779999e-01,2.064603168416758283e+00,1.925864155775915965e-01,-8.841469396559472615e-01,-5.671718777797080335e+00,4.775658042928788705e-01,1.436110263984704094e+00,1.330462738813691370e+00,-1.509499798215041544e+00,-2.027048634472254030e+00,-2.835391466297130236e-01,-3.728979182088367317e+00,1.481045468146924504e+00
3.432134770271055846e+00,3.078697728768990061e+00,-1.552824722334772645e+00,-1.940819069085212289e+00,-2.791101948342977312e+00,-2.302659340865344184e+00,2.812941583957099922e+00,-1.548458282190323665e+00,3.151307645090362652e-01,-3.167290664205771877e-01,-1.623739641441734882e+00,9.714629854683775045e-01,6.982381440521041593e-01,2.512043359007387622e+00,-2.837062290486755067e+00,2.137432539567793555e+00,2.425936742055089468e+00,-3.129701697171080710e+00,3.733875896124968286e+00,-1.087274787180581681e+00,-5.045726982463989430e-01,3.323173471620335384e+00,-1.301245435818589646e+00,-2.736045877663597636e-01,2.254988465182731883e+00,1.722107000819266265e-01,2.389784507253880808e+00,-3.248955083371580788e-01,1.324648951632799498e+00,-1.172926429937910520e-01,-1.405647428436650026e+00,-3.636480423539170559e+00,3.287253573951018026e+00,-3.305818535985054485e+00,1.277929949330091741e+00,-3.650156393591303505e+00,-4.083246418015618495e+00,-7.763258110988326965e-01,-1.860319748430750320e+00,-3.560479506334870425e-01,2.447172124607789545e+00,-2.648194382754935461e+00,3.414187300835557881e+00,-1.382991717544827415e+00,3.406006977302770355e+00,-8.512081337253736280e-01,2.046794755000430843e+00,6.764783015133808419e-01,2.063455670140841303e+00,6.952788668827287744e-01,1.999055271892104413e+00,-3.138738499934047077e+00,-4.344560024395779374e-01,-1.113494067673040266e+00,-1.365044679925744298e-01,-2.047492583664835220e+00,5.167920476593715895e-01,-2.632259518511548269e-02,6.002501728126256042e-01,-2.099443460484912372e+00,-1.297237781829578385e+00,-2.974107979172243788e+00,-1.609026460548348858e+00,-8.667428895492119700e-01
1.144813615699741938e+00,1.328107809281799945e+00,-1.965896333685166031e+00,-1.566102640360955922e+00,-3.109777132712044256e+00,-3.502372732500402819e-01,9.077803721444974716e-01,-3.833513781999671188e+00,-5.258688981743242508e-01,7.422970415487071261e-01,-2.082806906328685148e+00,3.369934725636758888e+00,6.986604384885198860e-01,1.416882314852531799e+00,1.616091583727646830e+00,-2.192365793722314216e+00,5.288128984436735180e-01,-4.476018553759054441e+00,3.478334712174927734e+00,1.030681096439685085e-01,1.175230345343134974e+00,4.491448451061980762e+00,6.848691175143573062e-02,-2.481695560802063660e+00,-1.074083838205130981e+00,-4.916457336935398104e-01,2.913041061415458266e+00,4.327464126087586793e-01,3.171198018911388861e+00,2.220145858713401754e+00,-1.458150898424234843e+00,-1.884628501603067052e+00,5.069554561407151327e-01,-2.569292682418513607e-01,5.924196891190882663e-01,-1.136584864228112668e+00,-3.928162462576872738e+00,-1.245477218156265220e+00,-4.235597723156553585e+00,6.754599777714129782e-01,1.194003765724542587e+00,-4.445819844487254535e+00,2.334741897356707785e+00,5.281840234385544175e-01,2.358822100567991686e+00,-1.822865454428090004e+00,3.461865237356221758e+00,4.045941653850143815e+00,-4.271995442171496182e-01,1.616380049428084664e+00,-1.767734991191849403e-02,-6.047311146266182158e-02,8.306225519961187853e-01,7.282534323055822600e-02,-3.290751496058637038e+00,-3.517643979430274737e+00,4.517538418755565610e-01,-7.709445417075677653e-01,1.535200363238877541e+00,-1.762530298680754726e+00,-1.445773164152364121e-02,-2.273790438373106682e+00,-1.787730482436801438e+00,6.213200983568332170e-01
-4.102943124504900840e-01,3.986187033522771372e+00,-6.713614253309663216e-01,5.124247001463759776e-01,-1.903394810032942530e+00,8.215353096414086398e-01,1.635458934842528578e+00,-1.348116680860595551e+00,-1.493266725292011321e+00,1.640923551467885766e-01,-2.993111196363160698e+00,-9.030603181663645618e-01,-2.935066278633534864e+00,2.580668533250874974e-01,1.896622259006535582e+00,-8.554406561738803205e-01,1.289237037207234149e+00,-2.043179784268447374e+00,4.165510230945313808e+00,-1.229259018976176954e+00,5.559970962148077511e-01,2.796012433982006939e+00,-2.854810858867284473e+00,-3.415958938840902182e+00,1.775473750336572509e-01,2.148327812818756399e+00,2.200186972410487218e-01,1.799007052474240531e+00,-7.935262088932932834e-01,9.866485100446764633e-02,1.041577820065651583e+00,-5.015425159288477985e-01,1.446320923851573736e+00,-2.738671910764057582e+00,1.590540504548407785e+00,-3.044605119828420303e+00,-3.499575337088246307e+00,-6.196378877540485997e-01,-1.264889739630041365e+00,-4.636298968380339058e-01,1.937110600544009076e+00,-3.157308404640274180e+00,2.037204753161158344e+00,8.402637873427432069e-03,4.825431219502245739e+00,-1.684638653102980665e+00,1.257688835919295922e+00,1.953172213775383526e+00,-2.361103483757024946e-01,6.421941304019493924e-01,2.460063510344796534e+00,-6.105795260728521523e-01,-1.862715145540302153e+00,6.386211252046045672e-01,1.462142149200909014e-01,1.029572009780466146e-01,-1.538373510222057927e+00,-2.785407632440659587e-01,-9.408794080982350039e-01,-3.370491376529140659e+00,1.842302798691515253e-01,-1.406062231830710330e+00,2.012048299512763094e-01,-3.329827648877490276e-01
4.686599863086625684e-01,-3.370534958849846774e-02,2.107211396001576809e+00,-2.695482737362752346e+00,1.212264301295931546e+00,-3.478846185984140860e+00,2.318068524444500067e+00,-2.654452090440928558e+00,-7.844524764823002094e-01,2.260549496807481962e+00,-5.242222255768851369e+00,6.899550704164245651e-01,-9.674763574969246216e-01,-3.824065008631400975e-01,-8.723088263614693361e-01,-1.620299101765216188e+00,7.113321415957444271e-01,4.246402473263266586e-02,2.741401264213046307e+00,-1.219911248996742748e+00,2.510516762256107981e+00,3.347573167725316434e+00,-2.158264608004045737e+00,-5.186144845925008795e+00,-2.677680234109363067e-01,1.613157053813691233e+00,9.896389357584667312e-01,5.113791549597699326e-01,4.748150278193796758e-01,1.513844233359835201e+00,6.467859914341800298e-02,-3.346717592607542979e+00,4.229649163239246334e+00,-7.116316873717165592e-03,4.076483982785614746e-01,-2.007157590574155215e+00,-2.224525655132323809e+00,1.497202825491411149e+00,-4.032786655352003535e+00,-1.367455246967325122e+00,-1.702784622385125957e+00,-2.500622798222006615e+00,7.084154009212064729e-01,-7.606988432577035386e-01,3.974895301108997359e+00,-2.235029201775666774e+00,9.913979087139282997e-01,2.899470804391872214e+00,-1.206501705660615098e+00,1.159417975514665855e+00,4.553564167261652251e+00,4.359193986072097404e-01,3.489241404933739188e-02,2.845296940478669878e-01,-3.455825842248383850e+00,-1.207503464477722721e+00,8.022275871882067477e-01,2.097516590794036517e+00,1.970096553318195109e+00,-2.692063234152265672e+00,-7.731764639971709929e-01,-2.158882953741857680e+00,-2.798325725690941290e+00,1.437686148766190719e-01
-1.051368833522077217e-01,6.804531883586986130e-01,-1.954630194778233854e+00,-1.089041427110779336e+00,-1.729373962846159518e+00,-3.154212575283961151e+00,1.482750257229757951e+00,2.150683339669183791e-01,6.807431473709868452e-01,-1.064852957194530214e+00,-3.475388284437233022e+00,8.633147077466294395e-01,4.543747600006732279e-01,9.574374064844441978e-01,3.113909502990551692e-01,9.032425914748472007e-01,-2.057655673468536950e-01,-2.763113794213767349e+00,3.374454845889795607e+00,-2.098572650598593992e+00,2.056936974612185942e+00,3.035356135278419742e+00,-2.171210461732411279e+00,-5.053282288007293843e+00,-1.421136037158710064e-01,-1.077686206824282733e+00,1.857855090893642425e+00,7.826645702595657061e-01,4.330489963497714534e-01,1.995623649343778006e+00,7.641137122151220318e-02,-2.278127672517076263e+00,1.707922848140537297e+00,-1.797529592772180163e+00,-6.891230051646196619e-01,-1.099053106152338533e+00,-3.826472441903833399e+00,1.056065195252011701e+00,-1.669923966831096118e+00,1.069488955379409578e-01,1.792294306967505690e+00,-1.835629372699333572e+00,3.146111649756104800e+00,-6.490939442257465108e-01,5.043001901267402332e+00,-4.092314851795008757e+00,-2.490271795381510334e+00,3.444677724335501345e+00,6.016678526044481057e-01,1.417612123928221557e+00,3.680713197600202324e+00,6.901005227141432385e-01,-4.611166849877536000e-01,2.868464707614679199e+00,-2.189992917817195739e+00,-2.396547741871218662e+00,-9.266098810445904110e-01,1.903112207061745220e+00,1.985886068299749896e+00,-3.045693219383567740e+00,-2.155505051418652673e+00,-1.795874637329836432e+00,-1.107391514067017635e+00,1.240256875980482620e+00
1.309739433286127852e+00,1.657317452734425434e+00,3.383381519279897720e-01,-1.630758748000338043e+00,4.664370572301657081e-01,-2.017633401819602934e+00,2.233698647247130964e+00,-2.113152456524587386e+00,7.711085870395608666e-01,-2.058878498036215143e-01,-2.266784619316002836e+00,1.372674235193688030e+00,-1.122350600046023938e+00,-9.181448067117845557e-01,-1.940645594912700389e+00,-8.493861964151222521e-02,2.874057287353702250e+00,-1.090597028310731353e-01,4.011971165394936811e+00,-1.552133796782780184e+00,3.239248493730563894e+00,4.322421407542320182e+00,-1.305291252173204963e+00,-1.219194694005476531e+00,2.885235056252926533e+00,2.789792167875984052e+00,2.349768647656386378e+00,-2.383097871884066965e+00,-7.624123708470154082e-01,1.761302209674491914e+00,-1.387334755026566668e+00,-2.068816123268321761e+00,8.775601225245872605e-01,-3.255737207007953771e-01,-1.288037178084084022e+00,-1.187021781085188632e+00,-1.531768860759760376e+00,-1.487809760369119383e+00,-3.653508133470779740e+00,5.245387476035556773e-02,-1.520561868274558304e+00,-2.904692893595300696e+00,4.485246972048845038e+00,-4.227301668477503327e-01,3.544901675032530175e+00,-2.811551322446641077e+00,-1.152138052851180872e+00,3.810407265754692574e+00,-1.010601564999145552e+00,3.078841302036143368e+00,4.637687548649006786e+00,1.009308382770136125e+00,2.278497215029460676e+00,-1.129622584372184546e+00,-2.293775470864148680e+00,-2.254126321666094945e+00,-8.485627726907913893e-01,2.041180370251432841e+00,-2.428283137199234165e-01,6.246998912734946785e-02,-1.254834748856180904e-01,-3.589239234437150650e+00,-2.667766481392435551e+00,9.346330431754623635e-01
7.681141266211767293e-01,1.468580714575661084e+00,1.013461512321783137e-01,-1.534531196508682749e+00,3.395770549981520503e-01,-3.012864524816911249e+00,2.456516207743497660e+00,-2.628629961079692823e+00,-1.117979283446577377e-01,-5.955538609234655167e-01,-1.068630334196515097e+00,2.780283601541713168e-01,-1.187868398029555406e-01,1.436779055690412532e+00,1.425643605344740106e+00,-7.798642919970664167e-01,3.391312536204976080e+00,-1.061220590949698339e+00,3.773091879230938694e+00,-7.434747550875846489e-01,2.281256666426338509e+00,3.111605456977016626e+00,-5.636399381395840180e-02,-1.878977044415936604e+00,7.211797582939847295e-01,-1.240376626343417499e+00,1.205171080256288718e+00,8.127904117535778017e-01,2.507187691519277006e+00,1.727229724840997349e+00,-1.508073634131384955e+00,-2.284587935159846150e+00,-1.119681571448991608e+00,-8.600779202173501892e-01,-3.274808586167631264e-01,-2.326561178591362022e+00,-3.348345816529548102e+00,2.538573542344919165e+00,-2.851817281188646191e+00,1.780795327317950427e+00,-1.766816420726748937e-01,-1.582620781243986530e+00,6.911038549759368266e+00,2.230283297201813841e-01,5.064247497951257060e+00,-5.414391528406117260e-01,-3.330910846492184385e-01,1.812056076771353608e+00,-8.200312640567500866e-01,-5.247577320973766390e-01,2.318151998939357306e+00,-3.541633905865968490e-01,3.784044560698899828e-01,-2.166428370900857214e-01,-2.428656519534849512e+00,-3.848739668602129793e+00,-1.550899335762838671e+00,2.583432668560603940e+00,1.904981036682830808e+00,-2.978052572387093644e+00,1.045529188459622505e+00,-1.749482369296333495e+00,-3.860989220714800663e+00,4.819666898169261415e-03
2.543426886140327525e+00,3.531607599311632484e+00,-5.765923305374346386e-01,5.270677738467617335e-01,-1.411454674924517150e-02,-1.184888864880623061e+00,4.143132007968177710e+00,-9.906572707812835166e-01,-3.126362462594723945e-01,8.528466550265243473e-01,-3.646286555501521143e+00,9.041043394226317975e-01,-6.659383634422962883e-01,-1.406035318776040377e+00,1.839242885840211894e+00,1.445293188195256651e+00,-5.723862821069167772e-01,-3.125797420211889222e+00,3.021713746600034778e+00,-2.210518416759591265e+00,2.839658121212970676e-01,1.155757245844120762e+00,-2.205482107437513939e+00,-2.449981053574695089e+00,1.819597135099120244e+00,-5.832643162323960517e-01,3.146361166051971914e+00,-1.498890588072960828e-01,2.326296757734603204e+00,1.762756712167914408e+00,-3.126601815920302840e+00,-2.744707844525288376e+00,1.997434800685974565e+00,-2.367517366555333069e+00,-2.770479581649075485e+00,5.297562397733839301e-01,-7.595292175475649721e-01,2.928601222334966669e-01,-1.622712010033099173e+00,-1.980561655566337231e+00,2.271142544607131164e+00,-4.065838466215627278e+00,4.085215964330203064e+00,-1.091617468954109604e+00,8.371186891210542491e-01,-3.999713303577741463e+00,5.407047506777755697e-01,2.285591474469288897e+00,6.048259573919734233e-02,7.823185733997133351e-01,1.686873615415771521e+00,8.520600159098883353e-01,-4.276265918751701589e-01,-1.494036999677281319e+00,-2.766163769610823664e+00,-1.922441007828146642e+00,1.840231047616955884e-01,-5.924288690128753920e-01,7.733129456584393324e-01,-5.024237666736601771e-01,1.374823017418919768e+00,-6.017318743195472219e-01,-4.938837600846657239e-02,-4.534465698630780750e-01
8.307856892877789612e-01,2.885898968442421886e+00,2.551921118786353304e-01,-9.818243384988334377e-02,-8.037914092355522566e-01,-3.065935269284768783e+00,1.468574595001683747e-01,-1.764949765988093944e+00,-6.396016881722255132e-01,-2.530894108492248940e+00,-2.888026474627845008e+00,3.169234536922175050e+00,-5.674251009244484223e-01,2.039337332395946945e+00,-1.632381407883159330e+00,-9.520028115164713700e-02,2.997126895875533714e-01,-3.554042143062022596e+00,2.234669087682880750e+00,-1.375731236046838557e+00,1.489489123753016120e+00,4.371988960262900292e+00,-2.975220765847711668e+00,-2.600270251769809526e+00,3.971418898307010892e-01,1.738747704705366770e+00,4.494609490563632459e-01,-6.178131915412135022e-01,5.556738265947225308e-01,2.455389701642164191e+00,-1.284904359708698651e+00,-3.707343458621385590e+00,1.429138077438376619e-01,-1.458818092122673882e+00,-8.426904267889383515e-01,-3.015611505310284546e+00,-1.658872832295667177e+00,4.919117879958039286e-01,-2.430367075788482101e+00,-2.538235015604922040e+00,-3.481427146500561953e-01,-9.407045103573556943e-01,3.699177155510491311e+00,-1.062666364142632158e+00,3.879879293401095275e+00,-3.540029315062846571e+00,1.960690428902547522e+00,1.900240787907575557e+00,-9.095606111133259786e-01,1.786947416873454486e+00,2.487796145114786306e+00,-6.246725022145663830e-01,-1.580668236873817578e-01,1.828205957748904709e+00,-1.847770091254887337e+00,-2.183719596917891970e+00,5.190515377329281144e-01,1.564865485342396445e+00,9.558681568063520650e-01,-2.355719980140651870e+00,-8.994669860439266085e-01,-6.551692747407984463e-01,-1.769328564207910404e+00,1.556714336394205755e+00
2.199053642775095074e-01,2.734830564983956602e+00,-1.650556478517202663e+00,1.969943761013033257e-01,1.679866152251485723e-02,-1.239387403256375642e-01,1.277916588799178577e+00,-1.919681831752798828e+00,1.715498080286702365e+00,1.095199013295793389e+00,-2.902576494577420618e+00,6.506094216442350753e-01,-4.601857906394926645e-01,2.320799988256555757e+00,3.214175058135897434e-01,7.947450374883142654e-01,4.001184568613334047e-01,-2.637542556138303240e+00,-3.709941835774777097e-01,-2.399120217347260109e+00,4.561310033360683192e-01,3.136227619947207668e+00,-1.976351619105136681e+00,-1.125014798314890596e+00,1.031355786195582214e+00,-1.583674790776600005e+00,1.284853808277389486e+00,2.851741073566814499e+00,1.518056811417412666e+00,1.340583599257116676e+00,-3.713637771561074885e+00,-7.498015136178923790e-01,4.087364503876703692e-01,-1.558105631325503282e+00,-1.109478558073624166e+00,-2.858299132842170742e+00,-3.855137136762835759e+00,1.218522992360884905e+00,-3.420814933882835085e+00,-2.724566279850253014e+00,-2.405870150274409092e+00,-2.886529636914288766e+00,2.791134162377733929e+00,-3.031038099525521723e+00,4.585687186120336101e+00,-3.030711636881801230e+00,-6.072022522668278910e-01,1.580817553383943475e+00,1.527688933434068641e+00,2.813105702789467255e+00,4.488069950865593682e+00,2.308704779098091908e-01,1.514260237131994202e+00,-7.290091669662371876e-01,-2.000003237767000730e+00,-1.921980207042057298e+00,-1.105685506784121586e+00,1.607488032725145510e+00,3.160839323020396829e-01,-2.907400972400170147e+00,1.129983480099714166e+00,-1.023212261288499292e+00,-1.257188030470416162e+00,4.064315084043034432e+00
9.480548941430710919e-02,6.577512640306362179e-01,6.512609135441224106e-01,-9.864075017851796634e-01,-1.508274928051922092e+00,-1.713765256947097804e+00,1.362069230818540921e+00,-4.731441583980335874e-01,-5.605807099663067117e-01,-6.681602423429132409e-02,-3.272195551563114257e+00,-1.519725754016234998e+00,7.703625124069033436e-01,8.749735525197032127e-01,1.293148282679522421e+00,-1.122587542545292028e+00,2.644686543256574929e+00,-3.111356390562326713e+00,3.903186386677460984e+00,-2.215364038990210727e-01,1.890556697406395426e+00,3.722775263664482637e+00,-2.171265535011658532e+00,-2.097046089778829892e+00,7.487647668264213463e-01,2.093328978847707855e+00,1.411536164193385900e+00,1.525451769244813738e+00,1.512193370196813769e+00,3.869351461126905090e+00,-1.215411815374764393e+00,-3.301044971321971389e+00,2.698028508885579324e+00,-1.026869562083148724e+00,-2.994530148472275943e+00,-2.398382572621213793e+00,-3.518619060144761335e+00,-2.231676660077428931e+00,-1.942257754778077938e+00,-1.970556202771105436e-01,4.764009820867862732e-01,-4.169310230753434432e+00,3.410191647656976244e+00,4.870324855985341816e-01,3.651714340113370039e+00,-1.660729185841375966e+00,1.381809918956817818e+00,2.664508165884686530e+00,-1.362176077179254818e+00,3.001979349248922624e+00,1.807684289374714259e+00,8.221470258925422936e-02,-4.107227072862014716e-01,-6.855228093975029857e-01,-1.719364442276213767e+00,-1.639546959084798416e+00,3.098790628534446867e-01,-1.893786707767575184e+00,1.739402699233689509e+00,-2.001784373609782453e+00,-1.487556672379819256e+00,-1.072740085743107752e+00,-2.175185474011301245e+00,1.419745830669399966e+00
3.094757819811663424e+00,2.994778974314817876e+00,5.017663948307669042e-01,-9.985478520281830805e-01,-1.556858635240397248e+00,8.533057208176697550e-02,1.618063086935574990e+00,-7.100116389372974623e-01,1.077033803036080872e+00,-2.445273700565683939e+00,-4.671382824279564083e+00,2.846041954438256028e+00,8.020583271187768926e-01,-7.511601332803330422e-02,-6.932425029184279275e-01,-2.096646248243708932e+00,1.225313716202092840e+00,-2.685220492333892039e+00,2.790406581846347045e+00,2.635558320979496383e-01,3.299832600357115009e+00,3.934922641490311346e+00,-3.203441808157837745e+00,-2.697522447866076867e+00,3.186086309112904580e+00,9.735649431307052959e-01,-5.480488147983741953e-03,1.857590787951930000e+00,1.337051453279165081e+00,2.250744306984834520e+00,-1.023068750274513050e+00,-3.480033036598083829e+00,1.574038990085402379e-01,-1.735280820223249254e+00,-7.045887669651784702e-02,8.485734938225399926e-01,-2.185464741998702110e+00,-6.915597066903284018e-01,-1.298712366725392142e+00,1.736384812614989670e+00,3.413636970311961782e+00,-3.169710717690159107e+00,4.791780331493059819e+00,-5.119906984488459267e-01,2.320611306138181895e+00,-5.022770083198640378e+00,-2.301943892546993720e-01,3.318775509415476499e+00,-6.804186997660525149e-01,1.810258794453624587e+00,2.562774248366290752e+00,-1.612522513870855434e+00,-4.458291600923142139e-01,-2.350156602745200551e+00,-3.625521700761094479e+00,-2.989828566453274661e+00,2.473566827890471664e+00,2.652791927302025954e+00,1.202547208267734424e+00,-3.085469762444411845e+00,3.374459275199048758e-02,-2.218441911629797314e+00,-1.514301789801261400e+00,3.565980886369835012e-01
1.162322982768146717e+00,3.165841241903663672e+00,5.238266567426975995e-02,-9.784025462673772155e-01,-7.141767041071012123e-01,-3.265958101683370529e+00,3.188053168582460906e+00,-2.120441969634163648e+00,-1.097780476726792687e+00,2.794291904514384361e-01,-1.379649933301510645e+00,2.799190606296996897e+00,1.101234559343815755e+00,-3.286146358618482477e-01,6.178741913701357724e-01,-1.338145891195400505e+00,1.121799062121946466e-01,-3.198987185731466010e+00,2.882505764506064772e+00,-2.054311767180498904e-01,3.182020706630543927e+00,2.937294268007195619e+00,-1.959589926209657218e+00,-2.975430048616769074e+00,1.666666532214958529e+00,-4.645449492845219464e-01,1.615400034946814500e+00,5.842551841466003815e-02,2.437859756212725326e+00,4.048799189956636013e+00,-7.566977796089568997e-01,-3.561073184389362378e+00,3.146745581034446904e-01,-2.988094637171944790e+00,-1.778711487159506000e+00,-3.852133467251635857e+00,-3.642081230975719119e+00,-1.803162011229267447e+00,-1.362911471792958684e+00,-6.413940037369820768e-01,-2.118810950174554453e+00,-1.717686213205128931e+00,1.664247157996044946e+00,-5.081404576949676288e-01,4.742735366284494880e+00,-3.650393244432230233e+00,-3.477036121167540461e-01,4.317098778384231395e+00,-3.827115318509349828e-01,3.097308565046408724e+00,3.935442159061020018e+00,1.598862086707976360e+00,-1.895271374091397565e+00,2.732383654971806131e-01,5.053924115668619876e-01,-1.504872973001473602e+00,1.520394134160323096e+00,2.280528826745915172e+00,2.214645612082435377e+00,-1.312670821605153471e+00,1.504832813596747698e+00,-3.817147586899911182e+00,-7.446151359475816633e-01,1.602248098769021301e+00
2.265466733583163528e+00,1.731547965710263703e+00,-1.887948426648904832e+00,4.176117363461984144e-02,2.689977786983890340e-01,-1.351876267001971055e+00,2.062646946028342754e+00,-1.497184741940730923e+00,1.117468180991678883e+00,-4.553411383693485859e-01,-2.093266323525543537e+00,-9.961634569799935335e-01,1.436068441541841212e-01,1.194826980250283999e+00,-9.099960998860072703e-01,-1.548485182160440843e+00,7.032844503858008967e-01,-3.444864651966912383e+00,1.765328091304330105e+00,-5.658276024593552611e-01,5.189765646435217095e-01,3.936855789745439704e+00,-4.545467680618960671e+00,-3.254108638594738867e+00,8.991758885557428194e-01,1.054776275124567619e-01,-4.920523276511090671e-01,-2.318729305391349360e-01,2.251377314104813454e+00,2.584007466874875814e+00,-5.899263611257778983e-01,-3.104811994178159118e+00,-4.426859950491031093e-01,-3.404035575184279905e-01,-2.629965862574481505e-01,-6.602491576869218282e-01,-2.959844060380871333e+00,-8.642657039834664712e-01,-1.905882340095846672e+00,-8.129807639461776869e-01,-1.271277729956644453e+00,-2.811714040332676134e+00,2.343605485443766234e+00,1.107017922043267433e-01,3.927106682876336130e+00,-1.108914296274909894e+00,1.285221501758208928e+00,1.982086522277588525e+00,-7.211191972161651309e-01,1.282858015798944429e-01,3.322515949490479681e+00,1.159683575108559017e+00,5.350617754141788751e-01,1.715490782646135859e+00,-1.783783439875250343e+00,-2.859782757602758796e+00,-1.730695439907372180e+00,1.437543716184539022e+00,2.977446627740706564e+00,4.242048058231211449e-01,-1.923346570902677133e+00,-3.010322471373590325e+00,1.244821559450562276e+00,3.223168284834349251e+00
3.581448670025824565e+00,3.232112100642809516e+00,9.384948992279024127e-01,-4.745936018787034194e-01,-1.892037059575470970e-01,-1.138666492761120308e+00,1.024338637156944731e+00,-1.726257012069899233e+00,1.710853011948648694e+00,6.842366103178647574e-01,-5.140103627982245627e+00,2.251176392749462352e+00,-3.894245966413134585e+00,2.205755849370098609e+00,1.016515868363754960e+00,-2.518404248074002094e-01,6.046204341751176825e-01,-3.371840285556793937e+00,5.297834292595956285e+00,-1.233072794240309467e+00,1.178030333286560927e+00,2.385052320654326152e+00,-9.073985456535165195e-01,-3.591850638417630748e+00,1.520321400610700202e+00,-5.745728529962528253e-01,2.008318132996634198e+00,1.074736333838457236e+00,1.841509290726487613e+00,6.954001079367172489e-01,-1.314667904393379105e+00,-3.308434266526732337e+00,1.789934902562890340e+00,-1.618607881017060324e+00,8.814061867422082752e-01,-2.709804282994229041e+00,-2.554954463745194193e+00,-5.231441555225413431e-01,-1.836653645476445940e+00,-1.796425728788341392e+00,-6.483644809534656606e-01,-1.359820016020710787e+00,3.088996057952472452e+00,-9.800961299026418327e-01,2.180889024048859870e+00,-3.304282347447716539e+00,-6.258886865380706155e-01,1.730454942783577810e+00,4.774077559785886438e-01,2.732336721881232222e+00,2.744549076809939425e+00,-4.897056672436496672e-01,7.855271117578741524e-01,-1.088677926848302668e+00,-2.583437802559914065e+00,-3.030889617403172309e+00,-1.804015242893633575e+00,2.967608968485666132e+00,1.041467363442257543e+00,-2.001698688961318418e+00,7.177996737828773455e-01,-2.146840703537624684e-01,-2.233446307178195589e+00,-4.931358720198175671e-01
2.242699862347517392e+00,7.446979866990453001e-01,-2.322067824201742958e+00,8.607748092111413563e-01,-4.995839337042243811e-01,-2.455079148488361618e+00,1.385481924429617928e+00,-1.042602486767534309e+00,2.943685429235950668e+00,5.269583828024666516e-01,-3.678798106846484117e+00,1.561015284326247254e+00,2.289416658211377964e+00,1.870078785241530150e+00,2.169098989252409737e+00,-4.198293571126343604e-01,3.331146204920552023e-01,-2.457003295481613225e+00,2.271194089814864370e+00,-1.026950789360498995e+00,-5.594980933084061636e-01,3.697215302238086476e+00,-3.643945180543502360e+00,-2.488460171448013014e+00,2.190144870346286687e+00,8.270470089894310650e-01,9.075307148895150888e-02,1.812197621633621747e+00,2.327783014406633377e+00,2.861437570225083604e+00,-2.233661978902373058e+00,-2.787873797301816392e+00,2.687563026395759724e+00,-1.418617347419713459e+00,-6.010087433347670594e-01,-6.156368548375115157e-01,-1.537369489475044038e+00,-1.868854192854074281e+00,-2.124674331948388062e+00,-2.672921488108729537e+00,1.561514649271398936e+00,-2.812819655262307705e+00,3.638001062100308047e+00,-9.632626004386406482e-01,6.156290145279827541e+00,-1.345557139623940746e+00,-1.696014010355742840e+00,2.891913100976942097e+00,-1.206970401162372752e-01,1.961032335576837982e+00,3.308069826807740643e+00,2.817022182273920539e-01,-1.249599602870098414e-01,9.689287993899351470e-01,-1.440231251622601238e+00,-4.422363531118103985e+00,7.800894962269151467e-01,1.580274959994971029e+00,1.199805286948442351e+00,-1.688476592876837934e+00,-2.743421072443326669e-01,-2.623960064000188552e+00,-5.637418694338895975e-01,9.617848517908202943e-01
2.136203677357137121e+00,2.315203903229032800e+00,1.143762217316415031e+00,-2.710647189779883615e+00,1.371640053911031831e-01,-3.906724197600611070e+00,3.293277391732534198e+00,-2.819113853026204541e+00,1.819346404383186178e+00,2.726862271268172488e+00,-4.988476684490496638e+00,1.516742501028952583e-01,3.713684769697210286e-01,-1.081793643493459411e-01,1.522513877576770147e+00,6.013273132841121527e-01,2.231929911067030314e+00,-1.774651724250841500e+00,1.081714651787999415e+00,-3.629410424916653000e+00,2.790757668517338530e+00,3.210959474581641437e+00,-3.405509071726632975e+00,-2.414018529100153021e+00,-2.613112178690841780e-01,-1.025464901411366814e+00,-3.547631333511760410e-01,3.320961295614349718e-01,2.178983737569274659e+00,3.694514365911960585e+00,-1.347062169309314550e+00,-4.089161710850508058e+00,2.527789163046344267e+00,-2.754394872261003435e+00,-1.907444379089067166e-01,-3.796699704034656619e+00,-4.284714803818060247e+00,-1.521746184494103260e-01,-1.851077922166117551e+00,1.880519063777859046e-01,-2.067419507446488502e-03,-2.678046560607765247e+00,3.617087754193180071e+00,-1.311201787646022687e+00,4.867706534408476671e+00,-2.840429367058787236e+00,4.780913387501095624e-01,1.736226793374325617e+00,5.259683510801229644e-01,2.059423066358236909e+00,2.011576122529614263e+00,-2.410553474091850501e-02,1.936581066808710228e+00,-1.787533674381071025e+00,-8.703089770591231344e-01,-2.928312233380200968e+00,3.551398085456258791e-01,1.648916469270390373e+00,7.802027115458292084e-01,-2.939449529570396180e+00,-2.048225778043784584e-01,-1.091129619951743734e+00,-1.431418496868279489e+00,2.324917640919522910e+00
2.075416847758449368e+00,2.293976241028599983e+00,-1.834270843330338518e+00,-1.420644074842217552e+00,-2.402024499367414023e+00,-1.784151845870457498e+00,2.704393424633869003e+00,-1.072253279597603637e-01,5.496914214409927002e-01,-1.027626749265675432e+00,-3.305750330362110745e+00,2.933981878789099440e+00,-1.945236943537839824e+00,2.582015980792728427e-01,-3.432728572209039486e-01,-3.936058632621866060e-01,-2.723133989275117184e-01,-1.637183523021234155e+00,4.062503791900835992e+00,-2.054391546258478307e+00,1.568603452618696048e+00,7.801629385970612063e-01,-4.965333912786213943e+00,-2.591821317935069313e+00,3.115263158856476977e+00,-5.908955213229876158e-01,-2.849925420149628241e-01,2.146751749736648396e+00,3.964266603974648362e+00,-2.918474600283511577e-01,7.376669599076632888e-01,-4.162031156555167755e+00,3.821750965185410909e-01,-6.531096124280140192e-01,-1.532254437436042283e+00,-2.235090776180117977e+00,-4.046869254291946660e+00,1.198679802651170245e+00,-1.611276327349761228e+00,-1.184604259262244552e+00,2.985099949505774397e+00,-2.029800109682453169e+00,2.246209508136020272e+00,-4.019351915059365510e+00,3.830684009071011253e+00,-4.101734377844987733e+00,-1.169265756981050730e+00,4.732342800767058044e+00,1.619991393380123545e-01,4.116612366252851096e+00,2.440596630959443125e+00,-9.800361030724663580e-01,2.061981063104509904e+00,3.037132525633015945e+00,-2.906805213904188889e-01,-1.852469316000294075e+00,1.795260548244495880e+00,1.983057599225201750e+00,2.179850702191632017e+00,-8.971871284275392266e-01,1.527966087675177276e+00,-1.208500192661081662e+00,-1.563819730549536935e+00,2.006059791747691889e+00
1.022985200495956537e+00,-9.149114941591518502e-02,-9.617011606753702591e-01,-1.584796379390433163e+00,-1.111783967333290768e-01,-1.278836814002874300e+00,-4.067708679791657289e-01,-1.962344974627780569e+00,5.348714886952292691e-01,6.584124866639105012e-01,-4.361560904166603692e+00,2.415596367421063206e+00,-2.254449098505241444e+00,-2.270929978610138900e+00,7.576034885516530482e-01,-1.387044388903549752e+00,1.130262643123418842e+00,-4.039756855362544030e+00,2.300817637679691607e+00,-2.388839187174183198e-01,6.869370589724620446e-01,4.211635272949443731e+00,-1.784096674733040899e+00,-1.155405309041133366e+00,2.267284158953446482e+00,-2.524461727689705004e+00,2.420344114572047012e+00,-2.617697170494759362e-02,5.088494074438268955e-01,9.506098332838350817e-01,-6.448041697727089350e-01,-3.506998092631336661e+00,8.951575165583314231e-04,3.846298888538546290e-01,-7.708187772330361565e-01,-1.840728465676311210e-01,-3.341268155147518737e+00,3.320788408857668350e-01,-2.886969460936759102e+00,-2.301253015090316989e+00,1.605756241351767644e+00,-2.125489512571141049e+00,4.328988030531870201e+00,-1.119173652631288540e+00,2.452648249801004265e+00,-2.279173675661106735e+00,-6.720682955968746430e-01,2.902435310229096288e+00,-6.558111643060064999e-01,2.787066188835930269e+00,3.535349746507129520e+00,3.429665407123182685e+00,1.366378519897443744e-01,3.042150655400125414e-01,-1.699663269854944758e+00,-1.908202714351581619e+00,-5.093212212775029002e-01,-1.860993863477752308e-01,3.693220255524800599e+00,-5.447126444073082663e-01,1.071425745566674803e-01,7.733813555436142018e-02,-2.695440923306900327e+00,7.500725350504039435e-01
-1.648921514268277821e-01,1.981566674112026805e+00,3.478919668552781452e+00,8.199091604717407833e-01,-2.158159625540478466e+00,-2.027932371930431188e+00,2.886532486291166322e+00,-9.202207737991126013e-01,4.812989659400186415e-01,-1.369054516228134677e+00,-4.525567629017226423e+00,2.935554947038188089e-02,5.532881683868554612e-01,-5.440989773103706018e-01,9.476816285341216339e-01,-1.699241636763775265e+00,3.990319750650633823e-01,-2.279761858320910495e+00,8.332477784233462970e-01,-2.585956748758729828e-01,-3.182442776113612037e-01,3.356034351954157557e+00,-2.550239791857803251e+00,-8.548791749905941817e-01,1.816612824174032914e+00,1.532812679463519956e-01,2.213634078392692661e+00,2.603456832215293559e+00,-3.761819025980068787e-01,2.441681817865227089e+00,-2.639578094284096288e+00,-2.376042509805178948e+00,-9.230197862783762197e-01,-1.344077033365646434e+00,-1.641915587139595623e+00,-3.210848822143105075e+00,-3.294325353607798768e+00,-1.814133748816299185e+00,-3.381760445512873581e+00,-1.226738340068931787e+00,-1.551489292999562952e+00,-3.519043688958810812e+00,3.774020267234283299e+00,-2.072344085421229387e-01,2.256741876768665556e+00,-2.894958142023685621e+00,1.094846544131678590e+00,7.300611362743842925e-01,1.089729203711109928e+00,1.938350354570649303e+00,2.396525779514455223e+00,9.370598552545346127e-01,-1.234778134103476477e+00,-7.849333875562147789e-01,-2.453499224795038458e+00,-3.262208492074628818e+00,-5.621925973254224829e-01,4.751159882209799457e-01,1.891638076337259999e+00,-6.854811237749935948e-01,3.140513614774226303e-01,-6.600156562041492592e-01,-8.521389940048170741e-01,6.105730025669838801e-01
2.090895623377639900e+00,1.963875567513293952e+00,8.820646296466773117e-01,-2.894146646264890155e+00,-1.951910167986588007e+00,-1.585991755080321308e+00,1.139823889640490417e+00,-1.184785549984360475e+00,2.364196491166970837e+00,6.772298544477661775e-01,-3.897745979633812752e+00,7.903101217019203872e-03,2.506331267402309160e-02,-6.649339268432503669e-01,2.994193648715553824e+00,-1.110802444038341497e+00,3.057758900838347671e-01,-1.227654342773565554e+00,4.128548121315861685e+00,-2.250077712485375248e+00,-2.654525210863629692e-01,2.556020121053177885e+00,-2.611240008958810144e+00,-1.240194290444200043e+00,2.560010888074923940e+00,-1.998355074448594504e-01,1.886420320460375555e+00,2.421373320674991447e+00,9.921748032180717214e-01,1.059023081256604382e+00,-3.081379243587795358e+00,-2.155603248087281543e+00,1.512643829975389043e+00,-3.156747462766668733e+00,6.976727853949520330e-01,-1.635197508096188912e+00,-3.019879110705977698e+00,1.342819502000297760e+00,-1.494543309805712594e+00,-1.717677728606647358e+00,1.140403235236248314e+00,-3.395913874336833338e+00,3.894222846974443097e+00,-1.777178970164726701e+00,4.046869088519678748e+00,-3.680101243560092605e+00,1.158717729719778600e+00,2.596018212002327186e+00,1.294614949812094462e+00,3.754229141928450808e+00,4.148238920318039646e+00,3.337641578536285070e-02,-1.329846751213696443e+00,-5.769737828889128783e-01,-3.129014294460453094e+00,-3.433133833556300196e+00,-6.204698549601792568e-01,2.900874551083969521e-01,3.835955380371629975e+00,-1.921695640325222776e-01,-1.025723238790994030e+00,-7.798469215187714410e-01,3.140171369937685419e-01,2.498544670328294082e+00
1.979727136422251066e+00,4.236582596022911318e+00,1.115699013295247261e-01,-3.294507847191415095e+00,-1.901219232644737689e+00,-1.359059402346262768e+00,1.371880118165711426e+00,-8.683361242594249685e-01,-4.250736536671434473e-03,1.664421258249803692e+00,-2.038643468174522688e+00,-5.772240401841643997e-01,1.288217158286566466e-01,5.453581205682516142e-01,2.204015072763063188e+00,9.075229021914721361e-02,7.711466735071643708e-01,-4.281969209247487917e+00,3.422720124736025937e+00,8.823779225661980696e-01,-2.441397024350420164e+00,4.171856658511785554e+00,-2.546506332047812293e+00,-5.470870068873097125e-01,1.133678015212823187e+00,-1.091828367818967749e-01,2.116996504506837073e+00,1.694395100662622999e+00,-3.896155789719171203e-01,1.193830392212490210e+00,8.825415956782554083e-01,-3.031625732603224321e+00,1.180040767054276518e+00,-1.887565660070179785e+00,-1.268126423957494309e+00,-1.852334047800851424e+00,-1.555461023627611405e+00,9.401051248281858674e-01,-2.444155078778770473e+00,-1.199999723823004016e+00,-2.944002700217277502e-01,-5.086706012972957325e+00,4.530959206578527798e+00,-6.891243594794287386e-01,1.114474853589904946e+00,-2.313662666408333735e+00,-1.573134187233199199e+00,3.650089203936904614e+00,1.341367567217188084e+00,1.955954710338531966e+00,4.013146003980610388e+00,9.243341691118409642e-01,-4.155033849339189733e-01,-9.300719837554123348e-01,-2.065132668660210058e+00,-4.154552948278795732e-01,-5.366916634346551307e-01,1.436167048285456049e-01,3.833974270912499982e+00,-2.571874042690588613e+00,3.938866729935784905e-01,-2.704751521659097158e+00,-4.533707976081059243e+00,3.095401693609128646e+00
-3.791907720152383199e-01,3.439447396038184834e+00,-4.326489036322204718e-01,-2.279389223151082611e+00,-3.737334830067949198e+00,-1.491299396501121199e+00,2.353360370628962972e+00,-3.685880312405525494e+00,-2.558042385089344117e-01,1.130313817468630244e+00,-2.469743321006998116e+00,-2.647259437871134491e-01,-1.187765986004660990e+00,2.085782402907525146e+00,4.445490288559066361e-01,-2.008918388964029411e+00,-1.591555212445435963e+00,-2.906122472196865480e+00,4.139263348323038549e+00,-2.485774366734720964e+00,2.840402995393577434e+00,2.880532825715281575e+00,-1.617020717059737045e+00,-4.103021900534069566e+00,7.119178898063347471e-01,3.545355908895269081e-01,-1.667086220884854697e+00,1.582101829456669773e+00,1.306086740227655474e+00,1.880233161413676912e+00,-2.251356461701439216e+00,-4.460472609524246401e+00,4.280303286135253016e-01,1.090472536355692412e+00,-9.122573122915366151e-01,2.949126779794675191e-01,-3.095354613662717469e-01,-5.550000407061644880e-01,-1.871397655452227582e+00,6.274156452693138153e-01,1.690574474523880433e+00,-1.357785937746389449e+00,1.792209296724483147e+00,-6.392436924619638861e-01,2.295005907143911283e+00,-3.005229121885776067e+00,1.804911821764483282e-01,4.188474730446928085e+00,-7.927770069883573190e-02,8.796273055278779340e-01,5.116549848797073530e+00,2.263233335869797358e+00,-2.526073942475095979e+00,-1.728369149075852373e+00,9.753138299118231380e-01,-7.901232118912124847e-01,-1.802500718578162964e+00,3.881079538866052392e-01,5.055018312667014513e-02,-5.608465565220714932e-01,9.377532435377816666e-02,-2.126135078707776405e+00,8.476127693233048710e-02,1.717280667321359200e-01
6.635778785277453018e-01,7.825708527574888329e-01,1.661351536061279166e+00,6.385497235894044277e-01,-2.114839838405062622e+00,-6.217185162741969418e-01,3.377638916917728995e-01,-6.989883524498707867e-01,-4.443720640612229822e-01,2.089077075000350669e-01,-5.356041101589079645e+00,2.097831173399161919e+00,3.760026257961739393e-01,-1.233434347228477224e+00,-1.664529752065294632e-01,-1.982422323842453205e+00,9.400972026419986971e-01,-3.306021987372031123e+00,3.219696696353105736e+00,-1.530781374826912788e+00,8.184777794511645110e-01,1.747498022856890154e+00,-1.792715328936917984e+00,-3.419395873464201152e+00,-2.036165288083937597e-01,1.923467255033736389e+00,-1.561521366648661591e-01,6.622486852762008436e-01,1.858167078351262491e+00,-4.835802291356787741e-01,-1.156525062380271862e+00,-2.526601927364311884e+00,8.653602352386251528e-01,-1.437366576490048953e+00,-1.431552751590993822e+00,-1.792682560658387381e+00,-4.257490757539979853e+00,1.035324525443630794e-01,-2.226341564058865963e+00,-2.468044690352345860e+00,-4.071480405057540386e-01,-3.624951141552249290e+00,1.710239414494535426e+00,-3.945456786680552330e+00,1.873910613658389179e+00,-1.136649278537054109e+00,1.348186596934525472e+00,2.594824934930187510e+00,-2.484120780332214729e+00,8.757650339007965190e-01,3.634147945704555571e+00,-2.733520941052521636e+00,6.290144992310889860e-01,-6.193139591251139997e-01,-1.058042991619573270e+00,-1.794592397670608630e+00,-1.059619495834724034e+00,-2.366431159687576002e+00,2.294273200344854047e+00,-8.313308762303091015e-01,2.328521161450652688e+00,-2.322850016652065364e+00,-3.969055096091711032e+00,-1.596400704207701526e+00
3.607695503699208661e+00,4.919068789328684410e-02,1.651410416104864609e+00,-3.528084890704368259e-01,-2.420234255297091686e+00,-2.257367686202667034e+00,2.222067949196055103e+00,-2.401269191889887189e+00,1.072216238584972725e+00,-5.306833287387074938e-01,-1.068967460746301334e+00,1.640628603683101927e+00,-9.240611337627515631e-01,6.414019259794467853e-01,-3.167765458308136051e-01,-8.266428358178872227e-01,5.061016912604554108e+00,-2.056178101801423352e+00,3.173562572616717148e+00,-2.252455571205628226e-01,3.054273511455593559e-01,3.495737159362205304e+00,-8.041415988156392913e-01,-2.487817001805880501e+00,1.645189163184111791e+00,-4.866198090163404988e-01,1.117484759638827763e+00,9.731954780873738331e-01,2.793298268111584770e-01,2.430141572601835609e+00,-6.880958791951787834e-01,-1.009089216703369596e+00,3.406489636694221890e+00,-1.815747202660591864e+00,-1.249725016475571993e+00,-2.051977020207172320e+00,-1.662983601830703151e-01,9.767147364577257740e-01,-2.254914046617821910e-01,2.505137268596628886e-01,2.314996647505171534e+00,-4.285148669962823398e+00,4.546354812954852775e+00,-2.613100193205990074e+00,4.821514439896338544e+00,-1.821516747793789692e+00,-1.543210514960425161e+00,4.056653664911175738e+00,1.732605891510896057e-01,6.189799526628620985e-01,2.459967967196400096e+00,1.058331134827106945e+00,-2.019145441494070436e-03,-8.036568141835616075e-01,-2.630075236923623550e+00,-2.842559813412508962e+00,-3.581611615287912276e+00,7.288842062283953371e-01,1.120740182474050828e+00,-2.290773430431433333e+00,-9.840742480706267115e-01,-2.573087969295751787e+00,-3.085631018059324937e+00,1.064663032935630138e+00
7.727139755821423872e-01,5.863012166468755115e-01,1.783835624592170488e-01,-1.462469803398394941e+00,-1.210496995252436925e-01,-4.741926897698407473e+00,2.242553998984953889e+00,-8.096542218636584298e-01,-3.497717007978353720e-01,-1.277971778106921308e+00,-5.741450977846698223e+00,-5.324344081487564218e-02,-2.066879536969903342e+00,2.411284391447965803e+00,6.118407055621567503e-01,-1.020671330836670498e-01,2.275233216041132600e+00,-5.173623281856538636e-01,6.164781101013803166e+00,-1.442680803149971158e+00,1.323648235560182851e+00,3.407820933525404605e+00,-2.871638061765168892e+00,-1.441925391159034398e+00,2.916696403122739589e+00,-1.065843135048731849e+00,1.552243227841423323e+00,1.126116278053765241e+00,7.879444869237088866e-01,1.821409466826672707e+00,-1.229214514179998607e+00,-3.604866753207034868e+00,3.040672450083013345e+00,-3.161506541192573572e-01,-1.666857786870087565e+00,-1.429824782831002450e+00,-2.310492314386140666e+00,9.624395886774786968e-01,-3.056081532489186348e+00,-1.468582104171136216e+00,5.982621353550232612e-01,-5.982100192633371449e+00,3.830688788696446245e+00,-1.437790958796577145e+00,3.023152495011766749e+00,-1.502935205373588046e+00,3.402189208266210407e+00,4.109126094507534077e+00,-5.320279209448687263e-01,3.458410454619616381e+00,3.913485931387111094e+00,-1.959794006837548563e+00,-1.266597809337620228e+00,-1.165897415180692676e+00,-1.140066250250563851e+00,-1.221251190337553583e+00,-3.292563248642235152e-01,5.521491584562625565e-01,2.361751327602479300e+00,-2.963342318050235846e+00,-1.657534288102396447e+00,-2.164926817503776579e+00,-2.749499429358788660e+00,-1.665954633910762261e-01
8.801105955637359424e-01,2.718912079692777262e+00,3.584681704373440692e+00,-2.170641047338632390e+00,-8.504553964312110415e-01,-3.096156361574181837e+00,2.288761915455945761e+00,-2.349600026558410271e+00,1.916344058170681652e+00,-5.416534153579068978e-01,-3.854490414560159284e+00,3.653403681701300476e-01,-8.026032629128553031e-02,1.441274996657187502e-01,2.273187048305309044e-01,-6.636983347314896475e-01,-3.043206442315027349e-01,-5.950023797587413732e-01,2.848789330664066366e+00,-4.248289043429365752e-01,2.477380148369898727e+00,4.046787616987248093e+00,-4.370967153486146728e+00,-2.621885389594427629e+00,2.063087945750808228e+00,-1.961301663436966214e-01,1.359339002880322056e+00,1.253974065794105863e+00,2.383231555754433018e+00,2.767217084305824137e-01,2.693835944794378268e-01,-1.622337810194735441e+00,1.703713461975698618e+00,-9.583258502175086013e-01,-7.561659741392665612e-01,-3.191416444187340495e-01,-4.453995355899504460e+00,5.494414776866057837e-01,-1.052346477813346448e+00,-1.810076858071348882e+00,8.597325598588801965e-01,-2.713164863499398116e+00,3.408021374393173097e+00,8.955393014158152809e-01,3.026024609223266992e+00,-2.682961546937696173e+00,1.614394410302885330e+00,2.325088051727957073e+00,-9.383010606097296202e-01,2.068897328632989474e+00,4.396434803559575499e+00,-5.998160448091222063e-01,1.027534041717787228e-01,-8.256071412006990018e-01,-1.786033284674016341e+00,-3.794052388230073181e+00,-1.285687799998782133e+00,1.035092613744899026e-01,2.013422573546138405e+00,-3.222930723864853242e+00,1.956401286751978219e+00,-2.531283493549348229e+00,-3.220684575426234542e+00,-7.323745117399793614e-02
1.315854709538224698e+00,3.091294529066983099e+00,5.832133448398947317e-01,-1.322074155209270963e+00,-3.252269878978294226e+00,-2.691336938959325131e+00,3.507992931048037555e+00,-2.489915513140906533e+00,-4.707095507331553463e-01,3.535494279138572393e-01,-1.583398599628677905e+00,1.570136872854795751e+00,-1.800575737278315547e+00,-5.325894864077493907e-01,4.965236088509095147e-02,5.511195816664091751e-01,2.415945159808732257e+00,-2.337997748964907974e+00,-1.337722645361374418e-01,-8.932823860136760441e-01,-5.280868425725990800e-01,2.634766324097578494e+00,-4.420912062793823871e+00,-1.992305219765460711e+00,1.409423872219581764e+00,-1.971051645982853096e+00,7.216232825093155112e-01,5.774981018539072641e-01,1.588568737057927116e-01,1.363132234257189879e+00,2.766157902448664885e-01,-3.885675417329673920e+00,1.402417692506810809e+00,-4.324102263166944571e-01,-4.708643298119152831e-04,-2.094614601649614549e+00,-2.923137630215567384e+00,-2.836240001479278239e-01,-9.718334557359382675e-01,-1.043371623853168728e+00,1.554619051256127760e+00,-2.478258985055306063e+00,4.384797724107459160e+00,4.125600345367232968e-01,1.013065024146423632e+00,-3.566409714903871819e+00,1.347703193349280459e+00,4.008283411392901563e+00,3.052617052019862554e-02,1.740629762062609220e+00,5.897998279571380564e+00,-5.878786601087163111e-02,1.094556714029040423e+00,-7.250133974504009426e-01,6.483494553329616217e-01,-3.980588776367870008e+00,5.779194717825955063e-01,-1.652874639839358117e+00,2.233275597034360516e+00,-2.233381776360755300e+00,-3.466944758526931403e-01,-3.812644172404501042e+00,-3.284746468449666779e+00,2.618585556147052351e+00
1.596747911893659388e+00,1.722978763016161263e+00,5.508856460091842155e-01,9.988138740107883606e-01,-3.090054470166664125e+00,-2.062996580835203986e+00,9.275944722563009837e-01,-4.099621277354537519e+00,1.112577974814502602e+00,-7.157612302259221959e-01,-3.703721169766686305e+00,1.466905623720498930e+00,-2.952864644124735705e+00,1.262633370050559645e+00,1.303095735273192446e+00,-5.987412667551025303e-01,1.896224880212616482e+00,-3.168593235487049409e+00,3.192879746684695874e+00,-1.549816796773647143e+00,3.813202631540733023e-01,2.493781262658902875e+00,-4.190675254789585580e+00,-2.930026380614285664e+00,2.405891264127576257e+00,-4.167572137618827943e-01,-2.826188549409189843e-01,-3.683606261213165922e-01,1.695109382898544181e+00,1.689682091428854172e+00,6.384131545328997070e-01,-3.591561218819093959e+00,1.510767965327294737e+00,-1.036387152505422460e+00,-1.004370097713632504e+00,-2.805750263227328567e+00,-1.528423223282597387e+00,5.908386161166648831e-01,-2.478857768029750552e+00,-2.087964618868629607e+00,2.049360324108047138e+00,-2.977800532672714162e-01,2.124771946411981638e+00,-1.722011173199992307e+00,3.181490443093171194e+00,-2.999399222002412824e+00,3.502507489976432797e+00,1.201479389040127854e+00,-2.350512998796565167e+00,7.361279248630814287e-02,1.888070612963837602e+00,-1.586674270870883863e+00,-1.237560824652169655e-01,-7.910384671049964789e-01,-1.564388636783243580e+00,-3.428777500603668926e+00,4.337204670452882160e-01,1.149034279415726889e+00,2.445040894220417371e+00,-7.646549622818796799e-01,6.749605695304303765e-01,2.720375040353075757e-01,-1.137811799818787106e+00,1.151550906236174621e+00
1.765240580692110317e+00,1.982735867557518405e+00,-6.690381506912371767e-01,-2.621976070308023488e+00,-2.057960340102663821e+00,-4.358108919617118548e-01,2.652244713072108961e+00,-4.766363341073504678e+00,2.003456825509537964e+00,-1.113633824156271324e+00,-3.356368005563020063e+00,1.883276075701867169e+00,-1.036564960473554287e+00,-4.023083025041558347e-01,8.276917322729276938e-01,1.538070822359074885e+00,-5.355844697622680339e-01,-3.511159224955583191e+00,3.033591017206062723e+00,-2.002495658335212703e-02,2.236234358483477180e+00,3.882936796269651047e+00,-2.478334299367199733e+00,-1.323551450871080837e+00,2.354967551967975137e+00,1.860330676689065044e+00,3.757839141063408661e+00,3.268369421994547608e+00,6.372905754486618557e-01,1.116429511934367458e+00,-6.874208370102341537e-01,-3.227008025018800907e+00,2.958283548881956992e-01,8.975100996863969449e-01,-4.710936990275746972e-01,-2.901862809451444480e+00,-6.514559533198580610e-01,-9.611728113489992342e-02,-1.183101901735118311e+00,-2.023532852745889787e+00,7.624038925886231777e-01,-4.622849482204745897e+00,1.430930695903913863e+00,-1.060987197053435471e+00,1.160330512173354478e+00,-3.452704479804107329e+00,-1.021780635558807715e+00,2.411304828774120335e+00,-2.542896351724198034e+00,1.644371197896639991e+00,3.076035837613900981e+00,1.587814171033681276e-01,1.203829406232528321e+00,-7.511162684764702835e-01,6.364965993003668387e-02,-4.167591049735152708e+00,-1.329325457988288051e+00,-4.123936155294763983e-01,1.949046741548603023e+00,-8.505527076016781152e-01,-2.033718369696608796e+00,-3.642471245817252345e+00,-2.876653139197473674e-01,3.220668503939430050e+00
1.789271023358886659e+00,4.343327969155931001e+00,1.882047699578196787e-01,1.523516746179841341e+00,-1.338564020303828261e+00,-6.183698850996248719e-01,-2.529308757677628527e-01,-1.722950540463767943e+00,-3.710285300845317380e-02,-1.705336996252370785e+00,-3.699012049082664788e+00,1.131132235201784741e+00,1.993369734027526263e+00,2.186020346849600671e+00,5.613652577915826392e-01,-6.056726165763454128e-02,-6.330095547514105192e-01,-2.171195704761696099e+00,4.139390018720472852e+00,-6.707477848581868685e-01,9.354005711632193965e-01,3.716064110969981904e+00,-2.371332220492921028e+00,-3.742439334587875699e+00,2.639747570500492913e+00,-5.357423126169944538e-01,3.007025852161378410e+00,7.056782762569240308e-01,-5.217913177968906968e-01,4.358066254097178849e+00,-1.338795317663290962e+00,-4.719171938194788751e+00,2.994357337464139235e+00,-2.322608327460758959e-01,1.756787535544061640e+00,-2.290086441461676614e+00,-2.609813452146157786e+00,1.811709980921536733e-01,-1.898789043872915583e+00,1.703770521488525702e-01,-1.990788128276728131e+00,-1.306169250676598503e+00,1.953300048792502297e+00,-6.200167903708964090e-02,3.623892241165162176e+00,-4.119635643452908447e+00,1.845102810600690368e+00,3.407402504061098458e+00,7.199719163089391971e-01,2.109863666283955830e+00,2.682317589088162091e+00,-1.008828830232605167e+00,-1.158020644076530825e+00,-9.761943215977858523e-02,-2.746530278505246336e+00,-1.467515485349122129e+00,1.315156716217749100e+00,2.206840047638466196e+00,2.924947324111313751e+00,-1.606095020141943719e+00,-1.877112742610827223e-01,-3.680565527253306435e+00,-7.069863417216545320e-01,2.164649556840104516e+00
-8.865004749582579002e-01,3.189423874651676094e+00,1.073564164206779248e+00,-4.156932076730459058e-01,-6.243060271538206640e-01,-2.444929228317279435e+00,1.657820418815439067e+00,2.372185424687012212e-01,-6.725672751742650668e-02,-2.571127241873729652e-01,-4.230018288683199401e+00,3.582871303328167834e-01,4.169196004677789280e-01,1.467155698721184010e+00,2.229834360825424078e+00,-1.825737540592930364e+00,7.219158315740890064e-01,-1.333467646819802566e+00,1.260228311222696407e+00,-2.196974955865598211e+00,2.942337408423548073e+00,3.306020960461886204e+00,-1.565962776736717910e+00,-4.598640469129726682e+00,1.873174606441318613e+00,-1.056514250101560748e+00,-1.376308771738812275e-01,6.996410924739085990e-01,-2.959623310137236007e-01,8.645475966476701135e-01,-2.125638370814756151e+00,-5.226986236508212258e+00,2.412210597896704112e+00,-1.592413053691558833e+00,1.582288648588171753e+00,-3.024888893373486987e+00,-4.290108696654461262e+00,6.493977341212582299e-01,-1.042318739699849228e+00,-5.536756621924944222e-01,1.432286430339945404e+00,-2.469369767043075647e+00,2.263930513489055940e+00,-9.506783139416615791e-01,4.712845806798719117e+00,-4.520044935103705086e+00,1.243856355275583803e-01,8.791845230825034996e-01,-1.747223568406693905e+00,-9.484261620118061842e-02,3.473630062852105294e+00,3.006681837610630570e+00,2.595205036956190758e-01,1.565291641886811247e-01,-2.891627727992839070e+00,-3.302691349587675962e+00,9.074039290933733071e-02,3.373017854701647611e-01,2.135180366138314412e+00,-1.393203781838395550e+00,-1.173072844813732640e+00,9.629207944452520263e-01,-3.575324200706874400e+00,1.883389373414909418e+00
1.618365363446842453e+00,1.079907640014382109e+00,7.697641395820030707e-01,-5.970077931818968953e-01,-1.037486963785073879e+00,-1.487800624044594677e+00,-1.274995878432013452e+00,-1.678548159234692694e+00,2.108968145502072566e+00,7.875122171600036358e-01,-2.680352207845516865e+00,9.071546436810520309e-01,4.441258034573489777e-01,2.894215177155577745e+00,2.034351915938041877e+00,1.592321964693770298e-01,2.620091070920265608e+00,-5.792770043817871972e-01,1.842777947680122930e+00,-4.859772724225099871e-01,6.813148254273275750e-01,4.096266098904616015e+00,-2.604738548159786227e+00,-1.863824234124942247e+00,1.480781416349238988e+00,1.273452363029218048e+00,-1.400221088191013763e-01,1.391856544118561523e+00,1.393763456135179934e+00,3.125271062840902836e+00,-3.151567079661298454e+00,-2.076913559569895540e+00,-2.562000650106315724e+00,-1.785350663887883105e+00,3.321434820333020177e-01,-4.128323218005957251e+00,-1.814502992190817787e+00,3.778616787408934363e-01,-1.191019321669200437e+00,-3.569229764960650364e+00,2.444481322095055198e+00,-3.446423601841754447e+00,4.097818262905621900e+00,-3.318688737174926295e+00,4.130860906089301565e+00,-1.651245282686035321e+00,2.708793447159713264e+00,3.245681546157159314e+00,1.819807366490671097e+00,2.390551264409777055e+00,1.858467656889032593e+00,4.362634372331017918e-01,-1.454510696984346652e+00,-7.244657191943000285e-01,-3.566615397784060448e+00,-1.510402780746597839e+00,-1.241536557760007486e+00,3.392451122582419654e+00,1.876351812050755630e+00,-1.837525947926416325e+00,-8.434027055883164259e-01,-7.392301261610465524e-01,-3.375313603977168064e+00,2.154006625196257296e+00
1.551656948428502991e+00,1.471801595758262193e+00,-4.354409819011458849e-01,-1.613154800362092134e+00,4.315138835001866013e-01,4.669671662113963340e-01,1.587373420076546138e+00,-1.448118293146209989e+00,2.444070978276324801e+00,-1.912112099285772360e-01,-2.876065179158728391e+00,-5.694440934223150563e-01,1.643372520534677195e+00,9.639639578113152751e-01,-1.886670143972829505e-01,1.308104578208024726e-01,-7.385396312696530519e-01,-3.940238364323765730e+00,2.556404234908833395e+00,2.983219829828598346e-02,2.544362408209081661e+00,1.549531710852589672e+00,-2.038964798086022157e+00,-1.963388980994643873e+00,-2.990843702145087324e-01,5.264475089997346924e-01,4.894702069824006241e-01,3.348244814735243491e+00,1.121024335645016912e+00,3.610577371074867425e+00,-2.030491820893380428e+00,-2.789317725949033377e+00,-7.335919041995146994e-01,-1.862145275197851557e+00,-3.338406862247552676e-01,-5.436814455989196215e-01,-4.213026829417749752e+00,2.269796008357952033e+00,-1.012540023898672814e+00,1.463497234662223256e-01,1.340467543500709624e+00,-1.783685690952573566e+00,4.291534695052027004e+00,-3.787921038112696870e+00,3.249023143170850503e+00,-2.530099950699824074e+00,1.439137179483304108e+00,1.647885411501878394e+00,5.315039546393030001e-02,2.273654729583662437e+00,2.773670772203362223e+00,9.955428064476563588e-01,9.389573573749199209e-01,-4.251525849886617081e-01,-3.354067027611925766e+00,-2.376279172265455486e+00,5.367428423240394597e-03,6.077369810788022519e-01,1.716425625478223971e+00,-3.223045272506314340e+00,-3.574565003695970411e+00,-1.812975314813652483e+00,-2.533001331018322144e+00,1.529064806112854225e-01
2.421712878928278911e+00,-7.527063074105200258e-02,3.841695604184811597e-01,-1.272138540761423187e+00,3.012860990452766785e+00,-2.610951305544701562e+00,2.054548113242574026e+00,-1.341173490701375481e+00,5.385962000348694101e-01,-9.631504028266530959e-01,-3.658853829064673491e+00,1.457898324664994805e+00,-1.216614740193895372e+00,1.721650949908606121e+00,-2.040702227388624390e-01,-5.143666805895638072e-01,1.498817629329997070e+00,-3.671562209306483915e+00,3.914332960342012058e+00,-1.910465917496391608e+00,-7.312691747279742582e-01,2.604147347174591509e+00,-2.878822371836017524e+00,-3.278235067465453234e+00,1.121443092675411979e+00,-1.970989574044579307e-02,3.703972936122303050e+00,1.331830684254346586e+00,8.822572434465044688e-01,-7.225457950005544916e-01,7.499315070511372028e-01,-2.699234873638740595e+00,1.637682299583174572e+00,-1.605829159970066033e+00,-1.279494765821875824e-01,-9.375340643510851057e-01,-1.274133369712510566e+00,1.247184304920889053e+00,-2.311334796434167949e+00,-2.903162002239531247e+00,4.425860568708915865e-01,-2.066104050318027241e+00,4.088257778624610594e+00,-3.685087403272737205e+00,3.207084843528843709e+00,-4.839855327523808093e+00,-1.872378903199317879e+00,2.191878091813686424e+00,3.467256999793030814e-01,9.010675543652377772e-01,4.344115640779781629e+00,-1.377120564386285162e+00,-1.490452757016162755e+00,-1.327999500881960060e+00,9.407186336768833534e-01,-1.296444108865688394e+00,5.492829938731914607e-01,8.369578017856421637e-01,2.424121129617399895e+00,-7.679169806751966476e-01,1.446535813216434652e-01,-2.158820022636542380e+00,-3.085053399674959618e-01,5.694033750327397447e-01
1.083551661017013501e+00,1.684848964934728688e+00,2.444594613495317592e+00,6.215497867933668097e-01,-1.578045093513705366e+00,-2.817681942908803805e+00,2.410931382523796351e+00,-7.768132834935708164e-01,-2.122988566414512057e+00,-4.172554946074043536e-01,-4.895813690975328925e+00,9.299025654519106343e-01,-8.467207350157921475e-01,-7.167176670645001302e-01,-2.342218206379430789e+00,-2.306546130824933538e-01,-3.745014445592542707e-01,-3.549755343815438557e+00,3.219132418298419562e+00,-2.655133382228094252e-01,-1.793474695088373982e-01,-3.249267661801136242e-02,-2.300686287303263633e+00,-1.100831504839069330e+00,5.333414425618396848e-01,-2.808036028836324416e+00,-7.747443752735039268e-01,1.125148221877108723e+00,-8.390263083782494302e-01,4.309437030294192006e-01,-3.168627763439558986e+00,-4.407308605181065708e+00,1.055131709534760098e-01,-8.595332094375390808e-01,1.724060544143348750e+00,-9.453766874899814932e-01,-5.679219547293269166e+00,1.671042422223731005e+00,-1.226732082282627978e+00,-1.906230365988025532e+00,1.328732014073622292e+00,-4.213963087665709928e+00,1.968614216127134275e+00,-3.451609614153998695e+00,2.485508752393430498e+00,-2.004332399550571076e+00,-1.776217765763141720e-01,3.951962244287119397e+00,-1.563094104815237750e-01,9.032911106856571504e-01,2.719324270508633123e+00,1.080276466939821045e+00,-5.810188745940247923e-01,8.960778703540511758e-02,-2.483983520289769764e+00,-1.064444623143748325e+00,-2.075276716045367564e+00,1.708187575353885324e+00,2.725108020444822365e+00,-1.099000121593561641e+00,-1.973751965866910485e+00,-7.784637478873317473e-01,-2.913968085752092652e+00,-5.808902024469686509e-02
-1.281634679570062829e-01,1.079678930315980612e+00,-5.052831260866346152e-01,1.564388824144599344e+00,-1.807867211420407294e+00,-4.130377786599961354e+00,1.062694203240308610e+00,-2.538908644110255963e+00,9.929613490016645505e-01,6.064774055551512832e-01,-4.032992399380399107e+00,2.727780758645668602e+00,-1.232409474322474052e+00,5.810845636574401007e-01,7.564822290456783005e-01,-3.258065966365013111e+00,-5.545660263136480417e-01,-8.259541046128962005e-01,3.239816451756261095e+00,-1.491009864450514089e+00,6.963920065456732367e-01,3.810028190548935711e+00,-1.652945871338590056e+00,-2.615167871319337145e-01,2.895458591619751054e+00,7.623532220024107353e-01,3.728984337801104498e-01,2.531498847041632860e+00,1.775125028946481720e+00,1.948825186850471347e+00,-1.003963065449658298e+00,-2.652866322290515111e+00,1.519943131425102401e+00,-1.641969938895546210e+00,-2.679792255844184012e+00,-2.834084172609609986e+00,-3.845666285862993305e+00,-3.586054769957960908e-02,-5.962243563073788000e-01,-1.045133112700050715e+00,6.631305757804863976e-01,-2.673896273923601186e+00,2.922633464749441412e+00,-1.548842398925865504e+00,4.381658029926575715e+00,-2.916766308839066735e+00,1.515611100317053372e+00,3.663519067647418748e+00,-1.374916458919459572e-01,5.745930680224538012e-01,2.851623269337756561e+00,1.775825128182393797e+00,1.321386413692725581e+00,-2.262124032729629253e+00,-4.181315836723479507e+00,-2.218250444955476297e+00,6.313332718924318243e-01,1.483979030601774607e+00,4.538936457995941254e-01,-8.049783309647289276e-01,-6.161736629039715751e-01,-4.106139689258401226e-01,1.369278451383157957e-01,-5.583218356079990841e-01
1.622243180690410957e+00,2.528937926907641742e-01,-2.290211385607912042e-01,-1.074886870797776561e-01,-2.646605703413579924e+00,-1.753498901496222562e+00,1.512776289644743866e-01,-1.460399855372521483e+00,5.113430786118546845e-01,-1.395025479133427559e+00,-2.127324230275774219e+00,-1.338603098264536495e+00,6.154074467701621254e-01,1.083716847403869199e+00,-7.265881078479774491e-01,-5.733509322401720842e-01,3.084352174791051837e+00,-1.939850295354968779e+00,3.420619149985197005e+00,-1.435407675279840145e+00,2.641978497931679826e+00,2.821178541919011185e+00,-3.369712388481820753e+00,-1.279910969871892013e+00,1.839643233031010627e+00,4.850163191118089800e-02,1.988073496612266178e+00,2.595086672524431926e+00,7.426152460215118545e-01,2.239956465423021292e+00,7.978071912011617250e-01,-3.060398679896020102e+00,2.947436871239674794e+00,-2.193932676565876427e+00,-2.586416324935025379e+00,-3.822446106755728046e+00,-3.717335710338738775e+00,-4.665456860727360544e-01,1.751611008657811830e-01,1.491989489642486788e-02,9.154064022131546130e-01,-2.783595845687004466e+00,2.073335421265820600e+00,-6.498936884988482099e-02,4.180963284780990996e+00,-2.855008067779110092e+00,1.728158071439613863e+00,7.290874287932505027e-01,7.043296456631944480e-01,2.001733874695590387e+00,4.198711744092703313e+00,-9.486836294584775064e-01,4.770632318650152026e-01,-2.404032052015370735e-01,-2.924015380328341962e+00,-3.180913922174870123e+00,1.816251514209032969e-01,1.917691715490785209e-01,5.439450140464481720e+00,-2.678594871536610800e+00,1.410335945993348439e+00,-1.654503665012984293e+00,-1.448973601724597771e+00,1.122092634770877062e-01
1.211646609799983176e+00,1.119044290879744885e+00,1.240256527965680977e+00,-1.994501846074903773e+00,2.242460677127615654e-01,-2.849794588210363244e+00,1.836766077466982283e+00,-2.447657426919586765e+00,-2.229835011711539527e-02,-9.669215686125274267e-01,-1.692428203942597964e+00,6.874016883255840149e-03,3.308803859730857777e-01,-5.554176490839803915e-01,2.634590976706354226e+00,2.495748339919214853e-01,1.224099150927804303e+00,-3.500115335788960280e+00,3.790730184082140575e+00,-2.802029894070550142e+00,4.110478945614092217e-01,3.164097829647285920e+00,-2.453520157757799414e+00,-4.238026067552929987e+00,1.236366242329030918e+00,2.170476019949030277e+00,4.795832703319407031e-01,2.551094257119991937e+00,-4.797705841238222302e-01,-1.448771830345527700e+00,-8.225944577047098472e-01,-2.935566032321621055e+00,2.574911594430644879e+00,6.287372257020495958e-01,-7.397794554212944185e-02,-7.935242167335108121e-01,-3.921601874468771509e+00,-6.152292111274284547e-01,-1.612043037994801864e+00,-1.535927143357160629e+00,-1.402910228644905777e+00,-1.524684877319076648e+00,4.571366540588166494e+00,1.019685228734296345e+00,4.098259526020255450e+00,-8.481089743858978292e-01,2.016603583936890765e+00,2.087992183392811452e+00,-1.771690071508423392e+00,9.013872268046618785e-04,5.006571610293673480e+00,1.009144040953791066e+00,5.508550459738505989e-01,-2.661644575006147484e+00,-2.813580806614885077e+00,-3.381897488739607383e+00,7.906847647173100846e-01,2.322854344125372950e-01,3.262634780046814509e+00,-2.143652007460594255e+00,3.623765676399713920e-01,-4.281809073628376261e+00,-2.189742676834691260e+00,1.756163343737914273e+00
2.986969408955846284e-01,2.680849570710193586e+00,-9.190794472548583505e-01,-2.731304589559468532e+00,1.010009819589323232e+00,-3.110525429022789279e+00,9.370722242380371547e-01,-1.446021618606955883e+00,3.332372161325256044e-02,-1.709035773917033652e-01,-2.443546515516427320e+00,-1.158395191667689783e+00,1.311322094080741074e+00,-1.464429816567990539e+00,2.892542085814870934e+00,2.052521058395352149e+00,1.545121047341565301e+00,-3.446893227970746487e+00,2.435964358775231098e+00,-1.696716850341137617e+00,3.232228899304966374e-01,2.807101519672626555e+00,-3.235659288201321537e+00,-3.618806081953794163e+00,5.194208648461239308e-01,5.653366248732343280e-01,8.652386689070135084e-02,7.244647343908461323e-02,6.844582280105031558e-01,1.840272975583687742e-01,-1.976846265036723116e+00,-5.745617408988086261e-01,1.811611537371204284e+00,-2.107555746133397356e+00,-1.567855630496443053e-01,-6.018240367579921202e-01,-1.598972251397116073e+00,-8.745530059452374383e-01,-3.155481063576903722e+00,1.574676943543850793e+00,1.950828134710297368e+00,-1.730823991166542397e+00,5.360231622755126324e+00,-3.009446896804993443e+00,4.439600597073302346e+00,-2.850698036318219497e+00,1.100336063482347804e+00,3.122746833741567141e+00,8.525032689649710838e-01,2.521597405857824992e+00,2.225237011158076150e+00,-4.111345033072345556e-01,-3.675328591999703076e-01,-5.351817488736190231e-01,-1.043531409391207809e+00,-2.166238508792336148e+00,-1.657227108485412659e+00,-5.639763075154609062e-01,8.424806998462750496e-01,-4.099466060531200107e+00,-5.167254239273846306e-01,-3.048244989593181131e+00,-2.330741684069110420e+00,3.742941916304229899e-01
-5.860451803251467418e-01,2.372841960770732062e+00,-2.940123402650327566e-01,-3.476252825854064810e-02,-2.288298320277059705e+00,-5.786398320140670570e+00,1.877545609995450393e+00,-1.633216058429051820e+00,1.029725739769809939e-01,1.214290502447557818e-01,-4.400832599537338297e+00,6.944477051081956454e-01,7.214307233759300608e-01,7.344403913976474962e-01,3.179399997660052324e-01,-1.327966275949494235e-01,1.677254285850555693e+00,-4.231951443300838278e+00,3.583530977530568151e+00,-1.260345744043148697e+00,1.367339746899803865e+00,3.709688054327559215e+00,-1.104846696897329617e+00,-3.337514462599727505e+00,6.854315857058199679e-01,-2.447501746044818960e-01,2.236747976710947050e+00,1.254672626558179571e+00,3.108386441433802716e+00,4.870343617104937461e-01,-9.958874199722331788e-01,-2.549982459131927559e+00,1.516648651391095282e+00,1.993394594593278502e-01,3.793487964613573293e-02,-2.319094655050984777e+00,-2.827072771916009586e+00,1.226211596341308052e+00,-3.545749394384820619e-01,-2.162548975416902497e-01,5.382335570864408281e-01,-2.233510344270244197e+00,2.421138273842404764e+00,-7.848500330880048281e-01,5.252810562453237964e+00,-3.980386895554143933e+00,3.477273169649417461e-01,9.562192570395244839e-01,6.177757392121188129e-01,-5.239849313192093128e-01,5.230605817331443141e+00,8.716445582847387463e-01,-4.115791068085366544e-01,-7.174602435320902583e-01,-2.518464007360212698e+00,-3.930074954264711096e+00,2.021694042824435211e+00,8.633025801599489846e-01,2.565456427733191491e-01,-1.273651573792017100e+00,-1.122552006288385140e+00,-3.530243633709800211e+00,-1.363656306796100948e+00,-3.966849775121439325e-01
-1.709435499109855705e+00,1.131421304224084157e+00,2.730761720973413187e+00,-1.254206422476496607e+00,9.236343919083349618e-01,-1.132645380256156020e+00,3.330778386010997849e+00,-2.349543265964892491e+00,-1.248090381763372392e+00,-4.700633040195020818e-02,-3.688886432743998967e+00,1.368638575232639099e+00,1.405988202988620595e+00,1.659446922087914333e-01,7.800817668172399522e-01,-1.043563842327892344e+00,1.024828857039897123e+00,-2.086466263045259950e+00,3.544235655580469047e+00,-2.646815554379197133e-01,9.240312496775082707e-01,3.542298635788357686e+00,-4.585853696240508981e+00,-3.145627698647926351e+00,3.353925784933954324e-01,2.678339770235799167e-02,3.026074040702752654e+00,-1.473141737087323655e+00,6.920715457955646244e-01,2.761765342353392771e-01,-1.044268605747449064e+00,-2.022519915293555570e+00,6.238715305014279622e-01,2.000506484248865124e-01,1.853569363330362929e+00,-5.582960022803620248e-01,4.288622781649573668e-01,8.027923068501097159e-02,-1.070417021142830105e+00,-1.961434470980895961e+00,1.985661005738006968e-01,-6.075869405400050383e+00,1.549752334010463750e+00,-3.444617944877670368e-01,5.752605263169185079e+00,-1.771000131922140675e+00,-5.687689056740576898e-01,1.915227216676183453e+00,7.917465436026439596e-01,1.236510421466389342e+00,4.503552513612389063e+00,1.449647829221468731e+00,-2.084589089109180615e-01,-4.345177830704316513e-03,-6.618968304585769458e-01,-3.383406577629322953e+00,7.624010834622694244e-01,2.579678158866575810e+00,1.017286834193089184e+00,-2.004429364064444830e+00,6.660431411710540095e-01,-2.707800581839807208e+00,-3.730052746887752679e+00,1.858171034367346319e+00
6.219443871327201556e-02,1.140666362009711943e+00,-2.010171256726422495e+00,-2.238958015656677514e+00,-2.482560662152962117e+00,-1.541192325611353109e+00,1.900561816107456448e+00,-3.998857069910827455e+00,-1.882206319668238148e-01,1.140308610174789905e+00,-1.336405951866581399e+00,4.705592237485182849e+00,3.551913786790654726e-01,1.701136503110078357e-01,-1.274773623902117903e-01,-1.696309526879942187e+00,-2.247427768788978764e-01,-2.329826823046382778e+00,4.043601290847273155e+00,1.614975511705303290e-01,4.479758277139955780e-01,5.260235178808572165e-01,-1.504790068638123479e+00,-2.314775798800553730e+00,3.978260131844732594e+00,2.285868009306520343e-01,2.283368885291443107e+00,1.757006599429169924e+00,-1.375263667116393140e-01,2.144135133359966972e+00,1.194957821182762725e-02,-2.833777657602214006e+00,2.680978635820252087e+00,-4.555558342157338680e-01,-2.667478528558498985e-01,-2.010125828494909506e+00,-2.280821800136223931e+00,7.995525448053605322e-01,-8.904632012916502415e-01,-2.340591450759260672e-01,1.265447389197704720e-03,-4.535881506514318318e+00,1.374592636098598053e+00,-5.661885860979376517e-03,3.672021952670783129e+00,-1.098437717876934006e+00,-3.331728898981173304e-01,2.246864851727503609e+00,2.286079298029207174e-01,3.412333942738090542e-01,2.063504801698299751e+00,1.613226139923597868e+00,4.090757663719177817e-01,-6.915624897258692005e-01,-2.019387833114016484e+00,-3.040325983239785312e+00,1.114745579665214592e+00,1.781584464279872826e+00,2.527162171822003423e+00,-3.375025248143475043e+00,6.887659622562747330e-01,-1.482080311104047698e+00,-5.429909934169018904e+00,2.694430412628961324e+00
8.921428379143522269e-01,2.210546722702835254e+00,1.671486012077390226e+00,-5.372967227286351566e-01,-3.155451319427889700e+00,-1.730353025126446065e+00,1.732703463672687905e+00,-2.811824523959523869e+00,-4.145328707655272282e+00,-9.388700015059356363e-02,-3.979042012812267881e+00,-1.189824321093649662e+00,-4.112176760186593283e-01,-9.204380606580966351e-01,-6.463507164883843803e-01,4.712450270062444879e-01,1.302150135318369539e+00,-3.719141405007246881e-01,1.977079362290228515e+00,-9.403391747821308044e-01,8.343529333527034408e-01,2.822717950773956375e+00,-5.195556060039121515e-01,-8.930202581956885322e-01,-7.557203639178078358e-01,1.916403363453112796e+00,5.143552343654520520e-01,2.044524320917808780e+00,6.230703580910199602e-01,2.022792925194081270e+00,-6.990613298038705903e-01,-1.681404579322820503e+00,1.752550829164554846e+00,-2.242636372000934575e+00,-2.581144517118763471e+00,-1.311417331709255452e+00,-1.565257500971137139e+00,5.073868283015727787e-01,-5.910025935137486197e-01,-1.088281663109730291e-01,-2.024270489278867657e-01,-3.510078013702061739e+00,2.887605209214961111e+00,-9.387899858006961695e-01,1.561858183275814937e+00,-1.769632807445263190e+00,-1.750226569267292032e+00,1.417221922295123893e+00,-8.977262476980518713e-01,2.103770752554259715e+00,4.168762324572838907e+00,1.803429968432871955e-01,-1.624452009834964628e+00,-2.817925692491006773e-01,9.775519776211116785e-02,-3.952400321819508289e+00,-2.492708036531108839e-01,1.747199434302548537e+00,1.321962694282550643e+00,-1.523928880525728946e+00,-1.346519791430292046e-01,-1.586305645514200169e+00,-2.634055492858117020e+00,2.570294274720736016e+00
3.102224766739208661e+00,2.112657371555509922e+00,1.044207443810531100e+00,-6.900293867037963214e-01,1.459125437838734829e+00,-8.547742311783057545e-01,-6.149548833623810218e-01,-3.846097006210771330e-01,2.043578103710764537e+00,-2.395037193726854863e+00,-4.502319483670694567e+00,-5.533761407988000425e-01,-7.550214836468092106e-01,3.008110827116877717e-01,2.266755924249978627e+00,2.513811829325045544e-01,1.726082289391093649e+00,-3.796268211003604343e+00,4.562717058136320780e+00,1.298010581538056041e-01,-6.833249794979217029e-01,-8.670655899422374802e-02,-1.808028981948441638e+00,-3.077111842149506060e+00,2.086338326922470898e+00,1.230938812558918016e+00,2.281937577583180055e+00,1.055205862511932047e-01,-5.107433829562211258e-01,4.558259653775953435e-01,-1.471014399105553538e+00,-2.642864100940543803e+00,2.527334824489593679e+00,-3.288312954263815868e+00,-1.066816094444842600e+00,-3.618168608568947953e+00,-1.516779756232121912e+00,2.947860249099897856e-01,-3.135901319311403590e+00,-2.889491870853438726e+00,1.362540405434445878e-01,-5.368417895674783225e+00,2.871749774173355974e+00,8.771230943101699928e-01,3.470795135360276618e+00,-4.301426015726314667e+00,1.869922848495955414e-01,2.359714389787152200e+00,-2.184207944662599932e+00,2.907121294473171691e-01,3.249574644597976736e+00,-2.379763614781687797e-01,1.139043080756442450e+00,-2.402620259270707992e-01,-3.525594398636251015e+00,-1.720105655923172883e+00,-6.195616809845617690e-01,5.810665248433843910e-02,6.310148349195681128e-01,-1.951374479243342064e+00,7.463140993066363915e-01,-1.234257871221417391e+00,-4.126122200791025207e+00,3.462929015416939205e+00
2.001662920207739838e+00,2.689537064024482227e+00,1.005826617219153007e+00,-1.671578523872245592e+00,-2.480977732106796729e+00,-2.016795096533245069e+00,1.265969193573222906e+00,-2.650834353851423408e+00,1.301490134776835506e+00,8.343447256194677086e-01,-2.986626980191858127e+00,1.075804800342036183e+00,-1.362397472858082326e+00,-3.186582030276911004e-01,7.298431433715806271e-01,-7.257719767849557524e-01,1.645843876596731592e+00,-2.474653508707673311e+00,2.908077863257620077e+00,-2.454547278242662500e-01,1.284469089320362745e+00,3.019208541571155813e+00,-1.218221233726434205e+00,-3.312737107880557641e+00,6.981898477449863805e-01,1.228596777990843769e+00,-5.791239022417822291e-01,-1.747044010876351638e+00,-8.114292246228016481e-01,1.307558289291306242e+00,1.064531578136969525e+00,-4.784388330002812495e+00,-8.201235347501896200e-01,-6.874011672596902489e-01,-2.646666858125585442e+00,-3.171231426796533803e+00,-1.074136960475305269e+00,2.919436021178410390e-01,-2.808885318031477230e+00,-2.940493693259328190e+00,-4.097562465483576277e-01,-4.297346676555632072e+00,3.006316194526041929e+00,-4.046780184872544872e-02,1.504498686731281953e+00,-9.923209625110880339e-01,2.131633994528113973e+00,4.038665049127759588e+00,1.067633984023387050e+00,1.734291789381998461e+00,3.848531672944380144e+00,-4.876333098774952024e-01,1.536316421953097811e-01,-1.698406360023908546e-01,-8.229008250409832748e-01,-5.322722957106278407e-01,1.317564147630470694e+00,-1.244941166434808677e+00,1.942011419193791610e+00,-2.220753496330679422e+00,-2.306768757830046646e-01,-2.433281233437833091e+00,8.546111065457360212e-01,2.502258154714708915e+00
1.685894137775871604e+00,2.284383928851283496e+00,4.283910854104843735e-01,-3.075507109847959608e+00,-3.035273876062816178e-01,-3.614983717489175241e+00,7.360041062715414473e-01,-6.033970629377127803e-01,2.430728959613376594e-01,7.180501842595855555e-01,-1.686162141926246694e+00,9.670574285700388462e-01,-1.790515822599460849e+00,2.565547669518331020e+00,6.689345300708828823e-01,-9.122956137110209696e-01,1.992336047495569140e+00,-4.131670626150006242e+00,3.702450578841560702e+00,-9.700190962934621686e-01,-1.276444540554804608e+00,2.790956649959794866e-01,-4.239628870662564886e+00,-2.617368612752417611e+00,2.466135515125905897e+00,-1.287232194482187841e+00,4.239787599934807805e-01,8.016382709779465987e-01,1.610174587156553150e+00,9.879214475559497943e-01,-1.626095864124907919e+00,-3.965017870021897650e+00,2.887976076575963225e-01,-1.133214626268092884e+00,-1.027091547396354443e+00,-1.660321677435707022e+00,-3.155457722929287279e+00,7.724501851732981095e-01,-2.895481623428654672e+00,-2.671028517067155938e+00,5.267088968328841325e-01,-1.937359076744463504e+00,3.056450208758563658e+00,-1.704025508487065910e+00,2.319143443846935160e+00,-3.671014042159832069e+00,1.618318862264098712e+00,1.334720662215896692e+00,-5.026791874147867878e-03,2.524042608920278319e+00,1.698984204258696673e+00,-1.027455606839237978e+00,2.627857114653430193e-01,-8.808512426722761024e-01,2.353625737806659401e-01,-2.300079857979912212e+00,6.009593825803061229e-01,-7.593981041606931992e-01,4.993268002969121211e-01,-3.262090952001365451e+00,-2.053083597801408366e+00,-1.595789367111683177e+00,-3.833205018347407123e+00,-8.285771863138604587e-01
1.302836761777702801e+00,2.098971351578563738e+00,1.602097225818672976e+00,-4.461032546728804782e-02,-1.599697995173410714e+00,-3.671364776934902707e+00,2.047403290719260305e+00,-1.070869689005809366e+00,2.927358676085939915e-01,1.945560621157174652e-01,-2.694765032243143121e+00,4.004470611582799933e-01,-7.818512945299211925e-01,2.044965321771911260e+00,6.164875446844755302e-01,-6.919669453395771441e-01,1.519992770359362755e+00,-4.375952565824048790e+00,4.216683381553353982e+00,-9.520214619427620484e-01,-2.178073660245466447e-01,2.334246507536172466e+00,-1.045775258507420702e+00,-1.488363618608534722e-02,-1.088704060942981222e+00,-1.725208033315626110e-01,1.199137630023221046e+00,2.857488547713844973e+00,1.530912582211257478e+00,5.050402412343789393e+00,-5.063739546562127103e-01,-2.616020345825319726e+00,4.002938891068409388e-01,-1.867687847890015185e+00,-1.688044573371950463e+00,-6.381350385348252274e-01,-4.405008118044646537e+00,-3.987410748474563005e-01,-4.039977065322993610e+00,-1.658561407643001306e+00,1.420628658199299732e+00,-2.662476478208255060e+00,4.888808097071644099e+00,-1.071772776840397512e+00,4.679050091179519200e+00,-3.509726756463424024e+00,-6.644931864594623150e-01,3.033260300316550140e+00,-2.085229902897501653e+00,1.120534665879408198e+00,4.721379060095243219e+00,1.425449994883807747e+00,1.650105655307022579e+00,-3.124169830019538630e-01,-2.144403891865906520e+00,-1.278449579337396669e+00,-2.893638339861942521e-02,-7.645649992605298984e-01,1.253798797119798580e+00,-5.327713736239640951e-01,-1.323074919881397582e+00,-1.437103625790498995e-01,-2.279482025611157869e+00,4.101139295490452419e-01
4.018037161760186216e-01,3.031171799885167495e+00,1.098505495705950130e+00,4.675116819107802968e-01,-6.231848574029968946e-01,1.401209838379088746e+00,5.501923989345350208e+00,-2.140708743486357424e+00,-3.278035674934149935e-01,-4.266315681904011559e-01,-2.557313154780237241e+00,5.143783454377608422e-01,-4.083146050430012663e-01,-5.547447445859499116e-01,4.930702725014264320e-01,2.575172261236635229e+00,2.596825922216577709e+00,-2.672854225295327790e+00,1.751473460629737966e+00,-2.809895184378823352e+00,-8.280739285250759973e-01,3.212592330332864954e+00,-2.440747047537936254e+00,-1.752530913800533163e+00,4.078337993243138726e+00,1.934062708074643533e+00,1.539469148853830793e+00,2.434072433079966125e+00,3.161083316833463108e+00,2.272518768528707600e+00,-7.558145940517518868e-01,-2.940918718439754276e+00,-4.014611201649949113e-01,-1.526989927281475534e+00,5.159027716000226249e-01,-2.609849350627213127e+00,-3.018138795341634761e+00,7.013190781440502564e-01,-2.719939332249857511e+00,-2.024662762249468617e+00,-1.577959888977010561e+00,-4.005421562937574897e+00,2.804965836132796486e+00,2.398261956092437863e+00,2.576842046750883242e+00,-4.118551107712192128e+00,6.464766589488273318e-01,3.823693648406226053e+00,1.611930887339245722e+00,9.727946743031137267e-01,3.449158263515575751e+00,6.033898059498059574e-01,-1.198248668378228077e+00,-4.374314141156968039e-01,-1.781631963772324134e+00,-1.509993381443477833e+00,6.230032334478023959e-01,-4.907555518387953786e-01,1.114329236813342838e+00,-3.709613328036595270e+00,-5.520524160813272685e-01,-1.517216035604325608e+00,-1.508792448540240860e+00,-6.663258436451560129e-01
1.843859058212145241e+00,1.354014485346751728e+00,8.678432131102336022e-01,-1.980041759557419567e+00,-1.660569351890631484e+00,1.320269301247998239e-01,5.979665912478391299e-01,-2.766978319294300270e+00,3.144894703916172318e-01,2.723472589619122530e-01,-2.839637791285769541e+00,1.774453278648788546e+00,-3.274975504117287883e+00,7.877193372275519412e-01,-3.738221500075467052e-02,5.074149620884483847e-01,2.320522708286879565e-01,-6.141440699912121826e-01,3.039796087485893139e+00,-1.074203890043545107e+00,1.781511564247164392e+00,6.085686879175403519e+00,-9.105386856875097301e-01,-1.975677364668353420e+00,-9.284106090912640497e-01,-3.644551573862401250e-01,-7.424754457354403314e-01,2.664515608535063862e+00,4.969022267805700555e-01,7.029056661346736457e-01,-2.237167185533921021e+00,-4.665638157980376732e+00,-3.753062909573845474e-01,-1.294768045315992877e+00,3.764946641033406483e-01,9.466507741481544613e-02,-2.821131621692824165e+00,-1.493286396834735408e+00,-1.588351717182882261e+00,-1.031312649177321239e+00,3.096805598188064335e-01,-1.892812782643594538e+00,1.255488956001809209e+00,-1.152303873669900502e+00,3.249055588261568150e+00,-2.221333687843206839e+00,4.019187904300835501e-01,2.113761203581513648e+00,-2.050615057195027013e+00,1.978499186648245534e+00,5.240667869921824540e+00,-1.008910818341264282e+00,-6.990800261745170330e-01,-2.019328031905308851e+00,-1.644605682859230589e+00,-2.932547408102755604e+00,-2.263448058016714448e+00,1.840734544876585499e+00,3.398452418131404418e+00,-3.106358930048018330e+00,5.835355456581289291e-01,-1.367857295947092711e+00,-1.057261728585381366e-01,1.322968099560877464e+00
1.519586005664559814e+00,1.846588907290067638e+00,1.704733174329103873e-01,-1.031460916028444919e+00,1.032160480460066587e+00,-2.180227742377468747e+00,2.600754355447335353e+00,-1.793983509799650822e+00,1.240450776817489498e+00,2.607870517839055990e-01,-3.879790665689478946e+00,-1.175136922395882966e+00,-1.487469977851468617e+00,6.029494582238865696e-01,-9.667136236473290456e-01,-2.725016711748712073e+00,8.940614774876098902e-01,-4.817339819518583255e+00,2.527949521569856639e+00,-2.377129892437089165e+00,-1.058723111709074516e+00,2.864400022453521544e+00,-2.811790583838100765e+00,-2.259596502817571295e+00,-6.937732096858830744e-01,1.564888037541071419e+00,1.657881207922887956e+00,7.425881141772203708e-01,1.910701904259855421e+00,2.695594298024630575e+00,-2.052742864421431612e+00,-1.697668821067843004e+00,2.743472508461569426e+00,1.186637597755509699e+00,-1.521143591783919113e+00,-2.102522334773065715e+00,-3.470260695223630343e+00,-1.122344773644233129e+00,-1.138080328643169992e+00,-1.553214538583610915e+00,-1.697179127691836431e+00,-1.187423220120230161e+00,2.957277341590576203e+00,-2.496161022652113815e+00,2.733810621521234108e+00,-4.601357416180208659e+00,-1.552352870221110681e+00,3.163744343608207110e+00,1.375573811107168032e+00,2.583723519802829216e+00,1.902779575492306696e+00,-1.611841336001818448e+00,7.053450309834596865e-01,-6.033844285731448931e-01,-2.764632193257569703e+00,-2.890509854650018084e+00,3.740265072436265159e-01,1.784888268653266885e-01,2.011875238101706653e+00,-3.177276629900630756e+00,-8.301533238710144813e-01,-8.791636541328933241e-01,-2.949574436658799925e+00,2.631837111626292192e+00
2.892343879058203449e+00,-4.962081080776110653e-01,4.725967121381570157e-01,-1.216702894858997963e+00,4.719307257053166893e-01,-2.564734790638028450e+00,2.420536021082580813e+00,-3.760833268507544513e+00,-6.557477039759831428e-01,-1.025265352414782560e+00,-2.430884860975713657e+00,1.491613972827404488e+00,1.350207553960154572e+00,2.726844509466815225e+00,8.109162712423207964e-01,-1.479486759804534035e+00,-2.965509001027153424e-01,-1.813704519929841608e+00,1.947922515955144318e+00,-2.424848080457518762e+00,2.229721362622660408e+00,6.371553516018422236e-01,-1.856181489182210598e+00,-1.711109475250163214e+00,1.251001162809691536e+00,6.595158727123058284e-01,1.524031454246464135e+00,3.483390944399146205e-01,1.241413023641962932e-01,1.758292163524554974e+00,2.136232832132463066e-01,-5.384615074568577242e+00,3.028657779528150851e+00,-1.654506480814601943e+00,-8.263958176627691499e-01,-9.697336225421050449e-01,-2.482036845270157777e+00,-1.715126824280708284e+00,-2.589400088894003638e+00,-1.427192772342789073e-01,2.467052815818594258e+00,-2.930752966303777018e+00,1.204109807523392695e+00,-3.305973177742520086e+00,3.501978134964468747e+00,-2.390248300184641295e+00,1.158914531141125970e+00,5.076056357062490143e+00,6.962257805490915663e-01,1.986978654426238000e+00,4.188404431320202903e+00,-9.721717848783524296e-01,-2.345038020172110826e+00,-9.401538541672627147e-01,-1.699447514420405758e+00,-9.335684450954482294e-01,-1.100134635234369385e-01,2.983236578779535630e-01,3.400012296349213425e+00,-2.433238997730146735e+00,-1.855975105047104889e-01,-1.199435243664389361e+00,-1.442170815490154023e+00,1.792750619393120637e+00
-8.869025994786952083e-01,2.271347606200375679e+00,-8.764824873988578124e-01,7.191547359581922372e-01,-3.423066958776597168e+00,-3.695408802035382578e-01,3.071296594031823979e+00,-2.173989460937379992e+00,8.108984804400239943e-01,-9.269041901092547331e-01,6.334327104412542653e-01,4.898418096166602398e-01,1.483152293409053524e+00,9.377146224421817333e-02,-8.179355792185818430e-01,-1.323285497729092541e-01,2.822308288694354683e+00,-1.509880304309550780e+00,3.636503084780819517e+00,2.487987683722741039e-01,2.754822392398472264e+00,1.913729829336102695e+00,2.383348442279182855e-01,-8.481309139119692642e-01,-4.048433142290428499e-01,4.500417385016000638e-01,2.315678356725019427e-01,1.231669620240297025e+00,-1.797550248570474185e+00,3.273565991013219545e+00,-2.194604956986376365e+00,-1.503321528084458514e+00,2.777840557356377804e+00,-1.905547309185289695e+00,2.793125023647312410e+00,-2.844912271325553021e+00,-1.764495758038906459e+00,7.752873419457383397e-01,-2.373112966149033554e+00,-1.785475242834204668e+00,1.777530132455197753e+00,2.394359190505999102e-01,3.454584461831566866e+00,-6.527028627513981052e-01,3.519394953322887432e+00,-4.168969485170759270e+00,-3.737712726545340258e-01,2.466774456283567840e+00,-1.825719618667296373e+00,9.904070563319157250e-01,3.370636717324876130e+00,1.121257305514060665e+00,1.239078495625371312e+00,-2.044140272148697868e+00,8.601502523196469241e-03,-4.366660616289506969e+00,-1.318194720846595502e-01,2.537549510536385000e+00,1.070241380654598062e+00,-3.984330302018143311e+00,3.996729209880242051e-01,-8.145081893294022768e-01,-1.771454765636849338e+00,1.425930343251154975e+00
1.623117200474563315e+00,3.847400939762354977e+00,1.018282960133467530e+00,1.575514023265816022e-01,-6.192436653512373157e-01,-3.718469538022214138e+00,5.610692724707326828e-01,-2.673146013565922186e+00,-2.448720267594711730e-01,-1.087824717657740248e+00,-3.263055614914199154e+00,1.191960297986107031e+00,1.976128305192600965e-01,-1.850263992556410386e+00,8.400955116392911926e-01,2.195037590255904947e-01,3.247750909861801816e-01,-1.171078939112413897e+00,3.031339604705098889e+00,-1.629180169118733312e+00,1.819711724056317648e-01,1.587600921133082599e+00,-6.783068736324498360e+00,-2.605919573817053081e+00,1.524558113113510638e+00,1.416647374642093560e+00,1.919721561451386505e+00,1.639444648960085349e+00,2.095630885028977097e+00,2.395267720563294400e+00,-1.702276435796360676e+00,-2.808572283750434551e+00,1.522760827513815141e+00,-1.806548033690590138e+00,1.182305300475479104e-01,-2.986114567784611928e+00,-3.664756592580609151e-02,4.366267039633333624e-01,-1.805714742556985053e+00,9.845160444017078127e-01,-2.285780054274537676e+00,-3.218109017881261025e+00,1.656963946969722601e+00,-8.600994892430733341e-01,4.264515282444156341e+00,-3.135754753898208236e+00,5.693919285519617457e-01,2.695921489835400919e+00,-8.441806753080780545e-01,2.767528978398304584e+00,4.452435895863683157e+00,1.622544799788686376e+00,-1.189224652426292606e+00,-6.565280689370607270e-01,-2.246916095119683821e+00,-2.989696100059938910e+00,-1.267387976219821466e+00,2.377424304529980770e+00,1.050958330070042912e+00,-3.133591507796054110e+00,-1.244230328039581224e+00,-1.748687140653679473e+00,-2.272107614446882806e+00,3.751432906760308050e+00
4.504588258584426574e-01,4.352137264984596854e+00,-3.729877153430292136e-01,-5.635294504970995710e-01,-2.465197784413978965e+00,-1.861548768098349127e+00,2.331502290158864898e+00,-1.531091289144586032e-01,-1.538548990902771640e+00,2.327812037063106687e-02,-3.139441541020168813e+00,1.315690040676969597e+00,1.058175594814041165e-02,1.023775848292670432e+00,-9.966698817929753318e-02,-1.231474953334183109e+00,2.547848570321855632e+00,-3.627598425958555417e+00,2.176301448478475287e+00,-1.854947507779352023e+00,6.736082433829229110e-01,-8.585705997880483942e-01,-4.780411084107089259e+00,-2.126570269286776060e+00,1.451678045713447940e+00,-2.853698110141509314e-01,2.188977054368694386e+00,8.978242768956974373e-01,1.706564917537711779e-02,7.801526444371585933e-01,-3.132432477283262351e+00,-1.635259127038326543e+00,2.603670892347909049e-01,3.663989291999356634e-01,-8.531346280713792973e-01,-2.837891335184987263e+00,-1.806433408720500289e+00,3.740543714328811165e-01,-1.427979134712850540e+00,-1.378794340066834323e+00,1.058876048766052236e+00,-1.789542477000515275e+00,1.060242945839402928e+00,-7.354040945901627602e-01,3.504000167103854757e+00,-1.430555619942956103e+00,-5.586274868882340483e-01,2.558809055286691336e+00,6.899391157831569199e-02,2.329299210753731586e+00,1.385291113850546152e+00,-2.605766794426534805e+00,1.698234298966454503e+00,-6.759554200264135115e-01,-1.675548850410506718e+00,-1.932275251665326321e+00,1.798841529721206811e-01,5.721439899247032779e-01,7.451759177007364343e-01,-4.150392773803638136e+00,1.973564191260067879e+00,-1.445206328102743853e+00,-2.304477907072692844e+00,1.096212442166276002e+00
7.485227963315103095e-01,2.724684247369626888e+00,4.421082402560717606e-01,-8.681378375313515416e-01,-5.798639314558085012e-02,-1.372726439487359507e+00,3.823762945056328189e+00,-6.695358142453111672e-01,2.009343723003405913e+00,7.118089305144420509e-01,-3.793381462641668644e+00,2.051189825306534154e+00,2.424379610254578932e-01,-3.231310474085662410e-01,1.049604932995213957e+00,-1.149347453915277040e+00,8.386016585589635142e-01,-3.125344393426237932e+00,4.291080296623207779e+00,-2.166366231045721236e+00,-2.522281819761329480e-02,3.706989776555557725e+00,-3.292677974907448402e+00,-2.810263043930616433e+00,2.784195959757922445e+00,-1.461864586868051319e-01,2.155625596539926470e+00,6.299540269265707648e-01,1.138871584750906329e+00,2.878761158457701974e+00,-1.345366516499024723e-02,-8.863994156698371540e-01,4.061974922952368061e+00,-7.404970903804499738e-01,-5.387365361716415224e-01,-1.127334787964216378e+00,-3.594615409639821735e+00,-1.231839957452688650e-01,-1.397249359555982728e+00,1.188495204134675465e+00,4.715103672195510853e+00,-2.397777495208386789e+00,3.987851847457986931e+00,-2.012108778287936772e+00,4.746415168455018652e+00,-4.026985216349244112e+00,-1.263099103557264957e+00,2.552202011121227798e+00,-1.458965807368972079e-01,-3.260497248849176799e-01,4.640556001390990559e+00,9.491420471363976041e-01,-7.706734807048399860e-01,-1.384948080453822783e+00,-2.761031522404226557e+00,-4.202651031468928267e+00,-3.821391563789225398e-01,1.378423712082458064e+00,1.312604764422278469e+00,-2.114888060366900469e+00,-4.791698448032816193e-01,-1.872800986486723218e+00,-1.755350472876248569e+00,8.480041123742108056e-01
7.329548860692237655e-01,1.077335242619315014e-01,-1.959971561196216516e+00,-2.229967782824548994e+00,7.574421439580711901e-01,-6.574281155923749065e-01,4.059989657987205902e+00,-1.040137939652377330e+00,4.544938045594981157e-01,-7.888385651963373268e-01,-3.221080872537309236e+00,3.874783297877743005e-01,1.365708488500110285e+00,1.660676184059125760e+00,-2.768915553201604318e+00,-1.343156021656246590e-01,1.006510259755875714e+00,-3.067043610825448408e+00,2.442255401546141069e+00,3.491856399709634129e-01,-7.410401759271481037e-01,4.190151475469363618e+00,9.126983538376869376e-01,-3.376610158799107975e+00,1.041924622120088184e+00,3.529361550270443404e-01,1.068527590030211583e+00,3.820814841601678502e-01,-5.466571775545550071e-01,-6.403731068614226807e-01,2.443923073043090533e-01,-3.818272200976416286e+00,1.383849340441531739e+00,5.248057369291758700e-01,-5.992073074842816371e-01,-2.700753032530698317e-01,-2.736548144950805117e+00,2.448904999485928879e+00,-2.321255068354061368e+00,-6.702859828501631645e-01,2.752402657887842441e-02,-2.018649280059615858e+00,1.716947612509040599e+00,-2.065273463705853185e+00,-4.973213572966797003e-01,-1.455244460857215483e+00,8.271351794465480189e-01,3.952215653026698305e+00,4.814862914737789712e-01,1.824399355178940585e+00,2.083496161772246502e+00,-1.014635891569489967e+00,-4.320278051045758350e-01,-2.866770683308778045e-01,-7.257008531944858509e-01,-2.572815772101848530e+00,-1.009388945401924698e+00,-6.501738394978724411e-01,3.092229321286620980e+00,-1.392454129697010323e+00,-1.986452812660546519e+00,-3.616715192000203416e+00,-3.649659692384649823e+00,-6.182276692543882124e-01
3.901488859293882783e+00,2.802179243441617285e+00,1.075307771270448409e+00,3.020501508059527662e-01,-3.063046774787473225e+00,-2.423354912883185719e+00,1.581246102912168272e+00,-3.720843677834037244e+00,-1.591264201438713721e+00,-1.219363571023310167e+00,-3.285401925426740366e+00,3.424175622712530842e-01,-9.966278532310141047e-02,9.440638253583322204e-03,6.865532585276915567e-01,-2.101676397521694994e+00,1.373185888042105507e-01,-2.747879559282994766e+00,5.724983968009835777e+00,-2.411405941748806292e+00,1.430370309511907578e+00,3.134784905727639792e+00,-2.894839475739101609e+00,-3.346861513307799019e+00,1.828643081498156242e+00,1.722773865196228327e+00,2.559325962793311593e+00,2.103817830844475267e+00,6.858125141616815412e-01,1.248641298620706275e+00,-2.727141806972006144e+00,-4.005903242719288215e+00,2.607579277750622815e+00,-1.252469535552556801e+00,-3.273588211161257533e+00,-2.344017208307863864e+00,-2.432515602687405742e+00,1.978839874945325650e-01,-1.285404283871817821e+00,-1.489735523513822324e+00,5.822676463327335350e-01,-4.185622053966417511e+00,2.120425271068008932e+00,-6.876248173202091918e-01,3.134298814327477256e+00,-2.735650897664961168e+00,2.071751341273446179e-01,2.644723714382546387e+00,3.945540333169471614e-01,-6.818404695625668310e-03,3.449105722187350676e+00,8.281249185758426945e-02,7.508506449008862660e-01,-2.078843073029140065e+00,-1.131190796567679957e+00,-3.779954233592674129e+00,-1.068903576144949241e+00,1.818217100654419438e+00,-6.203457205832205723e-01,-1.528383239108336067e+00,2.212229277967037167e-01,-1.211451812090044378e+00,-2.803381349585340132e+00,1.690560325881557135e+00
-2.889939598637478735e-01,2.113551645897103981e+00,-1.893004855507922635e+00,2.163147126779785268e-02,-9.390050318709379784e-01,1.216208041425426156e-01,1.853459174751703742e+00,-1.910664135098243399e+00,-9.931122687073246080e-01,-1.075811119892268852e+00,-3.306683059445687078e+00,3.359459027674930320e-01,4.833065591019510832e-01,5.089133252783179628e+00,-3.503583347322933861e-01,-2.736100972456810165e+00,-4.216752165463280022e-01,-2.155166399594554250e+00,1.995703099537128988e+00,-1.583040593656952488e-01,1.723945093169134690e+00,4.407899073243262578e+00,-2.204133787917136100e+00,-4.753537594057078763e+00,7.045291542624232406e-02,-1.070400811999783208e-01,9.782291203918149769e-01,1.132887921209842386e+00,6.251599767337536750e-01,3.710584489554891174e-01,-8.448073540338068010e-01,-2.174704880405892382e+00,1.516734928152423389e+00,-2.803201845905679779e+00,-1.079879086398007892e-01,-1.888581941994991409e+00,-1.794665599391354727e+00,9.156147293896199635e-01,-1.904161240928488041e-01,-1.170687689443265400e+00,1.779832823961664978e+00,-3.159534797693523522e+00,4.405332569229438278e+00,-1.038724022312280670e-01,2.736702075881031426e+00,-2.058004818208002629e+00,-5.326266587761282478e-01,3.711263822798454459e+00,9.450934465134357421e-01,1.580868318336631217e+00,3.485655761633983829e+00,-1.301901879830342779e+00,1.286020266720799610e+00,-5.579222677681066056e-01,-1.404897171364930086e+00,-3.466573800373370595e+00,-1.142369629463919622e+00,9.761235983083743628e-01,7.350631491535561945e-01,-1.522777501898510133e+00,-6.554700602672527410e-01,-2.201483699445934583e+00,-2.217939334633081128e-01,8.673682914737019800e-01
7.848469957762415072e-01,4.193895432717520855e+00,-9.427987708440268566e-01,-1.106452097863489303e+00,-1.522072230435040030e+00,-1.938080329384969547e+00,3.269016570388424636e+00,-5.636699189547786482e+00,-1.640770247012824035e+00,-6.058695220422112282e-01,-4.912181793654275097e+00,8.261563026772895668e-01,1.207570997408695446e+00,1.325300049269055647e+00,1.210556969064853661e+00,-2.632604889967985695e+00,-1.877099724372627954e+00,-2.345881721983776647e+00,3.770235539954529980e+00,-1.460593162136063716e+00,9.212136074915637796e-01,2.233169436830804599e+00,-1.572879805707514844e+00,-2.967112131303309308e+00,6.432450417342090443e-01,-1.330529996630836598e+00,2.738958363913099880e+00,4.628574715258286787e-01,-1.647823793239318935e+00,2.869399284098509195e+00,-2.035910096252357970e-02,-3.624959151996842710e+00,1.576064208108736597e+00,6.319204824449224933e-01,-1.298738209387832798e+00,-2.001602914845442616e+00,-4.481831588231706576e+00,-3.282178778848342526e-01,-1.668289848425665411e+00,-2.264614666524658926e+00,1.102535068879390012e+00,-3.676189891978345337e+00,4.700937004866140079e+00,-1.419927162751944305e+00,1.965507599467927191e+00,-1.983384649610293593e-01,6.355476685735979014e-01,3.249529681701453399e+00,4.239418891676177692e-01,-2.122820279685306843e+00,3.756034351055373754e+00,1.197043900234175728e+00,1.586928041710938597e+00,7.370206241264913860e-01,-2.414824751174193818e+00,-4.083930197396611561e+00,1.116593645542370616e+00,-1.274540979436205701e+00,-4.665526676838123166e-01,-2.927467700444212895e+00,-1.744251850258286884e+00,-3.372011269805562428e+00,-1.112802340184161576e+00,-9.356407196254874492e-01
4.341717613606487447e+00,3.755299005706705717e+00,-1.214524603225411115e+00,-8.133495635978822413e-01,-1.397765217472596966e+00,-3.053111652454996161e+00,1.033700388011492333e+00,-1.606680781575697603e+00,1.172176252525203743e+00,-6.919223063186034084e-01,-2.760639151985209150e+00,1.596195120416654456e+00,-1.247983437081826130e+00,1.082812476050883044e+00,5.387465069350715341e-01,1.798985717361408998e+00,2.842037822649032375e+00,-2.711759294259497466e+00,4.522905247346914237e+00,-1.476702803697730548e+00,-8.383898195778789475e-01,1.820523152818198653e+00,-3.458470648331736008e+00,-2.462598507986476282e+00,3.244794090489661276e+00,7.901836410272788935e-01,2.084823844989689867e+00,1.463818907927883384e+00,1.660613173500950168e+00,3.502646318421223981e+00,-2.437411393061179599e-01,-2.520326067153013661e+00,1.352827261639552914e+00,-9.027772771542947883e-01,-1.452886982428999385e+00,-3.103503486415131185e-01,-1.783673467656366141e+00,-1.802697249601028506e-01,-2.013756710435591124e+00,-1.553243910360579738e+00,-1.829434165139357527e-01,-3.453880323258213370e+00,2.008037984150657707e+00,-2.809905233012867320e+00,1.662079186662263064e+00,-1.701277746736339136e+00,-6.188819636037496963e-01,2.029723016551334691e+00,1.937565300749673813e+00,3.677337781069537570e+00,3.285562694506164227e+00,3.018908947347619387e-01,1.669161965762745670e+00,1.588712061911532025e+00,-4.281414733496784475e-01,-3.059351989582203668e+00,-1.155389175439430982e+00,1.616783698726220297e+00,8.016950335932773175e-01,-2.405487203868034829e+00,-8.940869672990134909e-01,-4.248607515446116700e-01,-1.423688706725107611e+00,2.489484429373196583e+00
1.618039572081098720e+00,2.557747817766930165e+00,5.812839144608046293e-01,1.144401854780390249e-01,-8.671457421888886241e-01,-2.036706270521121631e+00,1.557189644247329419e+00,-1.818728962455587128e+00,-2.207022857833043084e+00,-1.423013867757788598e+00,-3.485242506945855911e+00,-1.053058409391395056e+00,-1.538098728183280084e+00,7.930370286971938354e-01,8.198150148986200758e-01,2.629241986161916067e+00,1.193054746461999605e+00,-1.868150390057929267e+00,3.159785060910856647e+00,1.972351234137599718e+00,1.355924510051461862e+00,3.235747923360868583e+00,-6.904857997610185372e-01,-1.497994405326496636e+00,2.395136191656361824e+00,6.844472084171421278e-01,1.997159960041061666e+00,2.622415799692365823e-01,2.076123573538303901e+00,-9.317058330959406831e-01,-4.200538355619643838e+00,-2.978569841419231867e+00,3.040495090101944520e+00,5.399623402900248781e-01,1.148596542114814767e+00,-2.046402886582085578e+00,-3.491665960372393407e+00,4.275715240134478901e-01,-1.050786303183310677e+00,-1.414173347895656185e+00,3.416008222626627067e+00,-1.776129942358781522e+00,2.953806130113181716e+00,-3.178351902969560605e-01,3.615166952796902144e+00,-2.792162557870715656e+00,2.877379485330361919e-01,2.213644276306532266e+00,-1.269252424418415792e+00,1.295831655771393365e-01,6.846785233476073707e-01,-1.721823807405044260e+00,-2.497606461387366639e-01,2.285952073068945545e+00,6.542615285989747953e-01,-2.150078199820300018e+00,-5.828042849289422067e-02,8.070833706128144325e-01,2.256539957721539924e+00,-2.133700546896488692e-01,-3.388666615489891676e+00,-1.287833661620107595e+00,-3.080783710828602917e-01,2.851402743647851956e+00
-9.127684570745477899e-01,2.409086898657422537e+00,1.194445415908252262e+00,-1.513974912021162300e+00,-1.776584706259998203e-01,-4.220127537787431216e+00,2.671309398550793190e+00,-8.435613312867560332e-01,2.349374844111304650e-01,-1.822778485143624339e-01,-8.508569063910411678e-01,8.902304899594413179e-01,-9.394024612628590898e-01,2.599508650583521874e+00,1.965306624557922044e+00,-2.609383467281770841e+00,1.397682661547899885e+00,-3.805292170168635302e+00,2.968468758711367173e+00,-3.338569393950369335e+00,2.122477740148397629e+00,4.397179517098176227e+00,-3.823603876814356095e+00,-6.535718642360346387e-01,1.504476392872132973e+00,1.186410186638318542e+00,1.902127325824532145e+00,3.650127466475042048e+00,3.121766139750463243e+00,3.367415546464687548e+00,-2.519475727275505950e+00,-2.297909809180900265e+00,7.806674248850988818e-01,9.009833645580260786e-01,-8.293764870174307191e-01,-3.728275488843754371e+00,-5.053270486407905437e+00,1.653999155478604877e+00,-4.290628529087094911e-01,-2.800296316478735115e+00,2.340500262087486238e-01,-2.779421022107453787e+00,2.432319683490391515e+00,-8.679228103924823134e-01,1.791373807828044340e+00,-2.510907322759758031e+00,1.833914605377930274e+00,3.798001853797130067e+00,-1.137097758826820376e-01,1.643462459789978070e+00,2.654768370546860101e+00,2.802821129890926133e-01,-2.432053285329760506e-01,-1.645645205393796662e+00,-1.902145556206673582e+00,-3.476191841108510427e+00,-2.503685305653956528e-01,1.157284900995887988e-01,1.915232641139859027e+00,-1.414878818344343703e+00,-2.329717867166820167e+00,-2.773844776267305079e+00,-1.688737179551524026e+00,3.152044715956082044e+00
1.003605762449201411e+00,2.413804101048527162e+00,-7.978673153869635382e-01,-2.017300233116264607e+00,5.217865402274957098e-02,-3.172147738896264890e+00,7.763854916998134126e-01,-1.842138674626885742e+00,5.820496393233376420e-01,-7.872341140262484327e-01,-3.092731042031635180e+00,1.759463622053157428e+00,-5.075091170023600107e-01,5.849960206404550833e-01,1.471591553225502391e+00,-3.993903562065630464e-01,1.794861535473394332e+00,-8.062528661524286377e-01,3.834874508507791990e+00,8.092738741310727679e-01,1.639091129970474459e+00,3.855541056673041922e+00,-2.150041250078508881e+00,-2.749133633560241208e+00,2.060288831675676668e+00,4.667746391885509438e-01,6.744413986594016697e-01,1.056848933373662813e+00,1.094286466297309968e+00,5.123931694047305641e-01,8.656293756908275405e-01,-5.205006412493875523e+00,-9.816950526378893649e-01,-2.943800422346943613e+00,-2.712632660130013917e+00,-1.765271269577181057e+00,-1.982807353589316701e+00,-6.638641430494258699e-01,-1.817940397531082386e+00,-5.218240575478916288e-01,-4.707419882579124693e-01,-2.560077740589405515e+00,2.458611253863105084e+00,-2.216755384322604883e+00,2.278380670714727163e+00,-3.990392416180300827e+00,1.531290322075918198e+00,1.511065541049184890e+00,1.093042934700480640e+00,1.214434500290011876e+00,2.208646113995230031e+00,-7.010945331092639787e-02,9.485938802538191883e-01,4.070496241649163016e-01,-1.549332360574529943e+00,-1.679416063598406783e+00,-1.077690286666771691e+00,9.736191125205488905e-01,2.650073053132754541e+00,-9.679514960997301909e-01,-2.118979051615192510e+00,-2.992815598385142550e+00,-2.089636111342896285e+00,1.556323154511298990e+00
1.270264979259984495e+00,-3.037994779382513499e-01,1.446302556175310228e+00,-1.816198225469783267e+00,-7.421058520803094360e-01,-4.399492689633142994e+00,2.046026617688530891e+00,-3.120361177910812245e+00,1.144269875621885646e+00,3.821599610873795405e-01,-3.752420691823779464e+00,1.939474799493897672e+00,1.111944178836436148e+00,-1.183034965416936313e+00,2.638817216740043659e-01,5.727870075370840031e-01,1.489319602884140004e+00,-2.465344536159008726e-01,5.759650502812998063e+00,-1.722153611993507694e+00,9.399457414188785442e-01,4.712373706150285280e+00,-9.041717262503232710e-01,-1.680558740393749417e+00,8.485222714856490711e-01,-8.004829128170161123e-01,6.589786689820368304e-01,2.930851601571140996e+00,-8.366817918261826303e-01,1.664686276824517641e+00,3.966200459450464066e-01,-1.613381188509121156e+00,6.470882144351179921e-01,-2.250996686065193320e+00,-2.393845736084123210e+00,-1.353989404127218688e+00,-5.940092055500339363e+00,-6.694760891015387738e-01,-3.809575173815042071e+00,-3.867261196124441636e+00,6.044421301646119016e-01,-4.783953721687975502e+00,1.342094069882012297e+00,-1.024897784821730218e+00,2.496339784317285648e+00,-1.586063987377880347e+00,3.628894198484951539e-01,3.587011839153305459e+00,-1.820305279307331547e+00,1.550830735938202087e+00,2.284620061543930269e+00,-7.388210059642802419e-01,-8.117577199190016968e-01,2.525848608308878696e+00,-1.541329760494866807e+00,-3.063682742942307691e+00,4.367757347722580619e-01,1.915955584114693577e+00,-1.377175858514441131e-01,-1.342990969152539460e+00,-4.287209784880618990e-01,-1.078607502846294253e+00,-2.422065831464402130e+00,5.497133018363520307e-03
1.590060612422686148e+00,1.647567471047870935e+00,-2.351891051539238386e+00,-4.965561422972341044e-01,-3.129899571781575851e+00,-1.143025895671732517e+00,1.625615738539662125e+00,7.415044462026620931e-01,6.218107952822684581e-01,2.056034038544750420e+00,-4.089873767397645743e+00,-5.185351356511347376e-01,-1.464642778744396301e+00,4.391274969884002566e-01,2.599006251424468505e+00,4.229603337961123088e-01,4.102865296258650929e+00,-1.584875062336845941e+00,2.815020287589541592e+00,-1.560535118593725290e+00,-5.624740165379882306e-01,3.717181080318719300e+00,-4.759476013560206553e+00,-3.692974766200047831e+00,-7.992377197606232997e-01,-1.909912283928979271e+00,1.140588559900408416e+00,1.572131766018610044e+00,2.219797513832761027e+00,1.409300352056221506e+00,2.098745149871992233e-01,-3.639030895718740055e-01,1.195387688666507353e+00,-1.166340345182581340e+00,-2.558125098983313528e+00,-2.674182822909977109e+00,-2.571873798384523457e+00,1.736972095375960645e+00,-7.782860685773398401e-01,-1.348474738342533730e+00,2.932755482553653703e+00,-3.632660427242983658e+00,1.982099414333986065e+00,-4.390419818657190776e-01,3.524808478308433468e+00,-4.032526864019206236e+00,1.388115951889465904e+00,4.970747100611842662e+00,1.453458848996502129e+00,3.640977725236520079e+00,3.505918898389171812e+00,-2.598162912488957144e+00,1.023460673445611535e+00,-1.665828989067571264e+00,-4.247840796685064646e+00,-2.932675423639561352e+00,-3.507932175070498371e-01,-3.974647228356192885e-01,3.386293205212923763e+00,-3.602807526775229086e+00,-6.241513575809858327e-01,-2.432023597521491887e+00,-2.450995909310492937e+00,-6.112080513850006724e-01
-2.142903009759407063e-01,4.417289528570115920e+00,5.928091678080971150e-01,1.213738661070762781e+00,-8.975015879203038782e-01,5.775391200584001350e-01,-2.356623356509701672e-01,-1.254683190341456811e+00,1.052632252500077747e+00,-1.567754671874781680e+00,-2.261585229747694825e+00,-5.989302175188182531e-02,1.832870213441306628e-02,1.074129072002651508e+00,5.322205206957678625e-01,2.361987838246283333e-01,-3.454999786884751511e-01,1.024423906732389700e+00,5.219599939545513934e-01,-5.489601012642968403e-01,-4.545298435747036070e-02,1.132896162148153918e+00,-3.290200782920481792e+00,4.005110311418520475e-01,4.969123881100722118e-01,1.005979024620694995e+00,4.216448328727257611e+00,2.115983908953052772e+00,-1.256608191500942162e+00,2.798036168326270001e+00,-1.141358392785138731e+00,-2.762786680307533160e+00,1.200539088982005564e+00,-4.019396253122823559e+00,-6.623670152072091977e-02,-3.645418559388256874e+00,-1.468430404947806744e+00,2.146179216915641508e+00,1.086628589430529424e-01,4.029136128417731832e-01,-9.629236016773963236e-01,-4.426131831914688064e+00,4.370083452632848697e+00,4.908779158997806924e-01,4.009412327897089234e+00,-4.084983607898436730e+00,2.391923323225010556e+00,2.127707366368353004e+00,2.610547264402937273e+00,3.719495205133658278e-01,5.127903839503157535e+00,-4.133318188691106343e-01,5.649579731100922153e-01,-6.688310375388217821e-01,-7.574197915090093991e-01,-3.733917647716298305e+00,1.130716460182203287e+00,1.909539440675801281e+00,1.177244965552177725e-01,-3.613461873974153526e+00,2.495393115314925137e+00,-8.729556196504725252e-01,-2.378441686898765450e+00,1.561718222483191809e+00
1.241274518889312617e+00,2.905045234548160771e+00,-1.245761394449689474e+00,-3.931180357215202648e+00,-1.321784999501235180e+00,-1.082872410744263103e+00,2.119686279329474843e+00,-2.763300398585714746e+00,5.912819922098019321e-01,1.733381678162658091e+00,-2.926315992898828711e+00,1.789628312707738589e+00,9.794186264993531843e-01,1.890061801658428076e+00,9.259907536085807411e-01,-1.631868870900932800e+00,1.456471981509046332e+00,-7.253090865372184837e-01,1.863759588134481060e+00,-4.273541881225731420e-01,-1.913197102405662653e-01,3.611933179526289450e+00,-2.853097826940812265e+00,-3.034014384763758621e+00,9.001433761831685310e-01,2.647774652127586337e-01,1.647167386453053606e+00,2.913528504796326857e+00,2.870958515794322929e-01,1.350591104055381741e+00,-1.018329690845896529e+00,-2.014678047979496789e+00,1.830942202404909569e+00,-1.905001671426569843e+00,1.481389806847925428e+00,-1.655161509198521008e+00,-3.375134291595546898e+00,4.351948968358669290e-01,-2.435712136573166209e+00,-7.613267126116254335e-01,2.050857707220107851e-01,-3.497754684302595507e+00,6.151055483760009324e+00,-1.791945518693274231e+00,5.783392131099189371e+00,-1.932969028027611280e-01,9.217195008493574981e-01,5.219817492395005587e+00,8.501904976646038614e-01,6.498857137968550024e-01,3.190614923873321462e+00,-9.916923292915419408e-01,-3.917002583585958986e-01,2.143157611393321282e+00,2.339397258404061208e-01,-1.980594766092165449e+00,7.227556053341299691e-02,-8.045220702234330279e-01,1.440815830573190848e+00,-3.314844440549449711e+00,-8.513138304065351325e-02,-7.987466254190160875e-01,-1.786733180984690472e+00,1.207164970899707201e+00
2.037850735281416359e+00,2.332039193126620003e+00,-3.285903357223249888e-01,-2.568809377032554409e+00,-1.197775374027246098e+00,2.176852066602175118e-01,3.439865955139977061e+00,-2.658780064552291211e+00,-1.694187096964003381e+00,6.630788411210661870e-01,-2.135200485368436318e+00,1.230607114271602409e+00,5.125010647165070266e-01,1.325588343130604141e+00,1.536724841371436945e+00,-6.584078031855533641e-01,2.642901723729572661e-01,-3.935219173922754443e+00,4.105726678692216858e+00,-1.071851813828927691e+00,9.265517998267299715e-01,3.766978440894771296e+00,-1.451283287183693815e+00,-3.927901690730281281e+00,4.321272229090731276e-01,-1.059809753173185820e+00,1.792551813688071149e+00,4.829158977314524925e-01,1.301169151143909630e+00,9.686455058601232126e-01,2.292589347983373660e-01,-1.543508988306943719e+00,-4.791957471364716170e-01,-6.178818538394721394e-01,-6.110380205735297388e-01,-3.763161977379997580e+00,-2.409969727079481316e+00,-8.128397660337552955e-01,-2.149873334826535309e+00,-1.201485616168121551e+00,1.715107476858648949e+00,-3.038895129545964302e+00,1.228465750742794071e+00,2.235406856326966896e-01,2.623637733680629580e+00,-3.040391858198763231e+00,-6.406161575729150126e-01,3.824816462075518064e+00,1.315623309828160004e-01,2.614041079501972398e+00,2.855789944324667928e+00,-8.941774186226738586e-01,-1.795155089157582040e+00,5.603692918140327217e-01,-4.927726073323013267e+00,-2.682121161345741189e+00,3.639223662952760785e-01,9.898215318440597432e-01,1.887284684887824859e+00,-2.521409860737596098e+00,-7.458895429604593952e-01,-1.061331318650850175e+00,-9.328618842715267201e-01,1.078273512243351551e+00
2.410412860123225531e+00,3.692744167607249217e+00,1.773496504447939826e+00,-3.732251004293718477e-01,-2.288727460083576748e+00,-9.402164871696976345e-01,3.214635399682885364e+00,-2.485515844136498842e+00,-1.261253169710677247e+00,-5.224078293744188750e-01,-3.751764476505003998e+00,2.804691910210924899e+00,3.192654553263997164e-01,3.949053914501666207e-01,-2.253496768875369316e-01,5.796657779508576080e-01,-1.185976462305504686e-01,-2.486005169360132605e+00,8.341525507030773667e-01,-2.271887708102196868e+00,1.309490404904444238e+00,3.995185533019818713e+00,-1.697432449106066166e+00,-1.856569376108657909e+00,2.103670622997591444e+00,-1.098653057027544788e+00,1.896699131813564421e+00,1.704015090607747585e+00,1.960284261946727558e+00,1.622206844926757041e+00,-9.833945272720628905e-01,-4.446670147087999680e+00,4.596387322440202983e-01,-2.097220214542030003e+00,-2.090804721668232391e-01,-2.402668336087461221e+00,-2.929838524780009834e+00,-1.713530017637865832e+00,-1.525841052988300639e+00,-8.463081447580472760e-01,6.108919562610199971e-01,-3.274188302604844392e+00,1.530180479205960564e+00,7.037471100155989756e-01,2.203123336272036603e+00,-1.745803997855789103e+00,1.290894736336003046e+00,4.524527252530008425e-02,-6.672875502019955107e-02,1.034421269364601548e+00,4.310131477575643189e+00,1.109475102250295775e+00,4.848200062054200399e-01,-1.860747807022962608e+00,-1.250868171768357628e+00,-2.134996875069735456e+00,-1.051375574236364185e+00,8.734835814366180839e-01,-6.679269823696243336e-02,-2.330322105470004956e+00,-1.234491734492342285e-01,-3.175526444500803791e+00,-2.566673816931344554e+00,2.207829101960613549e+00
1.362481312876657746e+00,2.912096755883982535e+00,-3.834603379971456838e-01,-7.564202357610410044e-01,-3.586342413430502418e+00,-2.352288758783436684e+00,2.015499321903557739e+00,-4.094363704010881566e-01,-6.085003658960024264e-01,-1.717923601596181848e-01,-2.352709305797472616e+00,2.018799853787291099e+00,-4.049633213098352003e-01,8.322925600997121975e-02,-1.655437930087247933e-01,-6.419268667947303220e-01,1.353686138110021364e+00,-1.456776810136865663e+00,1.014508984313089002e+00,-1.951538063420284796e+00,-2.131687371711427303e+00,3.974654456512813461e+00,-2.471659753294682460e+00,-7.997963416536699732e-01,2.067697479152338591e+00,-8.504203626890074474e-01,1.129752432984029609e+00,1.889840939819222854e-01,1.567533005808656510e+00,3.458276334156535903e-01,-4.314382036283603838e-02,-2.756584266623895552e+00,1.067630365976101503e+00,-1.304560032976562534e+00,-1.912465644746513593e+00,-1.304558056133068966e+00,-5.230651366181270134e+00,-4.353694777907392677e+00,-2.535098925947211868e+00,-1.305461645082640398e+00,1.302920646464286403e+00,-2.962665519250555768e+00,5.405607793234707970e+00,-5.650279353244742619e-01,2.483660802538882884e+00,-2.807651277314347382e+00,-4.786379278150731942e-03,2.845291831691759032e+00,-2.684555903828858003e-01,2.664721973705145963e+00,3.408545337086971383e+00,-1.026905959226821041e+00,-1.229911486457052616e+00,4.193219995168001590e-01,-1.284950652275007155e+00,-1.250631493729576604e+00,-2.281980997426698021e+00,-3.314656415417673863e-01,3.017067358618161332e+00,-4.085884193112628182e+00,-5.619824646344090402e-02,-4.840921146882424253e-01,-3.043866671727673001e+00,4.597994790847863555e-01
-1.323021463792896313e+00,1.844506140485077772e+00,-1.124815217097138831e+00,-3.075947553289534842e+00,4.414633225957367291e-01,-2.728221926186043422e+00,3.395802144247712651e-01,-2.094949525817443536e+00,-1.338405106668618227e+00,1.042751638580930118e+00,-2.756355829293684501e+00,-7.351175721688629761e-01,-2.677898102966781657e+00,1.905743495124533782e+00,1.151117600303742883e+00,-2.148166008314049691e+00,7.437161250353054864e-01,-9.989839776264546334e-01,2.311564625569412890e+00,5.819092067113307287e-01,9.018293796004193119e-01,4.177655774929156074e+00,-1.526011817244442126e+00,-2.685458294934071510e+00,1.688182176000721846e+00,-1.608732301422954425e+00,8.343337138436873746e-01,1.617483569528915588e+00,2.964873246877042234e-02,1.392703587114717534e+00,7.884078313533302573e-01,-1.994395689445715547e+00,1.662251037229748540e+00,-5.042593896813610810e-01,6.483034298097816173e-01,-2.837805842658852828e+00,-2.646629202610201403e+00,-3.101625846511683049e-01,-2.731364848027299619e+00,7.536478882011079516e-01,-6.932404211984527498e-02,-3.499001108968036622e+00,5.840332530108257814e+00,3.162962404146725248e-01,3.231514447186894401e+00,-1.731030329186834749e+00,5.720848919122372145e-01,3.071943893667353542e+00,1.062583058402734038e+00,2.827556978981107694e+00,1.287697039090888396e+00,2.199888378767451247e+00,-7.166951060169542975e-01,5.905832277220468551e-02,8.696686431135098871e-01,-3.996934947790193426e+00,-1.134332537206237390e+00,6.980381049248051140e-01,-1.229047459676670062e+00,-1.483471319428514290e+00,8.809942209517240830e-01,-1.356702410942204118e+00,1.306073384302712803e-01,3.866849719788561401e+00
2.114915617193064090e+00,8.750221146959253904e-01,1.728283293092962136e+00,-2.096517446963311881e-01,-1.374896319077443474e+00,-7.113714646228550542e-01,2.746856521228907333e+00,-1.716236539821536899e+00,3.827338705554589326e-01,-1.427308756178077287e+00,-1.761505433107485308e+00,7.906944118135337263e-01,4.908962145535528121e-02,2.978921829909838559e-01,-7.801117964428259111e-01,-1.821002232421568889e+00,-4.077408581797394849e-01,-2.778880194129127013e+00,3.783166289302882124e+00,-6.327830442641785291e-01,-1.514939111563615270e+00,4.613981087658012292e+00,-2.717756985974451922e+00,-7.719666620613094832e-01,1.933129814541126201e+00,7.180391011719303718e-01,2.901544979999823859e+00,-4.041431753124600235e-01,6.376780221068419907e-01,1.086329154147738008e+00,3.872002560605443122e-01,-2.658362217801560679e+00,2.008838427679620953e+00,-1.157115581782232283e+00,-3.118256815294059070e+00,-7.377268361996562884e-01,-4.421004526996781259e+00,2.018478764714874529e+00,-2.449458746138975407e+00,-4.672053703285712345e-01,2.097799184632064495e+00,-3.873254339800039414e+00,8.751122920363596513e-01,-2.468716336190595051e+00,2.207278644421773350e+00,-3.793044721339166259e+00,-2.633232178625556585e+00,3.454542598651868079e+00,7.959645203159791960e-01,3.270376110525771374e+00,1.533697140486457000e+00,4.466667313549592677e-01,1.428382690134134769e+00,-3.520504377601272328e-01,-2.072236744671811515e+00,-5.138790554673635214e+00,1.581845455500834330e+00,2.064140831916737362e+00,-8.099964333873934663e-01,-1.774353003751168556e+00,4.253116526142596276e-01,-1.727480191128314857e+00,-9.691154776264654380e-01,1.469919275910361200e+00
4.587000790438734432e-01,3.764614360929519066e+00,-2.069095892500318001e+00,-1.228571315155577937e+00,-4.435581613355658037e-01,-2.237662579500987015e+00,3.311761398451883665e+00,-2.776592751116577773e+00,5.522772245451306183e-01,3.386785841056507262e+00,-4.014043110129005498e+00,4.066293991934198715e+00,2.263072809397898677e+00,-9.422617494177949471e-01,1.644367402137163259e+00,-5.879275504604406510e-01,2.164225836432224437e+00,-9.719829534044528430e-01,1.945651769141321541e+00,-2.023507752861142261e-02,-1.225773932086887008e+00,3.671327477464023215e+00,-8.790324339343571491e-01,-3.759871417451161602e+00,-2.226154467076893351e+00,2.890011175889837802e-01,2.920182414108918323e-01,-3.252411262826324645e-01,-7.256632363356476656e-01,-4.196827924620318839e-01,-9.720925266170689083e-01,-5.824964151467102447e-01,8.837620913295363145e-02,-2.030619610114404061e+00,-2.547756771277457144e+00,-2.479448633120211909e+00,-2.321967966862986898e+00,-8.962611610093058623e-01,-1.427635489672136160e+00,-1.789410557626353704e+00,-1.282316056574970053e+00,-3.738634261249460522e+00,3.639886542139025849e+00,-2.066503332068972298e+00,2.382768447923960586e+00,-7.074710855216255201e-01,6.920935391279514626e-02,4.382047208970402785e+00,4.526943801549055957e-01,1.578561754481591972e+00,4.394415768173246306e+00,2.676482469549045895e+00,5.652286699039605899e-01,2.749875093903165757e-01,-1.162472116086050722e-01,-1.942215039634190177e+00,-3.342660476335676534e-01,1.129610745086260026e+00,9.869478813254528582e-01,-4.344979148556005200e+00,2.419696435403005941e-01,-1.541354868589996263e+00,-2.043248645333465063e+00,1.610318521122890978e-01
-1.307371659640001127e+00,1.415411321777266807e+00,1.080641364031984519e+00,-1.488756408680029786e-01,-1.431441530758624348e+00,-3.107042401187487535e+00,2.010895563349460513e+00,-8.438888497381225040e-01,1.637113967554252092e+00,-7.960302901518923058e-01,-2.401673297839359122e+00,-1.209958330579295804e+00,1.774780501482920325e+00,-3.785717895109852460e-01,6.017194066483180226e-01,-8.107324755156073426e-01,6.224781381228504662e-01,-4.127720472587356859e+00,1.344862691581937719e+00,-4.278077280221008749e-01,1.255552462090343546e+00,6.538576883904223536e-02,-2.972769165210874753e+00,-1.438510262864167721e+00,1.792212468233371325e+00,1.701250079929475412e+00,9.509684541665857083e-01,-6.007679624900523763e-01,2.224190894998637980e+00,1.122585127248540537e+00,-1.205362016121266810e+00,-2.727348838516869822e+00,2.351849112734038627e+00,-1.530629038830680688e+00,1.854488379809624554e-01,-1.833477258405265431e+00,-2.063206439560003602e+00,-3.546656222645789835e-01,4.901429353523036880e-01,-1.936664259873264182e-01,3.027714379366929887e+00,-2.623910781413266946e+00,4.702400298540199586e+00,-1.073212097494943285e+00,5.099407076626670587e+00,-5.287825690898957376e-01,7.234527408360520440e-01,2.808693811829178433e+00,-1.518440379547950414e+00,9.325685443931267526e-01,1.712358950692240755e+00,1.646193096650848120e-01,-5.154871773221784137e-01,-1.129302850878144415e-01,-1.977113075801319564e+00,-3.217628562856873931e+00,-1.267102809713395839e+00,-9.088663100692730978e-01,-2.081195179639867998e+00,-3.104315757850281798e+00,-1.707066912932182767e-01,-2.981946993393795875e+00,-1.344310222183188186e+00,1.472974905015497660e+00
-5.557897188046452275e-01,3.247735402524301485e+00,4.921900709833855470e-02,-3.377266567056103952e+00,1.436044578141290273e+00,-2.058135992703000738e-01,4.666060694395850472e-01,-1.541368633792076004e+00,9.050541241640878143e-01,-1.192235171180293207e+00,-2.876621345867276247e+00,4.576822987389682851e+00,-3.504142513741019260e-01,8.468425592204895658e-01,4.827002198967849655e-01,-2.472485541353134586e+00,1.010552929513007125e+00,-3.995030108752113396e+00,4.155200076086314809e+00,-1.345570191319628295e+00,3.824860110402377167e+00,4.199949054005505999e+00,-3.074439607837503807e+00,-2.553645651601457178e+00,1.743068859848510455e+00,7.138196156138492121e-01,2.045736644757689682e+00,1.463045013401749639e+00,2.510779418410849839e+00,-1.974297858657587668e-01,-1.061806978611348207e+00,-2.435832920131471901e+00,-1.435345741572139566e+00,-2.542388222011936705e+00,8.350314159568457129e-01,-4.037306541725484976e-01,-3.758369866621697586e+00,-1.408943200952124553e+00,-9.272721582432297271e-01,-2.187550019505201337e+00,-9.127090817226202191e-02,-2.654992003620582075e+00,4.679366930191993568e+00,-3.251562812991789730e+00,3.983405080594611292e+00,-2.559381992325173272e+00,3.838741020282525618e-01,3.231658774207344820e+00,-5.801155491333198633e-03,1.348270299137717565e+00,2.182669921224407616e+00,-7.141700832349723305e-01,-6.697339775452374466e-01,2.857924207956508145e-02,-3.245640494650491981e+00,-2.511914260620355499e+00,1.960904027365683255e+00,5.650074012378120125e-01,1.277368789649641956e+00,-3.363019792668407781e+00,-5.007712917695112953e-01,-1.303008792403327121e+00,9.724048143509955722e-02,2.063550461773403732e+00
2.335845514843188475e+00,2.677018033879680736e+00,1.615818176455924848e-01,-1.553603595524239323e+00,1.167162597429219240e+00,-4.065115257735036902e-01,3.837959789339763450e+00,-1.906331691498495129e+00,8.619662234542718737e-01,-1.625371418546720292e+00,-1.806363195050154635e+00,1.394471923501388488e+00,7.527376266409258054e-01,2.515926341689210588e+00,1.174815319904092270e+00,-1.078508998698877397e+00,1.884557564958832199e+00,-1.423186557171981725e+00,2.349925774011614621e+00,-1.299791383721199400e+00,-4.731008402925493961e-01,2.188778422279418656e+00,-2.380805015062123164e+00,-2.168574290746515310e+00,-1.619780115116791208e-01,-1.104594060915870646e+00,1.602826182914767639e+00,2.760596610486959257e+00,7.340759559009035762e-02,4.253364977219102450e+00,-5.909039157932736153e-01,-1.893710519329279807e+00,9.095445025769466341e-02,-2.412839904395217339e+00,-1.096013991510573771e-01,-1.750392644996258129e+00,-1.812520113166626201e+00,5.778765508026477704e-01,-2.217881757284021038e+00,-1.629560324506539093e+00,-4.967934955400360453e-01,-1.854527401580218005e+00,2.385326132950447153e+00,-8.846023589919482788e-03,1.693524837560453467e+00,-3.108496833255267155e+00,1.342766866525355818e+00,2.251252777795125226e+00,3.464892379481169238e-01,1.362657448535740112e+00,2.986878378279909985e+00,-2.748172137105939772e-01,6.458028204240429115e-01,-2.577667772093381049e-01,-1.450731998335770490e+00,-1.955638190988707947e+00,8.609211733899624353e-01,1.973597234851313331e+00,7.497238143236042429e-01,-1.286609516909154483e+00,-1.026793146314612715e+00,-1.971023938887731308e+00,-1.757179818086334055e+00,7.821583647119971783e-01
3.844513628165360686e+00,2.815582970890314396e+00,-7.846193204719200676e-01,-1.289954867922765702e+00,-2.644617890711234764e+00,-2.511259524186943537e+00,4.956460616672295316e+00,-3.434227762494336034e+00,-7.895383241451723322e-01,4.445860251808180230e-01,-6.254371616037701642e+00,2.846373816061457340e+00,-4.582869134399563671e-01,3.904316555120004306e-01,-5.510075639455895846e-01,3.005733869631990185e-01,1.156205677117644548e+00,-2.200718051061862912e+00,2.355993825626125027e+00,-1.077451220739606974e+00,-9.833931203820691636e-01,3.403188631189202340e+00,-2.401299637805846654e+00,-6.162259543493158187e-01,-2.765686026519440510e-01,7.893824536223454924e-01,4.367679001249435977e+00,2.395845248436456743e+00,3.296846929961938955e+00,9.982800537059789425e-01,-9.200766436352156852e-01,-3.959619850649799488e+00,1.810503096535033940e+00,-3.588047803611224662e+00,5.170139158595739026e-01,-2.274480328826713915e+00,-2.181840013926350963e+00,-6.024915788450178056e-01,-3.751077274432535358e+00,-4.136689372696606526e+00,2.804431333833739881e+00,-3.551408431504900598e+00,5.202667360198391933e+00,-3.328395510276322078e+00,2.499418291642029555e+00,-3.008335534579645199e+00,7.946516366604091663e-01,2.590467965898918035e+00,1.191597337011909286e+00,1.842376264697447308e+00,3.177516359116290712e+00,-1.162959034683425319e+00,7.846616339230041981e-02,-1.234194814039042409e+00,-2.519888418463127167e+00,-3.102717314996323417e+00,6.305940150297308922e-01,1.358382863337498914e-01,-4.276871399757602443e-01,-1.097819016497932232e+00,5.461440844460956345e-01,-2.615378094827101485e+00,7.246879527133756049e-01,3.132702910589878265e+00
2.511438225787825385e+00,3.706093593447755019e+00,1.054843541061282058e-01,-1.042455653648678204e+00,4.888282601836149155e-01,-8.239150291178740648e-01,1.251846518242864192e+00,-1.376455475883147983e+00,3.548021943512782439e+00,1.792443461719178677e+00,-3.246519002777223051e+00,2.171459577382405026e+00,8.398922251327849420e-01,-1.961500043279979622e+00,3.412198488591812184e-01,-5.197234474021538153e-01,3.441320293073415471e-01,-3.039258363037937283e+00,3.574449753242405770e+00,-8.499286134194647957e-01,1.344950909527946159e+00,9.939727828759925554e-01,-4.008504736869940466e+00,-8.072372100226996583e-01,1.285810257504447218e+00,7.548797079547869826e-01,2.567489067881009390e+00,2.982327380196327482e+00,8.441642881903068663e-01,-6.632079141838187475e-01,-2.005211051567922453e+00,-3.310489739979399104e+00,2.486043864512088586e+00,-1.718008942461131117e-01,6.846256251446547481e-02,-2.203370693853548445e+00,-3.724231698324713236e+00,-2.051438600396499723e+00,-5.615664147779915183e-01,-5.985981684675170111e-01,-1.171000104629115635e+00,-2.498218176543263613e+00,1.610166864065466941e+00,-1.654477658788328975e+00,5.421617389792981356e+00,-3.744255332616591936e+00,4.126545671365512979e-01,3.067078925087550978e+00,1.264824975526432915e-01,6.588506740157669128e-01,1.405505092256673638e+00,9.537556317924416049e-01,6.650730334540568833e-01,-1.255184057967045241e+00,-1.092225360500771014e+00,-3.350080380160358917e+00,1.215550174129958139e+00,1.636411962235729822e+00,-2.968268442952799457e+00,-3.384185511887765507e+00,7.931155858224474553e-01,-4.132655800852513828e-01,-1.799447127441773375e-01,1.566347248032435191e+00
2.142226935537896004e+00,5.422994456671345276e+00,1.309367785202502521e+00,-1.432755766435924061e+00,-1.712991185808588890e+00,-2.286691035345201239e+00,2.772875685434185389e+00,-2.683881305647304316e+00,3.174703229847679609e+00,-9.623127768309078789e-01,-1.823591011940473683e+00,6.123066016466465200e-01,2.852434919119427037e-01,6.728151301690865616e-01,-1.029513972408557132e+00,4.475854273998102206e-01,1.299342559530470842e+00,-8.421276552003711391e-01,2.848196778857763789e+00,-6.446834792599741570e-01,1.208191719248805196e+00,3.394813549412536879e+00,-2.620664272291759911e+00,-3.902984973040534378e+00,3.133557201816952187e+00,1.609596476976904667e+00,1.780790226647386065e+00,1.512370302156924806e+00,8.748676502680874378e-01,1.787206263245213700e+00,-8.326660576272415515e-01,-1.922259018820555720e+00,4.701105836441892283e-01,-3.047420860172093127e-01,-1.558833392406621776e+00,-1.326940408550234762e+00,-1.967368823723282478e+00,-1.528577817063889177e-01,5.325406639141361254e-02,-3.831584698908285791e-02,8.189440464792507868e-02,-3.808352212393512293e+00,3.281939039736970098e+00,-1.419382166063462236e+00,4.782042732106684291e+00,-5.143698895776550373e+00,1.035257069804964791e+00,1.078803305183914985e+00,-1.431352706404698027e+00,7.094299748112586901e-01,4.219496335510044993e+00,-1.582584618649584440e+00,4.025867176008025572e-01,-1.748193336434905043e-01,-2.431423166533174030e+00,-2.875918138857854522e+00,-3.169743664618522416e+00,-1.045749772338213868e+00,2.990089105700801220e+00,-1.271766140712499826e+00,-1.329646809036255206e+00,-1.531621387909261056e+00,-1.492146921892840261e+00,3.832417538890192432e+00
6.573663018211276521e-01,3.007645381951941310e+00,-1.186531606080572177e+00,-2.014036292788472515e+00,-1.257272264031319864e+00,-1.000386268112557708e+00,3.193085742744048439e+00,-6.541682911108488430e-01,9.156166582134364074e-01,-1.637975832017248834e-01,-3.045224101590417121e+00,7.946346667807261399e-01,1.652892078144714283e+00,-2.275225418135962130e-02,-2.704432043586405321e+00,-3.943920316046933827e+00,2.744985308267389179e+00,-2.605958611711269857e+00,3.423689701478637382e+00,-3.682357441812486032e-01,7.501563781871692926e-01,1.551356526674219305e+00,-3.417415357611340632e+00,-8.029994641422231183e-01,1.639300343820178529e+00,2.154016516072302601e+00,2.976263909067583757e+00,1.440837316195778151e+00,2.907473444151959185e+00,3.467147257753977918e+00,-4.412694390422298163e-01,-2.076521859930790637e+00,2.615520104200773410e+00,-1.098491594280830652e+00,2.727222098202761735e-01,-1.675144971645098568e+00,-4.154890672190212797e+00,3.100542763553906234e-01,-2.069371899293739325e+00,3.003769678108636487e-01,-1.502601496714699447e-01,-3.899704949870532289e+00,4.471377535018536520e+00,-1.592625904106704793e+00,2.193930016224834745e+00,-1.780929178807344471e+00,-1.077495745921450254e+00,1.155586126071066255e+00,-5.432936092750645374e-01,2.534149433009823316e+00,4.452278340755349895e+00,1.687010972953046473e+00,-7.031878135613267577e-01,-8.916251953115741369e-01,-2.958899186795121317e+00,-3.915998511404993554e+00,-3.655849303320299892e-01,1.736373985889378746e+00,1.792614408352924293e+00,-2.016808538103898929e+00,-1.482681969065506866e+00,-1.845269039286828727e+00,-1.436646359968231756e+00,2.018060939136800958e-01
3.317156973772612538e-01,3.081491898768171200e+00,-1.094647855402272330e-01,-1.277878419948715871e-01,-1.357771965409426462e+00,-2.126144608898026700e+00,1.271546131513130673e+00,-1.501878463812154507e+00,4.134811811160598038e-01,4.548060269112719212e-01,-3.159906985114103506e+00,-6.643074525961845112e-01,8.773387382719322058e-01,9.122201775104684662e-01,-8.765063643037362962e-01,-1.889298429194331774e+00,1.187895055395791877e+00,-2.473334917123059196e+00,1.558675572576016188e+00,-7.844672798983709505e-01,-1.262115025883675745e+00,2.951947590001280375e+00,-1.504638639642560838e+00,-3.471734142041137616e+00,1.223817791629412843e+00,9.499056949359052648e-02,-3.811499938545481747e-02,3.816601374044798600e+00,2.097678949426619255e+00,1.174582007007264117e+00,2.383656318359397286e-01,-1.597199580480243464e+00,3.979888833545535132e-01,-1.859154519561858399e+00,-1.044763221076300708e+00,-2.560132115686525101e+00,-1.880314196740108024e+00,1.032690398330504022e+00,-6.834400593324900797e-01,-2.744226840474760287e+00,-7.638991358733815407e-01,-2.367604950946699205e+00,2.551689093876746917e+00,1.872212517733538029e-01,2.520093178271831214e+00,-1.957365659892337906e+00,6.489193966614841269e-01,4.440904191410134594e+00,-2.313248286466815795e+00,8.151666937383004186e-01,2.287626948664204463e+00,-1.705948564559528924e+00,1.301286179978338620e+00,-7.784477672695596651e-01,-2.846501492083691964e+00,-3.840443789703843258e+00,1.561497006632001305e+00,4.665143015666289306e-01,3.587696630164359801e-01,-5.047057025891051651e+00,-7.595623350825256859e-01,2.771615272883345416e-01,-2.399575969761946315e+00,2.774959066994337142e+00
1.824049306928865244e+00,2.301160256444942931e+00,-1.347435009887038682e+00,3.685219982291743079e-01,-1.241540815651704488e+00,-2.146168860497966513e+00,2.692300047634452298e+00,-1.423487145909226204e+00,1.441806014432390981e+00,8.239628584484977036e-01,-2.766067339449719054e+00,3.560931147556712695e+00,2.575661429443936168e+00,1.622730367008451413e-02,7.564209726740884765e-01,-1.577170301454662527e+00,9.474888239932570677e-01,-5.748173380888332851e+00,4.113435107683341307e+00,-1.601681982018146044e+00,1.552195701997574062e+00,9.401098665815070810e-01,-2.070288632324839728e+00,-4.400814185313343785e+00,1.056731315008262229e+00,1.181130479897829932e+00,-2.692629839397171487e-01,1.631190550430998698e+00,1.680418651497953775e+00,-2.583645507408660613e-02,-2.239209374444688816e+00,-4.051078306130354356e+00,2.282150669215007976e+00,-9.982089758328899221e-01,2.393538143131019869e-01,-4.367390604466704573e+00,-1.008871283544127140e+00,4.277343089205163512e-02,-3.119688015844638507e+00,-3.035455765848688703e+00,1.739766112689601130e+00,-3.434692206608793708e+00,2.137009544220623614e+00,-2.590395038368312974e+00,3.890395276467726760e+00,-2.411341934555791600e+00,-2.537833952119109782e+00,2.774765489687522013e+00,2.369962698581180027e-01,1.968216248792223899e+00,3.886321356962928242e+00,3.271462689034480009e-01,1.958634698353681480e-01,-7.085860007739317457e-01,-9.170976915998707568e-01,-4.820550286170020016e+00,1.191410980477085602e-01,5.215622308863823164e-01,8.278625759213862345e-01,-4.077371616289090284e+00,-2.050911157046860112e+00,-1.732856705012659093e+00,-2.930889820708515447e-01,2.009142355412075087e+00
4.440054409084641662e+00,1.568298184941708140e+00,-1.128892582454990468e+00,-2.562986436364949050e+00,-4.757670094848551301e+00,-1.662666519484744310e+00,8.171952590922886284e-01,-1.112398812900713851e+00,-5.193442218111066211e-02,8.385120787494290129e-01,-4.758705884260981733e+00,2.405887721050524730e-01,1.958355617134830418e+00,2.696466063435927651e+00,3.192814127464880247e+00,-4.753737770770907756e-01,2.757400585093515044e+00,8.506232776045594690e-01,2.235114465293382313e+00,-2.913777615380556130e-01,7.088813949090477795e-01,2.380380215631334728e+00,-2.745006029856742025e+00,-1.631647265859508700e+00,1.568145320056904435e+00,-5.332768123767925861e-01,1.323217686291949580e+00,7.821947510569312589e-01,2.516738846539225527e+00,1.409499982905917825e+00,3.254723679597595343e-01,-3.458450060557451522e+00,1.836290208418250636e+00,-1.234998562971355351e+00,3.096309912991688229e-01,1.462609567550426481e+00,-2.921832618230507439e+00,3.334956173054265172e+00,-1.621591383916300311e+00,-1.958186879984696205e+00,-6.782998742015550198e-02,-2.585508509796110133e+00,8.349243449508110260e-01,-1.778746042436058605e+00,3.180855960708107499e+00,-3.288553564371224702e+00,-1.440396572764368610e+00,2.178876390696673493e+00,-1.723116947255837750e-01,1.851109229716003890e+00,2.461313275172238413e+00,-2.933720202654078180e-01,2.159485442113318054e+00,-3.058397681511112687e+00,-5.787189714279388220e-01,-3.769459244008008802e+00,-2.280624250935330000e-01,1.631449314339801004e+00,3.592060638404447559e+00,-1.650283791238262188e+00,3.173841875957689185e-02,-2.393910995747399184e+00,-7.756483605772054313e-01,9.672853833021499703e-01
1.423168219441061089e+00,3.409374042291288820e+00,6.276499821776375665e-01,-4.882348165575401411e-01,-1.911860335428365865e+00,-1.111349259320269844e+00,8.477954847279705053e-01,-2.359032842813654884e+00,3.375965964114616136e-02,-3.114838773658490378e-01,-3.753338973861740424e+00,1.959812413877012549e+00,1.033508727105131308e+00,-9.689226787514353401e-01,2.197237084988389100e+00,1.545459121247354517e+00,1.451432889718217822e+00,-2.007790552399506101e+00,5.869580092549529837e+00,-1.702546062892129175e+00,2.565273066685798575e+00,5.654302201829674246e+00,-2.598348119846736193e+00,-2.474923127802898470e+00,3.554084740919751795e+00,4.809595625490480919e-01,2.099088343568572768e+00,2.100766863099679416e+00,2.437871461276716056e-01,-1.574351216155436273e+00,-1.883396003409287367e+00,-2.055900797601114327e+00,5.479447532581448455e-01,-2.005358885845877737e+00,-1.135875290508303603e-01,-2.510335647713627161e+00,-3.572184688207993730e+00,2.052557123229812597e-01,-3.755554377216427042e+00,-2.590333724520430536e+00,2.322735837834370543e+00,-2.289604016432229550e+00,1.689425387478877161e+00,-5.606219398050307223e-01,-7.093297736161674472e-01,-2.324669140984859439e+00,1.315376948733363083e+00,8.583878700179536914e-01,-7.257606060414325544e-01,2.769520003076201498e+00,3.936946842683270553e+00,4.920579340496830101e-01,-1.418378578668670231e+00,-3.416250145428401108e+00,-1.803103639666213454e+00,-1.727384798473651895e+00,-2.180157973961871498e+00,5.478066728978160382e-01,2.368047668021206142e+00,-4.068457905194007296e-01,-8.683950928559375226e-01,-4.562915188881837558e-01,-1.572905164830640912e+00,-4.176452852666741045e-01
8.458019349816610077e-01,1.258237263584060184e+00,1.019060125431698882e+00,6.121709688037513253e-02,3.413174616285918894e-02,-2.252168587002364220e+00,1.160459497895235614e+00,-4.282758050618555856e+00,2.145429790146974991e+00,3.486619619577088214e-01,-2.380114926882477278e+00,3.515649113082391253e+00,1.052015926130602796e+00,9.919385993329277174e-01,1.947960139292921333e+00,-1.570358721933700741e+00,4.908854200123037304e-01,-2.047798283327908919e+00,3.175015286891277988e+00,-3.058071999419627929e+00,2.373295083894645385e-01,3.844033553283360494e+00,-3.943487679272943414e+00,6.935662497919019565e-01,1.114251143814755984e+00,-2.027320409384931743e+00,-9.638134809849563389e-01,2.404101362716967838e+00,1.229346538026743652e+00,1.404846500086113004e+00,-1.670043878870208331e+00,-5.678662562195868624e-01,2.245898050166862170e+00,-2.542276649262676713e+00,-2.591087089393681708e+00,-3.241003244937120442e+00,3.224799089163092880e-01,-2.096512677111591394e+00,-2.212548057981756688e+00,-1.296567272475696031e-01,-7.568778120113173191e-01,-3.965698345076582587e+00,3.653219290554929444e+00,-5.855390569332303841e-01,2.173229672050671191e+00,-3.579932808846109982e+00,1.337082685753266498e+00,2.453507652250401350e+00,-1.964458725971938824e+00,4.672822903006874640e+00,3.159614199884355212e+00,-2.233293219752898739e+00,8.284080219592651062e-01,-2.165797465352766071e+00,-1.900479113474400572e+00,-2.869367251373881711e+00,-3.517063710692386880e-01,1.453910542790835869e+00,-6.949683378286040103e-01,-2.135506797457213946e+00,-4.006241215918871501e-01,-2.596886214465531140e+00,-2.301322269955786037e+00,5.240680318227527446e-01
2.729559697565420606e+00,3.077528666283313896e+00,-9.124938039343798435e-01,-4.268796013233277620e+00,-7.701194058919909047e-01,-3.260695888607934467e+00,1.589824170391070712e+00,-4.899657913335774495e+00,-5.738745980296983129e-01,-1.006955031969948289e+00,-3.966663940823412116e+00,1.204787245390745110e+00,1.305018885478733681e+00,-1.204542178979396860e+00,6.969440326745963699e-01,-3.232947386256361799e+00,1.571268884362685192e+00,-2.355462290116355550e+00,3.465000240708058676e+00,-1.680640800853377304e+00,-1.104056985467640750e+00,3.062934740254946053e+00,-1.607138463877806123e+00,-2.796825060428567600e+00,6.955744592573720464e-01,3.163637932760916538e-01,2.200504005463512769e+00,2.333805086565508446e+00,1.162094621774666381e+00,2.106811065614245138e+00,-2.220889462753139032e+00,-1.800463706190007507e+00,7.354696541941183607e-01,-3.743086317158667020e-01,-2.615371790442711397e+00,-1.713448443758115891e+00,-2.202128695057544050e+00,1.444205411517424653e-01,-3.605194348528354631e+00,-6.745029828585651366e-01,-5.329713442673739143e-02,-5.608362817091416375e+00,1.830273341758841710e+00,-5.587864064111387474e-01,3.139297709915971346e+00,-2.070081142616042591e+00,4.344485408912562852e-02,2.932627803569386238e+00,-1.908244545425048289e+00,2.790931482516376683e+00,3.316764573440936115e+00,1.018013303827423499e+00,1.134549575570592328e+00,-1.922435668460084734e+00,-8.276853925336599138e-01,-3.320251832584392826e+00,7.048794157496685031e-02,2.045358172058283852e+00,-6.955673790316230232e-01,-1.948764629881537758e+00,3.304334775372402833e-01,-1.695985314947299205e+00,-2.080530224100355152e+00,-1.999928447947800336e+00
2.301363765806787143e+00,1.575350845231313412e+00,2.913429865881258518e-01,-1.120267470908721696e+00,-6.149833380155969031e-01,-7.715889306550249849e-02,2.865315661245197099e+00,-3.524897651033907842e+00,-4.541185149855272440e-01,-1.739303889974001815e-01,-9.930215921975129589e-01,1.428274596985662059e+00,7.330342409632965017e-01,1.713012348109519412e-01,6.084882660726725900e-02,1.380428255511986002e+00,1.284610614182701394e+00,-1.440565333314783203e+00,3.696504548563529724e+00,-1.137347661630015327e+00,3.289965231749070740e-01,3.070000072208083797e+00,-2.618900162806305332e+00,-3.926741204884543812e+00,2.007258670854003002e-01,9.307534906181766932e-01,9.775569767115274145e-01,6.208673682383167858e-01,2.835401496377154551e-01,9.260009486613215435e-01,-1.069388478693982680e+00,-3.513439808892781180e+00,1.128049315446632894e+00,-4.126067421031032190e-01,9.266076098506073055e-01,-1.294817999976870526e+00,-4.308318307136362435e+00,1.553363803387839415e+00,1.178555258714415466e-01,-8.775777053826929741e-01,8.357638498129607019e-01,-4.348680761272323281e+00,3.436924724630949779e+00,-3.613078638073866644e-01,2.196703670065708103e+00,-3.692869220299489719e+00,8.859783809197865345e-01,4.547520873937443753e+00,-2.045476138186375636e-01,1.577422655199589796e+00,3.333319625864857638e+00,2.165774368998055088e+00,-1.930893153406589846e+00,1.043099467276943582e+00,-4.753651166129765571e+00,-4.429059220927115348e+00,7.059612237473611440e-01,-8.852875878218975370e-01,9.963343169164908808e-01,-4.150736401038164214e-01,1.157829987489364720e+00,-2.888916589791414857e-01,-1.243397632932430774e+00,7.916978926152433704e-01
1.872155886604585096e-01,-1.211231386944754629e+00,1.664379454254099944e+00,-3.357205852877728214e-01,-3.178792936635477684e+00,-2.553589739420309979e+00,2.661787137853563578e+00,-3.500263860674504457e+00,2.832436568408828403e+00,-4.378751770371064111e+00,-2.265797364981177342e+00,2.120883752218963636e+00,-4.744537962038617995e-01,7.997803773048328679e-01,2.110805169668884540e-01,-3.018939582237842423e+00,1.740980127014239542e+00,-9.560415291661561454e-01,5.614454586232633382e+00,-2.437904552874677666e+00,7.878707789211251145e-01,4.701416776338781744e+00,-3.077928613359901533e+00,-5.845238438958202387e-01,8.261595844611988593e-01,-8.432322520461859039e-01,7.624103391290970588e-01,2.506112084660536254e+00,1.695883863356244081e+00,1.994981453163675589e-01,1.237382814347830706e+00,-3.445976391601099476e+00,1.776244461923477402e+00,-2.649742854747557885e+00,-1.318506036092746747e+00,-2.097376304815189663e+00,-4.786811289494623978e+00,6.799213659657826758e-02,-1.948150151318855272e+00,-8.708633401166482324e-01,1.512783112807049468e+00,-4.701698683354304187e+00,3.860247923212072774e+00,-2.773774772695510649e+00,3.659118684926393250e+00,-3.004865405995232663e+00,-1.783288979757894355e-01,4.287856147100243653e+00,-3.427190144249737003e+00,3.570152788707178448e+00,3.332978676834168930e+00,-4.682799730901531232e-01,2.371270339269297978e+00,-1.089512394720513644e+00,-2.665917655719188595e+00,-3.494150213976303654e+00,7.010286307158346553e-01,1.952911254340045089e-01,1.160479206126791896e+00,2.123623309017270699e-01,1.383878488852929856e+00,-2.327068618208264272e+00,-7.527344958680682874e-01,1.057836892639658855e+00
2.363112210968017823e+00,1.237950651673386915e+00,2.246904147973445731e+00,-3.561152348360894226e-01,-9.707837280349655984e-01,-1.474164793415200680e+00,7.867538071171700231e-01,-3.351380869627874848e+00,8.362769091158340773e-01,-1.739108643650256081e+00,-1.422700950081773330e+00,1.244684419509994866e-01,-5.097427513394721388e-02,-1.784972153349479118e+00,5.518148124569233204e-02,-5.825440875575500499e-01,1.321245636142931890e+00,-2.085866763782252331e+00,1.997651211604696941e+00,-1.272326946939223324e+00,1.213198813712029756e+00,9.101481237348965081e-01,-2.181570794026212123e+00,-1.936258415249853648e+00,1.012854737811444306e+00,-7.420524559944301490e-01,2.053145592818376830e+00,-6.414994735423573680e-01,1.054473133417032304e+00,3.077108315292083063e+00,-6.449635255228407527e-01,-3.216158319260938203e+00,-3.679495894591457983e-01,-1.640704129006410827e+00,-7.682829487265163682e-01,-1.620373682356710310e+00,-9.665654662747242831e-01,-1.828246405011457076e+00,-3.712963153946725825e+00,-1.552539389494812072e+00,2.206625007897034862e+00,-3.641951440959789288e+00,2.643695338262959105e+00,-1.300542925611214429e+00,4.444911337855673494e+00,-4.157997995393023061e+00,1.613510212138528743e+00,5.340455637270279610e+00,3.189689903629738810e-02,2.253245786364995062e+00,1.349799056868265179e+00,-7.679948491746154682e-01,-1.072319214800522558e-01,1.168899662797546535e+00,-1.361055549517946384e+00,-2.366192080331174452e+00,-1.363303297230132660e+00,2.289205120620923517e-01,2.480426664990018182e+00,-2.517376008352071093e+00,-9.461175194011339773e-02,-2.630226535722002268e+00,-2.796898235565210111e+00,2.210332547683366844e+00
9.224868194366876439e-01,1.704692009613063997e+00,6.203377704783298308e-01,2.227352019724679000e+00,6.048542749994809675e-01,-2.301509752099962114e+00,-4.447807854876955069e-01,-8.673108485061844508e-01,-2.380259795053666583e+00,9.550057152664058469e-02,-3.660162241119306881e+00,-1.189957720175680578e-01,3.226321164101420447e+00,1.767900154091567311e-01,-1.704722300985852090e+00,-1.415628624942505631e+00,2.100916357497880860e+00,-3.109254034283375656e+00,9.890077117963604891e-01,-9.621506949723382940e-01,8.714528316389669182e-02,2.614529178048901059e-01,-1.847306522578538113e+00,-4.536705366665416683e+00,3.825164598924271075e-01,1.848602231569258736e+00,1.810880313359068738e+00,1.440257457401436625e+00,9.424017423294553941e-01,3.048071316832190902e+00,-1.796524566584117855e-01,-4.298925533163937551e+00,9.729062194682536191e-01,-1.719210687775810875e+00,-1.060768190780381204e+00,-3.316808919555581880e+00,-3.922214872731459856e+00,3.922516172960616720e-01,-1.818952177535059445e+00,-1.031815839798753354e+00,-1.885595212250145813e+00,-4.598304318197108387e+00,1.918941139999407630e+00,-1.916799867484138664e+00,3.589111503182526697e+00,-3.135047125311079430e+00,-6.989909338975153208e-02,3.723816406541986535e+00,-3.401779827215437590e-01,2.649941844619148501e+00,2.213363314379172220e+00,1.582389267430979185e+00,-1.016236869507186169e+00,1.066932076039424748e+00,-1.533259678192556263e+00,-4.388159585407880314e+00,2.316062401807599258e-01,-5.254960853393078057e-01,4.350177713042809868e-01,-1.291055340270672591e+00,6.271201659807545958e-02,1.072427670303748304e-01,-2.432875496408442473e+00,4.053818602642735858e-01
2.987563694640344103e+00,2.233859977321937418e+00,-1.089034019383854135e+00,9.752079702833071906e-02,5.834635619201520296e-01,-2.692625612520427758e+00,2.551828952562097630e+00,-2.681694025008229509e+00,-2.230615835320986506e-01,1.808700920344653351e+00,-1.359901323216992086e+00,3.609260558178813749e+00,-1.340684012512479262e+00,-1.160504007361742085e+00,1.498814957861803743e-01,-7.079923282235536242e-01,3.513304398510023852e+00,-3.373606368558089486e+00,4.095942476133235921e+00,-1.592622500641714289e+00,1.300140696744970015e+00,4.970767640926620601e+00,-2.811262978044230643e+00,-2.074355903869517626e+00,4.141251859673510394e-01,-4.283087865919666948e-01,3.165403439853367917e+00,1.481553945506179026e+00,1.682356657895993202e+00,3.599398885079626353e+00,1.393609219474796657e+00,-3.098452341397347265e+00,3.288161442175588256e+00,-3.560488680993072474e+00,-2.867591130436648150e+00,-3.760302080914680545e+00,-3.337464661144792899e+00,1.537446854963612886e+00,-1.660277727979716289e+00,1.241026810940655256e-01,-5.954085881637396493e-01,-4.120807708242895551e+00,4.967755175320867522e+00,-3.303134258499406783e+00,3.891989020502588659e+00,-1.413077841059186879e+00,3.888607896815576837e-02,3.691574390530169669e+00,-1.815814326484956609e-01,1.525146333662959597e+00,4.015090520528710627e+00,1.114383238833573486e+00,1.323771193761253961e+00,-1.747296508626764167e-01,9.658333641436245287e-02,-1.135807205058697145e+00,8.013076586599026108e-01,1.552009290028051991e+00,8.643956519753103196e-01,-7.002255840064917081e-01,-4.043285174495234724e-01,-1.242842275490365189e+00,1.361768259907930823e+00,1.805083243361976342e+00
1.102287273017652058e+00,1.670928637957350249e+00,-1.374252114422400972e-01,-2.420486237154122477e+00,-2.215715889753167467e+00,-2.936120243894258852e+00,5.978822257533968898e-01,-1.181463747157514454e+00,-3.039724809561779040e-01,6.259360861876597237e-01,-1.324284265798811866e+00,-2.216518365861275264e-02,2.891428666950548010e+00,1.352385610913658276e+00,-2.889274297631332367e+00,1.326356101719245784e+00,3.256645156917459261e+00,-2.603974687108424835e+00,2.630961690133067243e+00,5.784242048234398137e-01,2.030457264815760388e-01,3.003202736412111662e+00,-2.510907055987891656e+00,-2.715785062855790244e+00,9.935541436318393593e-01,1.671932213794217859e+00,2.682124775066922595e+00,-5.208504975271495141e-01,9.236737635821241632e-01,3.045407989933360149e+00,-5.159744372215629982e-01,-2.101859965623220639e+00,-3.715880350477656080e-01,-6.668896435146542956e-02,-5.780631086390266571e-01,-2.679893864231072342e+00,-5.045839883158549810e+00,2.730525579159548411e-01,-1.718378659962114252e-01,6.112476714732917316e-03,-1.369456751837970110e+00,-4.231542643534092818e+00,3.263704633958836698e+00,-1.254427121502841080e+00,3.038544475731252525e+00,-1.593225530206556773e+00,7.893801702678987509e-01,2.531515466689318483e+00,-2.016115587182593649e-01,2.259747077211969213e+00,3.274111880779200234e+00,4.520865219583671824e-01,-1.928947120218839073e+00,-2.466558893861520829e+00,-3.654577286541322856e+00,-2.313903107718761287e+00,-8.888940226439869807e-01,-1.769393493895393465e+00,1.899361241912029818e+00,-3.618235571029662090e-01,-8.103241795968423311e-01,-1.889881793681929878e+00,-4.639647794173658024e-01,1.202104978516113531e+00
1.488598574814780751e+00,2.798132014638524012e+00,7.209697246467400289e-01,-7.386191827012615896e-01,-2.679361072776114572e+00,6.168787069724612770e-02,1.263038694229656311e+00,-1.673587795874617701e+00,1.340597211372293485e+00,3.985858950990970873e-01,-3.670621828394124542e+00,3.101347901730042267e+00,1.569143162542228964e+00,7.703383534246318609e-01,-7.171838809994079966e-02,-1.593036555275671562e+00,-1.930686677095514447e-01,-4.447837888189551947e+00,4.301099283196180068e+00,-1.253447676684911194e+00,1.289734749645136791e+00,4.170345722807171640e+00,-1.413566151244770364e+00,-2.903239634115230672e+00,3.952264171762340794e-01,-4.503631698428892660e-01,1.055755644345477640e+00,1.207156154123794067e+00,6.723405679568950077e-01,1.593413780537693558e+00,-1.983897777921542760e-01,-2.339299425586852887e+00,1.289638754507941965e+00,-2.935738466007814296e+00,-1.152550682530634196e+00,-1.614882674073264024e+00,-4.209750245284915593e+00,2.851494469474152638e+00,-2.729362104802747879e+00,-1.742596314890463072e+00,2.712127722338535385e-01,-2.652404051946428698e+00,3.423371820671282872e+00,-2.498517095519896092e+00,3.228136437958062377e+00,-1.584413909048767444e-01,-6.708710791899991088e-02,3.854103620887186388e+00,-2.296245913478209277e-01,3.363576278970674682e+00,3.774256717821706353e+00,-1.950315433164024892e-01,-1.477058760933682935e+00,-7.066853470960461348e-01,-3.067039704095393837e+00,-3.901715304324077316e+00,3.346059688116408415e-01,7.269247586683946771e-01,1.924049615722450035e+00,-6.590671716604248331e-01,-2.453844318115996792e+00,-1.013075066522580725e+00,-1.214476229545226493e+00,1.416909601109351824e+00
-1.485204950616354491e-01,1.520376625186668385e+00,-1.096055258276316779e+00,-2.733131093364911557e+00,-1.635217518019024485e+00,-2.872304978250531438e+00,2.804638804976783195e+00,-9.975493809074587048e-03,-2.130576162935117424e+00,-8.806520730653798479e-01,-2.064107510970074610e+00,-5.750793074881175304e-01,8.563785412481228487e-01,8.511731046204455975e-01,-9.274126522529513306e-02,2.436914115303245865e-01,2.566351338953825945e+00,-2.410728694897572133e+00,2.042624300187979358e+00,1.431157798631140565e+00,-7.718410698768904954e-01,5.215524256116225388e+00,-3.119002901140742523e+00,-3.351336814346028259e+00,2.067560863088403256e+00,1.498711908280970118e+00,2.861952572814509654e+00,1.858793132607496235e+00,1.764998916450323918e+00,3.672426039960390298e+00,-3.230308425327113042e-01,-2.187656780750873331e+00,2.212432973778407641e-01,-2.662638196025025827e+00,5.440115446881699235e-01,-3.443549127677782984e-01,-5.599047014139786782e+00,-1.175648236880186825e+00,-3.453806780952812794e+00,5.574860746306127268e-01,-2.406247083176384471e+00,-2.823748076166102461e+00,2.475127110079715642e-01,-2.017900257816662712e+00,3.337450968843535648e+00,-2.714978911634199132e+00,6.307474235209109548e-02,1.853496198682025753e+00,-9.910579322232295763e-01,3.488228463768692222e+00,2.592140347061612893e+00,-1.062361340375747726e-01,-7.173591180484163721e-02,-2.351692836230166339e+00,-6.757167068448903802e-01,-2.766123424488753368e+00,-3.377587116550206936e-02,4.372749975381591270e-01,2.183357373019224612e-01,-1.005028635292319006e+00,-1.839651362502642939e+00,-7.699463387717357943e-01,-8.869727938919571564e-01,1.098143244859960177e+00
1.273889648133855079e+00,3.104948578321976349e+00,6.625999277718547242e-02,-9.604919441728092533e-01,-9.721973545488542534e-01,-2.263202957937921145e+00,2.184197865559573071e+00,-3.438652935336464544e+00,-1.047721532229010766e+00,3.347696261361737147e+00,-4.456130684511991902e+00,4.773981186859391768e-01,-1.114749255281941132e+00,6.689090210473623843e-01,-1.180859656656298107e+00,-3.342231895905863226e+00,2.107402937560933776e+00,-4.890218256153905152e+00,1.538575339009150333e+00,-2.454858928164850074e+00,6.893270998089690016e-01,4.544324196899695245e+00,-3.246480947972394837e+00,-1.621750162081736057e+00,1.059547779591979211e+00,-1.839804643270629203e+00,2.374618309443839337e+00,1.495899787971723960e+00,1.511943375693545200e+00,1.562965775084765196e+00,-1.698780586730160636e+00,-3.303747217664324776e+00,2.085737012178009664e+00,-6.149901474767771603e-01,1.345498986609607872e-01,-4.719821087945973659e+00,-5.633354206258045949e+00,-1.424215222525453850e+00,-2.230935457037728220e+00,-1.343983688993006131e+00,5.735475871007243986e-01,-4.252520530084117567e+00,5.057725962937155373e+00,-1.114059508470206294e+00,3.770516534315043522e+00,-2.560544406703954223e+00,3.709221864510773292e-01,3.262546877267729961e+00,-1.706992325995326243e-01,5.598302640195631952e+00,2.556233839168228439e+00,1.595122666787374577e+00,-8.593979653324265722e-02,1.101429169555447452e+00,-1.438260815412127469e+00,-2.328752808511961536e+00,9.417013709935004862e-01,-3.395848989884753255e-01,1.421937439925671010e+00,-5.932926048471474090e-01,3.235023171736638448e-01,-3.273591357530810875e+00,-1.762198540439988914e+00,1.078497764556215932e+00
-1.333810983930161509e-01,1.086776439365587432e+00,1.912602271072277205e+00,-4.652296983295807764e-01,-2.390700322127723432e+00,-7.115890150527532931e-01,-6.916639794610879299e-01,-4.223502595843012131e+00,-8.186347812636738386e-01,7.503443421979649752e-01,-4.442812310882480631e+00,8.033367617066751176e-01,7.736596621309281829e-01,1.874738240798396127e+00,1.118909459105342563e+00,-3.356991100006516682e+00,6.735495707220190420e-01,-1.640106793091490545e+00,4.623161131395590928e+00,-1.492329139250471393e+00,3.158750092624180161e-01,4.189818565111274928e+00,-1.686789511818448384e+00,-3.095530928727731279e+00,-1.358357086289476712e-01,1.252161576559485123e+00,1.975087681389171124e+00,1.434920058703508472e+00,1.819840073268674585e+00,6.082041756922602627e-01,-5.016040228495033393e-02,-2.024812790312616073e+00,2.460038890968531122e-01,3.131556808605631126e-01,-5.876184493180202084e-01,-3.342154343504705860e+00,-2.049311031870175714e+00,1.618317480035861011e-01,1.783012916382224589e+00,-2.905193623734680930e+00,-1.297508292734430801e+00,-4.237582942564933397e+00,3.931611854606628320e+00,-1.508231399526952732e+00,3.386118670707801037e+00,-2.582353059189134381e+00,1.657354560320242642e+00,3.349330852763013677e+00,1.834444215342968088e+00,5.993667458505298473e-01,1.195385161226088844e+00,-5.541889406701310250e-01,-8.983708602139296451e-01,-1.093649243515478986e+00,-7.187033881069113672e-01,-2.130974957292346872e+00,-4.079609206525551257e-01,-3.265018556600541855e-01,-4.659894358617409083e-01,-3.251757414009430747e+00,-1.565830371533978749e+00,-2.130818134225835880e+00,-2.598804023548060727e+00,2.241103315793194106e+00
1.013325290410306945e+00,2.417201326746480028e+00,-5.963360695096111552e-01,-1.336674239608572679e+00,-1.637037582281624104e+00,-1.176198283302405390e+00,2.519851890021164387e+00,-2.682385954888350632e+00,-1.099935140805309297e-01,-1.281974628948716388e+00,-2.950044094813854656e+00,-1.840958436495711670e+00,1.277691339312667873e+00,-1.894058167543742677e+00,1.100346058277375527e-01,1.047034989386249615e-01,2.033114444250591291e+00,-3.018854940098472994e+00,2.241329974641123712e+00,-1.675215835936237019e+00,1.942311969959866991e+00,4.870896408335415373e+00,-3.144640199248352808e+00,-1.853884292109273524e+00,2.417863612305970022e+00,1.621085121459840517e+00,1.046980323036422078e+00,1.255838677107822487e+00,3.112886963763177306e+00,2.836140540275831956e+00,-2.396218985308879112e+00,-1.580113215584429298e+00,2.587006434574234071e+00,1.883224319843690431e-01,-2.973328391284322247e+00,-2.665186668929779845e-01,-1.674053520022082298e+00,1.110280698981786218e-01,-3.897716681540049244e+00,1.262415346357967927e-01,-7.535305285548559162e-01,-4.962180604280219676e+00,2.371981223411249395e+00,-1.743226885414642657e-01,5.046232348796705125e+00,-1.538223135896858995e+00,-2.323534931341750820e-01,3.229984941826167244e+00,1.473223582872042137e+00,1.741823974979793910e+00,3.300886207115334425e+00,2.728827822005384096e+00,6.137230702173269714e-01,8.294901701687189544e-01,-1.111862353489297295e+00,-2.114344171583900867e+00,-2.377929526628025592e+00,1.728103462771675147e+00,2.951346237726832467e+00,-2.200315396662281930e+00,-2.246451146914623664e-01,-2.009232740543061446e+00,-2.200811844425509367e+00,1.833840497768514322e+00
1.391348176528480973e+00,3.166060695421692550e+00,-3.059343226063276910e-02,-2.796606449826938068e+00,-2.054906132134722174e+00,-6.055535000475791296e-01,2.899865473880916866e+00,-1.359671622013053138e+00,4.026543694051141764e-01,-6.699867891370743234e-01,-3.593286188329128272e+00,6.740340491607714757e-01,-5.134642740258579252e-01,6.787302699635470171e-01,-7.724158077127876165e-01,-3.821572623743906827e-01,-1.228542450886489945e+00,-1.025269474334638886e+00,2.046175607580027478e+00,-2.472219921594092540e+00,1.793927340502115442e+00,1.562361299553876703e+00,-3.015145409312740110e+00,-2.402608845216871902e+00,1.458697012358076472e+00,1.188645924642826257e+00,2.058416869005094352e+00,-1.195704491566215388e+00,1.376561208010263604e+00,3.191642228291474481e+00,-5.614555757146059145e-01,-2.341548777327018716e+00,-7.805150212805205268e-01,-4.089682075056302324e+00,-2.455592189101942768e+00,-3.035046460882571573e+00,-2.363931507834791113e+00,-4.046031809444086136e-01,-1.064390572555023562e+00,-1.035859596937570792e+00,1.255265834662747437e+00,-3.412758394703815590e+00,2.530260217355504881e+00,-1.376254434928018355e+00,3.872997023812851491e+00,-3.036118968821266861e+00,1.099873939436661452e+00,2.620844256089070790e+00,1.003547797100115657e+00,1.802535981865449610e+00,3.944234474222450437e+00,-3.331553302854957099e-01,-2.026946474229338158e+00,7.833829030307709607e-02,-3.167521437678164187e+00,-1.350740003500618291e+00,-3.385285907080472168e+00,1.076999153892373440e-01,2.891359472438224998e+00,-5.539996776832478709e-01,-1.472932731802553130e+00,-1.777342952465437165e-01,1.457104332957055437e-01,6.441359835733602157e-01
1.615543835371710202e+00,1.856863791392148633e+00,-1.379850347648094111e+00,1.098910348817251137e+00,7.465035911376296518e-01,-3.712768745834353012e+00,6.501230542492231201e-01,-1.056565463592451515e+00,2.487942494968070628e-01,-1.113862829668506249e+00,-1.520988346277573733e+00,2.788680508001137426e+00,2.852662619915121156e-01,7.636498490386521842e-01,6.109861800986043923e-01,1.262713561033778298e+00,1.900683830286079790e+00,-2.314485583636114896e+00,2.644567054997267963e+00,-2.366130927181618659e+00,1.436316327432278772e-01,2.810587063040101086e+00,-2.721757825049443635e+00,-1.268317132839284156e+00,1.479908307272320478e+00,1.269357300686416723e+00,2.622712234545845789e+00,2.101039237375052604e+00,3.196863973440248197e-01,1.844598344294397618e+00,-1.708287278633858763e-01,-2.575308050172662178e+00,1.389634370625700388e+00,-1.606938770547938766e+00,1.671000023256152822e+00,-5.742653513054540859e-01,-2.722581649458458042e+00,7.544176138634275386e-01,-3.181454281382182891e+00,-1.537040135828325882e-01,1.428950665735436942e+00,-1.276335845546909820e+00,4.695594625534738498e+00,-9.812250544515492834e-01,3.811446540934284588e+00,-1.988240454998864148e+00,3.474170189202197001e-01,1.719971391050498122e+00,-3.308945379443521406e-01,1.022661245267825869e+00,2.928108356799040912e+00,-2.721444892347590905e-02,1.548541010283664976e+00,-9.763870815700100847e-01,-1.381801818312053953e+00,-5.116448037451455377e-01,-1.742979821595707746e+00,8.267441991744582941e-01,1.305656644865103022e+00,-4.260217651189980970e+00,7.213417783969926500e-01,-1.832237934568501592e+00,-2.420065128421057921e+00,3.157003682332512273e+00
1.664743960432735648e+00,5.114247609551459739e+00,1.210486146927743922e+00,-1.567967635165452567e-01,-1.133489809239332846e+00,-1.715503539118307552e+00,8.672382074078814895e-01,-3.464566280656655728e-01,1.526872415577369857e+00,-5.013612547596273394e-01,-2.751256977485132094e+00,3.360691501878833254e+00,-1.915921434403886403e+00,-4.979794517882918381e-02,5.469825185485875929e-01,-1.488150791234575387e-01,1.293180164231457541e+00,-4.221720078648408148e+00,2.255402185686657734e+00,4.268520936400876931e-01,1.680495923189141871e+00,3.239610782813741707e+00,-3.957216680933381969e+00,-3.189039309623323604e+00,1.936245796135775521e+00,-1.526789436442904435e+00,2.422352208772025950e+00,5.159723179714637009e-01,3.486990060075122466e-01,2.486311962591097657e+00,-7.113712683970692119e-01,-2.854139504259073590e+00,7.122456386922062510e-01,-2.643418909883681334e-01,-1.386617245974816282e+00,-4.311867948262393391e-02,-4.780505700887026421e+00,-1.110641584220333211e-01,-1.780579542896564060e+00,-1.006524159910111571e+00,-5.541507390219897466e-01,-7.317673738880658973e-01,1.150286348242606449e+00,-1.525482245802146419e+00,3.870701673715422064e+00,-2.471523549079500892e+00,-1.396558607629319937e+00,3.053609560671521450e+00,-3.942284640319463906e-01,7.641335418721216799e-01,3.309090366770842007e+00,-1.657793856008311917e-01,2.294879752383323979e+00,-1.053181834259888205e+00,-2.140644228207947641e+00,-3.315242375363991467e+00,-2.357567038539925441e+00,-9.032576375456689011e-01,1.143350918018352980e+00,-3.527305852229537297e+00,-2.639182236928344638e-01,-1.903419996214611443e+00,-1.075881165541006101e+00,-1.233730804574337814e+00
-2.091314238670300529e+00,3.029734870175548878e+00,-6.860281098627717400e-01,2.803110668021793206e-01,-5.531106639773214484e-01,-1.859101414317209766e+00,1.170817090122767024e+00,-1.674554112236913417e+00,1.303547355130555196e+00,1.598370452103840433e+00,-3.256662740073901663e+00,2.441595522307457244e+00,-2.321423006824130386e+00,-4.747539927106887436e-01,2.970020244103344531e+00,7.879632949239945283e-02,2.475462658058877885e+00,-1.389951276423087467e+00,3.852124568029545504e+00,-4.052188390320637379e-01,-6.349629446366102936e-01,3.078212009279514660e+00,-2.503852552742997339e+00,-4.834504155275869408e+00,6.621413259416131236e-01,3.232871467542813626e+00,1.107903396003387719e+00,1.905442717779838091e+00,7.098934293467726864e-01,1.415986836781833125e+00,-1.253611385299133074e+00,-3.623414399371138295e+00,-1.259867848643563271e+00,-1.359658532622793459e+00,-6.845992998690659803e-01,4.033460467355267642e-01,-2.410204793588041294e+00,-2.961970262645699847e+00,-1.953899739806109093e+00,-7.919684530545336720e-01,1.643180277394803435e+00,-1.861774358681866248e+00,2.015830151890749100e+00,-2.329971375438776304e-01,1.869235133677108918e+00,-1.044039985328989673e+00,3.107278018524869956e-01,3.488112144651471791e+00,1.590527547138098852e+00,2.844089602814189099e+00,4.928962938706170860e+00,-8.735718475925760007e-01,-5.050144312647422140e-01,-2.542703634848689775e-01,-1.288715929092008494e+00,-2.853604242786827339e+00,3.786529181273003974e-01,1.758322808739981813e+00,1.913966791689339697e+00,-3.837122584679503845e+00,-7.664837802760315899e-01,-1.857325763338202762e+00,-4.009984402983823415e+00,9.133337720714151953e-01
2.076161009458169726e+00,2.504772322574570609e+00,-1.443519512194939791e+00,-1.626972581316915800e+00,1.743488748345082051e+00,-2.737382914069917739e+00,2.433385201876269388e+00,-1.687047804878856194e+00,-1.795752869593575163e+00,-6.760369193201973825e-01,-3.595781014708179235e+00,3.514457530265925334e-01,1.220192398169822334e-01,6.789092496127561160e-01,1.645120942300521971e+00,-8.259228419388520148e-01,2.836668867374518843e-01,-9.824854378030942748e-01,3.189341767062320532e+00,-1.777776037051429725e+00,1.484977262177936241e+00,3.432521819997694124e+00,-2.454253937309879063e+00,-1.741289037716221122e+00,1.403264457870672999e+00,1.531504115675845989e+00,2.827725565211448799e+00,7.959283804548888952e-02,7.604535576022741772e-02,3.676596490703323727e+00,-4.045265517430491897e+00,-3.333876170299031383e+00,2.387060953053756318e+00,-7.388406787107401064e-01,3.218887404208914393e-01,-2.159021554653747899e+00,-1.988131338784040469e+00,7.897996821913290111e-01,1.621426545901876182e-01,5.289758134390138977e-01,2.022070128316678872e+00,-2.008798948088544201e+00,1.705770286217842546e+00,6.788089593783364073e-02,3.582813833441313101e+00,-3.390434127989277346e+00,3.326271699881861998e+00,2.178689192711309008e+00,-4.216436532511957380e-01,2.765244356781384916e+00,3.660575449610266041e+00,-1.305261604487433225e-01,-1.166831109908022190e+00,3.816216811101487139e-01,-1.677281753467815495e+00,-4.091884972500142048e+00,4.583891910200009745e-01,2.060544208317861781e+00,8.498196892141161030e-01,-1.035607088498394779e+00,-2.441680886254513350e-01,-2.158286589072222039e+00,-4.413740235201747630e+00,5.779249013756334596e-01
-5.194309136232533319e-01,1.764062368828644312e+00,1.454964803397877260e+00,-3.236269760049246269e-01,-3.878234123664127120e-01,-1.408362250724886300e+00,1.079009986627191164e+00,-2.663776502180188022e+00,-1.578255628600689242e+00,-1.112871434224842471e+00,-2.022490458703638083e+00,-8.658109974628376282e-01,-9.618584189630013936e-01,1.047359843452738914e+00,2.188970151412899856e+00,5.618700159624190338e-01,1.865922469409325268e+00,-1.955283133373724169e+00,3.909787307470660167e+00,-2.649131670627384416e+00,2.303431380933637307e+00,1.156012794575609348e+00,-1.204759284896681049e+00,-1.282429190196815005e+00,2.890429936664205446e+00,1.350460542017827059e+00,2.638476049104237831e+00,2.617514285963902676e+00,2.814167480637365104e-01,1.115524439385910505e+00,-7.727835157442058955e-01,-3.823061769115228437e+00,1.983236766735683165e+00,1.448258818124463332e+00,-3.539482661637471939e-01,-2.774977602385177988e+00,-2.242184608888258879e+00,-2.068835801776779393e-01,-2.995437641268639428e+00,-9.013158772921672224e-01,5.368769015515276743e-01,-3.764508431952302558e+00,4.795956074645196132e+00,3.605056880270021136e-01,3.849886713046307474e+00,-7.069588684773933096e-01,6.826398756147478153e-02,2.030185162634803309e+00,-1.004905463826071710e+00,3.051168299373717030e+00,2.077010086222576657e+00,2.916580205701566619e-01,-9.737919219106470070e-01,1.895573218651431358e+00,-1.759733847782198435e+00,-3.981606654871123752e+00,-2.488604857026362360e+00,1.105080852889379406e+00,7.788729939590530726e-01,-1.417404230193529457e+00,1.587534750699841402e+00,-1.158454748092756059e+00,-2.558542129706563806e+00,4.002885844367563450e+00
1.234942293178620476e+00,1.602069087230653777e+00,4.815679165056253042e-01,-3.963826458891139826e-01,-1.151997535673178641e+00,-1.191150252967099199e-02,4.479198936560830901e+00,-1.795057504959690853e+00,1.393130972056483952e+00,4.625160353440493921e-01,-2.306803074066126058e+00,1.390050202144922809e+00,1.266662844151954237e-02,1.373863240575626365e+00,-7.327595105055462188e-02,-2.236545239685086450e+00,2.501093052302419295e+00,-3.547432242000423841e+00,2.765385251143413825e+00,-9.920710129175015490e-01,-1.146184986099818781e+00,4.589085845774136807e+00,-1.204809185291353835e+00,-2.346991049018727793e+00,-4.182195421749319575e-01,-2.116549898557508191e-01,1.876676641496380249e+00,2.559528687680475478e+00,2.554732838475751500e+00,4.951862313582244823e-02,-1.554392546324695701e+00,-2.636183106214479821e+00,1.808978273188636132e+00,-1.004008088599585902e+00,-1.758471280923701308e-02,-1.321456506846475643e+00,-4.762503282496538759e+00,1.527403979239752685e+00,-4.375941007947709238e+00,-1.541993681934594740e+00,3.015734583370061728e+00,-4.630883017097314536e+00,1.774035907302622173e+00,-3.489920667063252768e+00,4.590649395209728922e+00,-3.267652462001648050e+00,1.022847448593460662e+00,5.024477937072237665e+00,1.104520557616532006e+00,9.815489579388469998e-01,1.609423884348619938e+00,-2.498597156851939116e-01,2.296393398940213437e+00,7.863177575448709877e-01,-1.153901402147467836e+00,-2.353495768664103593e+00,-7.153779630221092090e-01,1.569817574273620453e+00,-1.243339149989354020e+00,-2.832862790962292543e+00,1.060388732875657380e+00,2.565273096080942228e-01,-3.021290889491925036e+00,1.425107682796369346e-01
1.655166125488625184e+00,2.626577351525701154e+00,-1.600457477033591536e+00,-1.489244459168241441e+00,-1.848842116101587330e+00,-2.430173625331151221e+00,-1.164243217972690925e+00,-1.541141810790399136e+00,2.748516522458679834e+00,5.940138258752386546e-01,-3.998983606177385575e+00,1.458218764832647452e+00,2.709781564070735671e-01,2.977328316141893971e+00,1.618401340898393714e+00,-5.848811353283344117e-01,5.903633212701691058e-01,-1.778532355062034664e+00,1.547464590551171915e+00,-5.720949315107470845e-03,7.231685633138333902e-01,2.185668959416689372e+00,-5.167746924802941955e+00,-1.015355025535711775e+00,1.307530176193908211e+00,-2.430158401604443075e-02,6.025505113857954065e-01,1.650152792011405634e+00,2.418211578710051324e+00,5.605581643558605887e-01,-1.645932667818413631e+00,-2.880927043411431132e+00,1.034747969356662356e+00,-2.315405386058386750e+00,-1.251917526668903102e+00,-8.199823617430624934e-01,-3.873724080841235207e+00,-6.779651607136983893e-01,-2.380018294736449214e+00,-1.184450550022256410e+00,-1.984292182770039048e+00,-4.223819813149378710e+00,1.396238032474951485e+00,-2.134676054079298169e+00,4.656212657678717726e+00,-1.710294661608673383e+00,-2.727434346450665625e-01,4.494636793199621394e+00,-1.276346156739500914e+00,3.542607616944519755e-01,1.163220296024901623e+00,-2.265188936097939809e+00,5.167584255114993086e-01,-5.862040802773228476e-01,-1.450348215618272096e+00,-4.017522912009339642e+00,4.475162317755653207e-01,2.375652210717469792e+00,3.374458369584507178e+00,2.436182653421581357e-01,1.259521569934278329e+00,-2.756788300962641269e+00,-2.896484195900566938e+00,1.511588193303174954e+00
1.847515700440908404e+00,1.798342628370465102e+00,-5.519703551865332569e-01,-5.452983241144232496e-01,-4.601606105995635687e+00,-3.686381292223868122e+00,3.370990645289731358e+00,-1.842944372598765312e+00,-1.899366818931139012e+00,7.131700997087271343e-01,-3.462953297385228169e+00,5.192539915979723641e-01,4.129402855177305987e-01,2.206858741069442242e+00,2.142538154973165465e+00,6.490915113882023135e-02,2.952771594557042967e+00,-3.825410119889304017e+00,2.859792010719626631e+00,-1.554543981951350240e+00,2.043227478253307972e+00,1.576091293860365061e+00,-2.009352275409491018e+00,-3.412694043088573714e+00,-1.990332482023322580e-01,9.758881638900660516e-01,2.605090885691334179e+00,2.210869485844672688e+00,1.307555514553074394e+00,2.704380355704578687e+00,-4.429074178049296151e+00,-4.374747128339514290e+00,1.617279894116429695e+00,-2.703233519671618623e+00,-2.172639232676961463e+00,-3.299256424630178763e+00,-3.762797632795505276e+00,-2.337806090529744307e-01,-2.230802578881115217e+00,-2.008865028625716143e+00,-1.638730717754763866e-01,-4.720181953843279210e+00,3.537590383317245735e+00,-1.515704048912188462e+00,7.155223819443754962e+00,-2.033567657535113149e+00,3.542275267545179407e+00,4.309468553999067808e+00,1.167748712526270660e+00,1.612201217524924068e+00,2.865536392686820477e+00,1.744559812613700966e+00,8.155965095490621541e-01,-5.744528152451903180e-01,-9.746748807444193252e-01,-4.774783275753109457e+00,-9.535196753549884940e-02,1.121405445907138088e+00,1.463316939405257866e+00,-1.733577534651461693e+00,-1.883079676317338969e+00,-2.354140709577687396e+00,-2.336445242895153207e+00,-4.388788253969642117e-01
1.710464357791342760e+00,2.143886287062101381e+00,-3.329341060173867106e-01,6.757930592892180677e-02,-1.218097136323667229e+00,-2.420242321678745867e+00,1.719180385187276894e+00,-2.761445011279923811e-01,-1.145092383240498446e+00,-4.907117468649174752e-01,-5.839630175549828550e+00,-3.828082721881471695e-01,-1.365255491906928187e-01,8.683929524085330920e-01,5.588570724251640254e-02,-1.433599306855212641e+00,2.218253020740554859e-01,-2.105245961403399590e+00,2.855806514708105759e+00,-1.860753270707125484e+00,8.049854513365659603e-01,3.216179619445280746e+00,-3.397927013372866067e+00,-2.137112420931462253e+00,-2.540861910641956101e-01,-1.818153430589969366e-01,2.521058671703328979e+00,2.947743726840598377e+00,-9.755468219765348614e-01,2.384171012744055851e+00,-2.328116423604724261e+00,-3.747253782545735490e+00,1.239693891205145615e+00,1.642449008025430590e-01,-2.241360744635341185e+00,-1.076484577163271616e+00,-2.365259867881548406e+00,-1.352902630411622065e+00,-2.752177249361392075e+00,-2.283356595208434037e+00,2.634588259222658824e+00,-1.851232845132047000e+00,2.988254545802913498e+00,-4.941981970318394257e-01,2.951299202920521392e+00,-1.581976050977080606e+00,-1.892674208815288139e+00,3.598591294107231331e+00,-6.821608418941970120e-01,1.601452670210737006e+00,4.833397064855846637e+00,1.151071554316728252e-01,-3.890479259686013269e-01,-7.142110197499278446e-01,7.244659180462886816e-02,-3.184255011975077654e+00,-8.310221028301600921e-01,3.157502072554540185e+00,2.686176457690630848e+00,8.801556464328501583e-01,1.844494911995762543e+00,-3.803872031546525534e+00,-2.983253217222820108e+00,1.393837464069823007e+00
1.432751795158114572e+00,1.912524799893135841e+00,-1.365341260120773059e+00,-3.727386521239961503e-01,-3.070818575413005735e+00,-1.348168734411939074e+00,3.036969465752949571e+00,-1.470110100259930164e+00,1.201328301163492096e+00,-1.600683650986072237e+00,-2.806929752680788592e+00,-6.914741520196288072e-01,-1.422173237043657723e+00,2.282352567668317178e+00,5.865471211945305630e-01,-2.465820321438624563e-01,1.853312425951293863e+00,-2.206297484192710989e+00,3.703704851272324738e+00,-8.573024602404016870e-01,4.548792139444250426e-01,2.343621639887356611e+00,-1.753845535565141667e-01,-2.004005330522604211e+00,-6.956610841282515612e-01,1.448522755451101540e+00,4.861176074929134394e-01,-6.983632567580877470e-01,-2.725288385155266724e-02,1.743553390944664550e+00,1.127521370817028412e-01,-1.847597676191581550e+00,3.021911429804394089e+00,-7.325973405366085212e-01,8.245616146181484751e-01,-4.280649382293475469e+00,-2.771154653204296103e+00,-7.621790678585587120e-01,-3.151209743906631111e+00,2.723495776147957237e-01,-3.278021036450140535e-02,-2.501701434788905054e+00,3.290932567232700556e+00,-8.920999804344373896e-01,3.599424643861712347e+00,-8.636889460039380850e-01,1.424608108199798551e+00,1.095876541775699708e+00,9.181933556687937870e-01,2.067657829886267340e+00,4.130253903806118565e+00,1.287014259467465394e+00,1.635349775342054723e+00,-1.596274368770892016e+00,-2.928192089996347391e+00,-2.303168047081705083e+00,-1.958291051582873088e+00,2.642384256142102483e+00,1.738859789714516602e+00,-2.584287931299832586e+00,1.109074397351285102e-01,-5.496046552190025025e+00,-3.113097380281127258e+00,-1.416902757560839721e+00
6.111168733977325740e-01,5.501090959809433745e-01,-1.352224357544493216e+00,-2.156098317993515145e+00,-2.684770599851060702e+00,-1.931260816145483394e+00,1.571052183093650578e+00,-2.153370951525639398e+00,-5.718251038528223695e-01,-1.050166087012192495e+00,-5.056063491203818927e+00,5.599713646168649195e-01,1.904607143374025258e+00,-8.261746257412663219e-01,2.570845879313166549e+00,-2.402220621927021238e+00,1.548360105916017915e+00,-2.978011500316482429e+00,1.368752400080997411e+00,-1.006894025977938423e+00,1.390913339674151761e+00,9.261566290787421885e-01,-1.890394179733066782e+00,-4.168975836414642089e+00,1.210291558269254386e+00,9.890966954188803451e-01,-5.616744896491638883e-01,7.561716062091374813e-01,-5.850934108490721819e-01,2.363251008553820753e+00,-4.047243282042130907e+00,-1.717427969664004239e+00,2.922361099830357745e+00,-4.000821437955673909e-01,-3.249343980151309097e-01,-2.086292401114314465e+00,-3.388423328560314918e+00,-1.156713966208955391e+00,-1.998301462831317821e+00,-8.700349954958221943e-01,1.712261387928798007e+00,-3.255965216115211724e+00,2.874664453452877577e+00,-2.584265117856868521e+00,4.371325823648390951e+00,-1.589668321786843919e+00,1.681313900588238042e+00,4.383591736751012213e+00,1.324237318024855892e+00,3.815889155998308802e-02,2.436985181077770068e+00,-8.358304302872715530e-01,1.857336774623473019e+00,6.888261935563380067e-01,-1.783585380218064564e+00,-2.662863083775680817e+00,-2.837786656185011580e+00,1.161846075086478303e+00,2.107325126125565440e+00,-3.916186048946767251e+00,9.867845049575296734e-01,-1.154084287116766472e+00,-3.439208088579788214e-01,2.806810574127112101e-01
3.797969928617269897e+00,2.079919008615718212e+00,8.200124390618197534e-01,-3.811558121865200044e-01,-2.239399212174754794e+00,-3.656423286279601559e+00,2.844288879537749004e+00,-3.150989382883599532e+00,-5.979078444552494709e-01,-5.334299864681744108e-01,-2.160603339082035390e+00,2.010421544500561319e-01,-2.823292844621624109e+00,-1.049362719281497158e+00,8.225752811315755197e-01,8.158207339653511525e-02,6.565068806807160540e-01,-2.321900785645675036e+00,5.239979412484457200e+00,-9.669678453874777091e-01,1.058896723415565733e+00,1.908093097770836577e+00,-2.208215074489007446e+00,-1.547988561355160275e+00,2.183619310658797108e+00,2.167835578511648542e+00,1.080966238416692260e+00,1.498906547836790004e+00,-1.256776186566775255e+00,-3.547136549174165765e-01,-6.724711076831675349e-01,-3.186412306881225120e+00,1.651993318247817477e+00,-1.766422034025961985e+00,2.335434647007772480e-01,-2.707481359668929777e+00,-4.122577422730793195e+00,-5.660710139822412446e-01,-1.754932145706632252e+00,-5.810842993111040578e-01,1.597795924593280015e+00,-1.674984048929758496e+00,2.769866783687781719e+00,1.732378348282714864e-01,3.892182332328407490e+00,-3.546023553425125208e+00,-1.308135883172770075e+00,2.144691718614645914e+00,2.984522148066525382e+00,4.882382228229542598e-02,2.676848744533738778e+00,-1.793312871636250527e+00,6.417379627812849208e-01,-1.894743921636480977e+00,-2.475842349250928720e+00,-3.366370302072507759e+00,-1.871727995327393979e+00,1.485426252494123300e+00,1.293089409200477657e+00,-1.811796167573923144e+00,-3.259419701597157659e-01,-3.306747942347336711e+00,-4.508947394531939601e+00,1.858971500304159807e+00
2.461407856437918706e+00,2.670352855388717472e+00,7.884763879787149987e-01,-1.887957052046812079e+00,-1.816881271312833057e+00,-3.266015273063600510e-01,1.520017668590108784e+00,-1.168680601521411733e+00,2.123364772500107023e+00,2.382667691100916585e+00,-2.752489350782362898e+00,1.650701383135311451e+00,2.062146122751414845e-01,-1.611064677208610352e+00,5.621657325881646017e-01,-1.265208006957308839e+00,3.761213433766852354e-02,-1.070384701358775503e+00,3.420589466309025717e+00,-2.199788167185975141e+00,-4.408844073495532534e-01,2.032128494197987578e+00,-2.501999028462835728e+00,-3.791746442520306459e+00,-2.168842455686248449e-02,-6.558370618185784817e-01,1.264049509471629751e+00,-4.906893100663431984e-01,1.795756579205602943e-01,2.147839561065958858e+00,6.173091347054215916e-01,-4.302295282086230799e+00,8.237170929753947490e-01,5.302666356532821368e-01,-1.128581962775827563e-01,2.678224346923843147e-01,-2.965236609526662015e+00,-2.458684918265899300e-01,-4.316191392291280238e+00,-7.885697854965081355e-01,4.960744043255403968e-01,-3.920129412587197937e+00,2.077937303656644197e+00,-1.286386999577790791e+00,2.967222624377131801e+00,-1.352979529739835929e+00,7.779529631719841465e-01,1.899319260307443358e+00,-1.127381428259140339e+00,3.524936214256066958e-01,3.502513260518103966e+00,-2.374394886800745841e-03,1.245573006854970632e+00,5.116841445305190250e-01,-2.601346989846386570e+00,-3.327458267367357170e+00,-1.528533251970241036e+00,-1.098516149554098043e+00,1.369382894980307741e+00,-1.634267843080763338e+00,-1.442446415648451330e+00,-1.190449914541382936e+00,-1.242722262665950206e+00,4.810137258669695548e-01
1.650625205608724722e+00,2.689294409853343559e+00,1.560732642824315120e-01,1.403715091337899512e+00,-2.214200566946694870e+00,-4.277000108882972107e+00,1.588700343707734053e+00,-1.470479472748971173e+00,1.883268719106387046e+00,1.375303319895768706e+00,-1.900687146127362892e+00,-1.026611352731412019e+00,-1.039393433284588220e+00,-2.868277257583751183e-01,8.786267529042450786e-01,-5.445295387314785795e-01,-4.045944956193181508e-01,-1.818236055241317040e+00,1.249479708592520888e+00,-1.553114757449323147e+00,1.106047407264151738e+00,3.709549729276827801e+00,-1.942016224604640406e+00,-3.515609908949482332e+00,-8.040135702282527053e-01,1.602723116518943947e+00,6.329351670137782770e-01,6.087578340962953583e-01,3.496302434042124041e+00,2.806568661744549331e+00,1.738245677411049961e+00,-2.173751760920847875e+00,-4.836199930155584692e-01,-7.690514617149741827e-01,-1.879278405326964663e+00,-2.267177224575588568e+00,-2.025155068626035337e+00,1.840481496322840194e+00,-2.621437995548890676e+00,-1.749042178519125912e+00,-2.084796784335777975e+00,-4.347206445384442119e+00,3.231688283912732995e+00,-2.155850656486900885e+00,3.071978308582589801e+00,-4.343463704472483755e+00,1.612993777354621017e-02,2.633966478066637862e+00,-4.770826251643920379e-01,2.264719185026624615e-01,3.961096608147759213e+00,2.919856841871251607e+00,-1.698068444363226792e+00,1.913741250763548729e-01,-2.567116078895388398e-01,-3.571872889688916697e+00,9.946678014381844513e-01,2.363908426003462626e-01,2.462182767469727640e+00,-2.186744381924404568e+00,-1.299705533340641761e+00,-1.101312821500074923e+00,-1.849954295203045440e+00,2.921095019144508420e+00
3.539832741150820361e+00,1.266364182845211239e+00,2.573352793217470458e-01,-1.646399721057261178e+00,-1.159292827664005987e+00,-2.632548067014411242e+00,2.076754912494353178e+00,-4.906699602575230301e+00,8.380472574679759257e-01,-9.606744932429828188e-02,-2.908190091302557789e+00,5.859114517096467578e-01,-6.269448969460710286e-01,8.312527485369493041e-01,-1.541692141079349376e+00,-1.307680887293183769e+00,6.575929402578027938e-01,-1.618524462243591699e+00,3.487202743247765024e+00,-1.812915108120033869e+00,-9.566127906357089206e-01,2.761534331589609703e+00,-3.886903742263350559e+00,4.022516780256335522e-02,9.473765807131306893e-02,-2.263213825561406489e-01,2.040861456184513312e+00,1.779259121844678493e-01,1.112068444400172718e+00,3.256496771648523136e+00,-2.487188392282364546e-01,-5.035373495895010265e+00,9.525457332533665555e-01,-7.463735100495842989e-01,-8.890547576069802727e-01,3.151588319662967930e-01,-2.949943361240614514e+00,-1.162458952804309664e+00,-5.875505732396672620e+00,-1.776120097857006641e+00,1.530136771414161434e-01,-3.768128664226058966e+00,1.355481395366000097e+00,-7.113206986487556893e-01,3.824759871222386476e+00,-3.411180432385068961e+00,7.246821027006600247e-02,2.127456420659033398e+00,3.805525405895870961e-01,-9.686434156974645937e-01,2.954175542076242778e+00,2.355822172658713409e+00,2.775178732399870007e+00,5.243194431528750421e-01,-8.967166823269647757e-01,-1.848254929273204006e+00,4.238986758267041521e-01,4.672063891119025314e+00,2.570322250798840358e+00,-2.320982162537712057e+00,-2.152334139148646575e+00,-1.393867921710692181e+00,-2.255577990327350957e+00,1.025524611423572763e+00
9.029949659021261343e-01,1.624361815438668089e+00,-3.764099089904464623e-01,6.140230034377842649e-01,3.476050446178684528e-01,-3.766927239661250759e-01,2.637229467035029362e-01,-3.282159266696657696e+00,1.765393498275033890e+00,2.039431800733202849e+00,-3.139261164300184870e+00,4.963579495225178828e-02,1.539048812512629483e-01,1.507964113039416798e+00,4.921257170334667475e-01,1.910673442560782309e+00,2.125056095878447682e+00,-2.992574664828583142e+00,2.624936645160992121e+00,-1.881758998413799677e+00,6.954477082489515238e-01,2.667524934432217165e+00,-1.958744098872547523e+00,-3.890116405857394710e+00,2.631476080014924612e+00,1.247957376582243372e+00,1.939240507996929264e+00,-2.268738121400066809e-01,3.666021768159747340e-01,2.422954575176751835e+00,-2.575873967856128210e+00,-2.667752087839684538e+00,7.874791375307959029e-01,7.005182167559784734e-01,-3.424226969545352883e+00,-2.376300217268867421e-02,-1.742625689431660074e+00,2.158945967000341692e+00,-1.460082504507493883e-01,-2.409757402940281068e+00,-4.230551554828926308e-02,-4.451974122438918435e+00,9.261908803895093634e-01,-3.102085310857036760e-01,5.447877292916770919e+00,-3.118298197080116907e+00,2.312660141387870461e+00,3.689020563492432458e+00,6.693475895946449095e-01,5.992303552130806565e-01,2.206921623624217954e+00,1.277469247332671198e+00,2.807539202330212813e+00,-2.866848191065446194e+00,-2.181083979818021046e+00,-1.938860513307702593e+00,-2.971808897054951659e-01,-1.273266090828490960e-01,1.463554116072385503e+00,-3.108883656488711011e+00,4.359952221717988685e-01,-2.231865835306242829e+00,-1.001829812182429169e+00,1.039577280710886065e+00
1.712762775319885522e+00,-8.427849510170268843e-01,-6.820787375221653015e-01,2.266274640819383457e-01,-5.023324898170262731e-01,-1.986376207698034024e+00,1.357186285455197705e+00,-3.388694625247303804e+00,2.111969456873343809e+00,1.751839359209517388e+00,-4.201246129500846749e+00,2.983980798106828924e+00,-1.539281127567509788e+00,-5.624746610514701484e-01,-1.722983253184279917e+00,1.162244145011622098e+00,1.190961042878197818e+00,-2.062819655779429162e+00,4.878130875839286063e+00,-3.907938108088463203e+00,1.871952119955048177e+00,2.639554728651985371e+00,-1.991185801459486093e+00,-1.824470498932430962e+00,1.705472782431660228e+00,9.129793266267253182e-01,1.166742555921597813e+00,1.909749509973358128e+00,2.159795896292296291e+00,4.263135143693466134e+00,-1.246255897044370453e+00,-3.862094921288729665e+00,3.667387427008649281e-01,-1.579234710196586677e+00,-2.584676611192749274e+00,-1.017330284222053294e-01,-3.052042949202064204e+00,4.985586969999863949e-01,-4.389044585151264943e-01,2.549027977319708871e-01,1.383311879850719128e+00,-2.567807441272887736e+00,4.790462180929793590e+00,-6.054513097803124744e-01,3.720590070356064150e+00,-3.919901007279217975e+00,-5.500941738187843377e-01,1.616102513586068934e+00,3.122729877223743289e-01,2.695325053051075059e+00,2.617650380545132993e+00,-1.764533781168425408e+00,8.720530368012032740e-01,1.086738535514862880e-01,2.996965788672603104e-01,-2.589077574974782081e+00,1.701852892577152776e+00,1.134483347840114398e+00,5.283170116294940710e-01,-3.535537002564538955e+00,-1.675174453890333925e+00,-3.169110184419398735e+00,-3.806271660951195734e+00,5.435160957091154099e-01
1.552999514335510645e+00,2.241695792425912881e-01,8.218760549983555874e-01,-1.676822375286441069e+00,-1.942474426992561121e+00,-1.037564683733966930e+00,2.600430180546275949e+00,1.090056743909801229e+00,8.345972884258268110e-02,-2.255255008850532983e-01,-2.063198138862982312e+00,-4.113262585986110498e-01,-9.837857698037195675e-01,-7.971025259130821716e-01,6.611356424732288684e-01,1.306080358187823087e+00,1.637788011258363818e+00,-2.290714506254679428e+00,4.243040431276280167e+00,-1.577417865281060205e+00,3.808550977652399583e-01,1.810425307578500842e+00,-5.557994646670713301e+00,-3.029990878588538106e+00,4.285337194966161167e-01,1.105631414062733020e+00,-6.439219836047227474e-02,-1.372353538323711764e+00,2.013564771534780418e-01,-2.674600953690222660e-01,-9.851678727052923801e-01,-2.859671994917624360e+00,2.266684404251194440e+00,-1.872132703619872052e-01,-2.159470349777470766e+00,-1.026281293426519525e+00,-1.486792865537664765e+00,7.807095712393485876e-01,-3.432579501366576746e+00,-3.835462001508243457e+00,2.758933620835508638e+00,-2.853013509728824282e+00,3.219016378478314344e+00,-1.806384246133677651e-01,3.636304749864277763e+00,-1.536875301955519468e+00,2.072413853607174561e-02,2.659118161329146801e+00,-1.003308158173775499e+00,1.016044637732341549e+00,2.235879309979119434e+00,1.038223420598610169e-01,-1.026409939146629480e+00,-1.309497272487487596e+00,-3.945919567030569119e+00,-2.305273943812828463e+00,-2.667051039011704372e+00,1.417521177814948574e+00,1.428114210522803518e+00,-2.044178155481614745e+00,4.771628627009419921e-01,4.784274820543468199e-01,-2.795287425833728356e+00,2.252019114848256010e+00
1.954627754397939343e+00,1.308076166646448213e+00,-4.872333869213140156e-01,-5.513714385577154209e-01,-2.245433011423344283e+00,-3.458673848873507151e+00,6.901495139984925586e-01,-1.972918609321131500e+00,9.360473873262691313e-01,1.340412512806110623e+00,-2.766386799968308274e+00,4.471296964650913752e-01,-1.334161221817367293e+00,-3.055114266648625510e+00,6.475964167662039417e-01,-2.142788411016529615e+00,2.858822345898386352e+00,-1.408934585202770151e+00,4.079201302420554676e+00,-1.338774118081822451e+00,2.355189733027850174e+00,3.624932110288321851e+00,-1.857826737954743734e+00,-1.751711185056181730e+00,1.684725672481191872e+00,1.750759985219215942e+00,2.093360149861132502e+00,2.098109585030288216e+00,8.227823195351624541e-01,4.053889617307487647e+00,-3.666093765597513876e+00,-5.739800962908505610e+00,3.782617852226619615e-01,-1.019944727604316093e-01,-9.254171863693690936e-01,-1.264425970770798102e+00,-2.437094910372788803e+00,1.836079710700890821e-01,-1.563818812969246519e+00,7.015946320751353937e-02,-2.142700002237315715e+00,-3.982027221376504222e+00,3.364407109714884214e+00,-2.040595554378766163e+00,7.974031620352697303e-01,-4.877004711294823380e-01,-1.933654183497884205e+00,2.614470341215156424e+00,1.115073572357932807e+00,2.077271005759985911e+00,2.464271987036052103e+00,4.007613660506911812e-02,-7.398397538165609744e-01,-1.349791832884255971e+00,-2.299016514730005678e+00,-2.245552910977681726e+00,-7.257144063861612482e-01,-1.247892086667810707e+00,1.419447191235139627e+00,-2.695502754221314579e+00,2.507320659784864070e+00,7.053977592785474204e-01,-3.062886425331345475e+00,3.843519183500101466e+00
2.006201390533707052e+00,2.595859448260449565e+00,1.539146712056802979e+00,-1.562650092211708586e+00,-2.218059236227777120e+00,-2.754039064166139195e+00,1.450194245112105929e+00,-3.646918499693585503e-01,-1.119339036623306249e+00,1.483867657747911295e+00,-3.796083337695935533e+00,-1.206665403606054010e+00,6.511946119106191144e-01,1.085683777673382755e+00,-2.497453095004952273e-01,-1.852255409378815720e+00,3.418282995036149963e+00,-1.396141207541308216e+00,2.460313061586171024e+00,-1.754421186176695846e+00,2.216916697877251430e-01,4.157205219260998064e+00,-2.533208368441092873e+00,-2.720282609635099824e+00,1.639241822414414074e+00,-1.697913764425141636e+00,2.632272147970095233e+00,4.201557239819830869e-02,4.409249103112152790e-01,1.393388739933699494e+00,-5.709134770870559761e-01,-8.936510869369453935e-01,2.212686868038855614e+00,-2.241994796814286595e+00,-2.357154352794365693e+00,-3.126963936569207014e+00,-4.716439614680897563e+00,1.147581086747130774e+00,-1.963344010374002302e+00,-3.314792204341716619e-01,-1.906269330217803537e-01,-4.110660321524525429e+00,5.511102694007730562e+00,-1.864208033135354325e+00,2.979034641839445108e+00,-3.308998929274588718e+00,1.297000470202012590e+00,2.151218575837670066e+00,1.287969225988367716e+00,1.852715678669600408e+00,3.015043345738240621e+00,-1.817723012812584527e+00,-1.700149954008865372e+00,1.236274995366445362e+00,-1.574058509303788433e+00,-1.920647691734924223e+00,-6.474300906910311904e-01,1.047960309519317068e+00,-4.486623501477471354e-01,-3.376613325675782651e+00,8.059742695204794583e-01,-2.135573349939586585e+00,-3.397538367141049953e+00,3.725103239147787848e-01
1.840403040366661802e+00,3.433311080611366251e+00,1.945905782850365917e-01,-4.238073680061475557e+00,-2.340595042287477057e+00,-2.194926692234561383e+00,1.456102036203827943e-01,-2.423491984894546203e+00,-2.114520085753224254e-01,8.520946411455342373e-01,-2.934831016476910914e+00,2.077628833564275190e+00,-1.237090998968493949e+00,1.509911660498962860e+00,1.134576204842986158e+00,4.911919419415894383e-01,-5.684973302968243658e-03,-1.662911855240280179e+00,2.954971886226927413e+00,3.683923624375331496e-01,1.990010944843217278e+00,3.024029740586452686e+00,-2.782380278024330522e+00,-3.687788342245958528e+00,1.441282868602342004e+00,1.321581239338300295e-01,1.444075672293913648e+00,5.714642987206014491e-01,1.646792868778196306e-01,1.217522206329867407e+00,-1.316684307932762810e-01,-1.753433193567279558e+00,3.626634197024248163e+00,-3.128054909042812248e-01,-9.051564645043529422e-01,-1.417030558770048909e+00,-3.703300994485742681e+00,2.794831814162640482e-01,-2.026382167217033015e+00,1.275515458192780116e+00,-1.645485640476636036e-01,-3.991000889080741132e+00,4.537242393548480024e+00,7.692829991647556209e-01,4.736004599451210773e+00,-1.454922896778678920e+00,-5.182664831737828770e-01,1.961826912153271874e+00,-1.900378665417486124e+00,1.909499788848811885e+00,1.567877454696090522e+00,-5.964678639861376030e-01,1.944460555516902778e+00,-2.712901239222308636e+00,-1.864773163265573075e+00,-2.989328651980920348e+00,-3.731691178977698975e+00,1.224160766731129169e+00,1.333056579006997922e+00,-3.338709428556305703e+00,-1.343718571921555804e-01,-1.485757594514837798e+00,-3.232165565721052847e+00,1.311899368704154467e+00
2.752261251038092826e-01,3.632392499148668463e+00,5.199926348311938451e-01,2.809470322136090381e+00,2.725908084065511439e-01,-4.907484485823418119e+00,2.958055268687533435e+00,-1.366638304817854088e+00,-4.322927464311943080e-01,1.156415673514322728e+00,-4.324297861631603013e+00,1.083465040071719176e+00,9.691834953595854785e-01,7.151207796007641448e-01,1.502977613820775327e+00,-2.587201341036782232e+00,1.807859343711352818e+00,-1.443153049431717072e+00,4.769207218638424450e+00,-4.847839833908340612e-01,3.777862663303575008e-01,-1.237687121597987883e-01,-2.885989888105080947e+00,-4.005666256148057158e+00,2.171261558883376352e+00,-3.964287224258283837e-01,1.108625514446318849e+00,2.935863027879766829e+00,-3.543341219910933759e-01,1.986174235143180589e+00,-1.749465793311845374e+00,-3.342887719932401414e+00,1.682557824830424931e+00,-3.816715140447179966e-01,-9.721043672433189453e-01,-2.233721739438594422e+00,-3.097433442615655785e+00,-5.334654045547375656e-01,-1.238017332889151945e+00,2.584519499161408440e-01,-3.489435562287063197e-02,-2.860470913311250030e+00,2.708690173600884155e+00,-3.688646252001112735e+00,3.017183768080538897e+00,-3.003569990598050854e+00,3.195064602177455360e-01,4.076889194875855438e+00,-2.378424605611093146e+00,3.723238355326624394e+00,4.163687127872253591e+00,-1.477700018749750210e-01,-5.234021666465731304e-01,-1.404244555693840768e+00,-2.038983153080333732e-01,-6.921859949478228469e-01,-9.485891868161211438e-02,1.277728381864464691e-01,4.442758666220405495e-01,-2.819385425254525401e+00,-1.796554839574319162e+00,-2.731938167529766481e+00,-1.440362974994203293e+00,9.307930500907640736e-01
-1.128501895054224935e+00,3.371783815582948485e+00,1.519766854701149583e+00,-1.256773171725447558e+00,-8.927182075705178965e-01,6.978830775576028156e-01,2.160822278406498764e+00,-2.254998653734757497e+00,-4.905925655515624983e-01,-1.673594180306329227e+00,-5.307097116113370205e+00,-4.913499251494619635e-01,1.854575700262019455e-01,2.257599104761359499e+00,5.150884702701998830e-01,-1.625390154732201387e+00,-1.131481183810478797e+00,-3.636523676219758805e+00,3.977903270429950844e+00,1.518184876130210803e+00,2.795601378235711421e-01,4.632677853267614054e+00,-2.340822030681474430e+00,-4.226393845393250359e+00,4.966923203882055438e-01,1.123464325551938536e+00,-1.137665895721195586e+00,1.081353793430825716e+00,3.264925246467543118e+00,1.639790034225748983e+00,-1.543047852491146177e+00,-2.113078700586747072e+00,5.903256664863075764e-01,-3.745418046939253287e+00,-1.101386860610061191e+00,-8.398735061634606813e-01,-1.106780187014999361e+00,2.749990327028196679e-01,-1.815487952837824936e+00,5.774956195859568542e-01,-7.991777902456045357e-01,-3.866301908502850715e+00,5.176613685579344093e+00,-1.768368629469745823e+00,3.778033824638054483e+00,-1.694142030169523361e+00,1.157473125992571461e+00,2.197427426022739105e+00,-1.846193718434505193e+00,3.036495913688709969e+00,2.103358020242772852e+00,8.113248111618067693e-01,2.441563718849230069e-01,-1.588515361597052644e+00,-1.635302854080908475e+00,-1.394295852882379894e+00,-2.777233280172940688e+00,2.616379333428985987e+00,3.642484674175114456e+00,-2.951854901910244244e+00,-6.067120458087325030e-01,-2.553155328915634126e+00,-1.470186845928463937e+00,3.326785590883815091e-01
1.025434898953326845e+00,9.028972417489016244e-01,-8.813927108016145207e-02,-1.712876901712278688e+00,-4.879050356430149060e-01,-2.653178496498682648e+00,1.070686736072520295e+00,-1.085947577446570556e+00,1.196163468718640210e+00,1.039624370118953145e+00,-6.955856528910975278e-01,2.696976739138357448e+00,-1.016074278136728015e+00,6.566692901598142340e-01,-5.665752834103294777e-01,-5.829178722338395069e-01,7.547670373581072401e-01,-6.803786782707208491e-01,3.426624638413454882e+00,2.218317219488363801e-01,1.099397369286472914e+00,3.217414399145402726e+00,-1.462476578494574575e+00,-4.110276821715970641e+00,1.966121414208268359e+00,2.309912343517107058e-01,1.955321947995603438e+00,1.582819737819169070e+00,4.100008443231990540e-01,1.283887482782264167e+00,1.993996147519294215e+00,-4.030558312817252187e+00,3.612823329645486137e+00,-1.259223723173315213e+00,9.138241349134101910e-01,-1.895929939096700378e+00,-2.562824150746442431e+00,-1.463802795101938337e+00,-2.637197552290105662e+00,-3.151142053776255558e+00,-8.896788622520284129e-01,-1.868709853539233245e+00,4.993342812992064061e+00,7.760217028645206572e-01,1.594481372447351442e+00,-3.044914672277394097e+00,-1.381167777776610928e+00,1.519618111848263231e+00,9.320628912854425074e-01,7.552145605470190759e-01,2.944407537834209609e+00,2.229196975618681797e+00,6.300824389880457788e-02,1.163406702920971370e+00,-3.154235690041283569e+00,-3.808444694071646097e+00,7.209435408943947188e-01,-1.036009921132396094e+00,8.298816739983773116e-01,-3.239188809339816011e+00,-1.756538426258669183e-03,-2.381750289174115576e+00,-5.093763440297345291e-01,4.044281572959318893e+00
2.631528217964216321e+00,3.976672863613364584e+00,-6.659879500366192029e-02,-1.642982498190107554e+00,-2.378490886402902404e+00,-2.073046739010599993e+00,2.667961856666980935e+00,-3.139838755805056891e+00,1.497850487422168753e+00,7.880117655123635156e-01,-3.119960702707666123e+00,9.096039604045991211e-02,6.399114173631839653e-02,-1.601056892766514750e-01,-6.826557307630369831e-01,-5.230296268681527971e-01,2.343144373425762428e+00,-1.387677884393169414e+00,1.729757390719128818e+00,-1.884109734659161317e+00,3.497292239907081046e-01,4.860810835816923969e+00,-3.274514988522648551e+00,-3.921568468438068500e+00,5.112878928757185193e-01,1.391667746620314006e+00,1.228241476259706033e+00,1.950200107692467988e+00,1.812523190090981062e+00,1.992125580188298439e+00,-2.621167145823741329e+00,-2.584316755601917759e+00,2.309189021085432447e+00,-1.696118604876164282e+00,-2.095386353580307226e+00,-8.945610125394417578e-01,-3.211913293814619763e+00,1.829480459596426190e-01,-3.192843942101979415e+00,5.579839583594616848e-01,-2.167507755387165780e-02,-2.669831424238224837e+00,4.185360386357509732e+00,-3.901298777016397601e+00,3.155378187122643840e+00,-2.808647659247685446e+00,2.365280435803200076e-01,3.567120945814763022e+00,-9.377605002949899182e-01,2.230744682254004019e+00,1.937893004526723084e+00,-2.951102810661339060e-01,6.692243237262970323e-01,1.126588267738548810e+00,-1.307152309421372838e+00,-1.655080024790380522e+00,6.929885281851275725e-01,2.219272669122481112e+00,3.228254353206248428e+00,-1.448673539452068226e+00,-1.661513384031068075e+00,-2.368674849370182578e+00,2.501878852359731287e-01,8.233200047895813389e-01
2.818731762746489622e+00,2.929773678910362555e+00,6.561698960649844925e-02,-6.314901803264973967e-01,-2.470752341734649082e+00,-2.320550850438144241e+00,-3.828084991532785253e-01,-1.777992407657854379e+00,8.294613921072629958e-01,-1.279484668453661822e+00,-4.997134567804954131e+00,3.470191332684011698e+00,6.391154647703071179e-01,1.647578437794185113e+00,4.340517217056744648e-01,-5.263605343038642026e-01,-6.008464398527959549e-01,-3.444798257547633469e+00,3.299358316868547192e+00,-2.502498686169215336e+00,1.087355963395364888e+00,2.517866690766487281e+00,-2.714726141352175048e+00,-3.035576234542932461e+00,8.876036003849616662e-01,1.515832604077170798e-01,3.846732814261084599e-01,2.839701539176989975e+00,1.992152557513939826e+00,4.752826477245259085e+00,-2.054235847314328511e-01,-3.484380957323781391e+00,1.261323195414611797e+00,-3.214001293312738206e+00,-5.249439968115421351e-02,-4.019631660307405596e+00,-4.267633212288362898e+00,-3.115443705213891690e-01,-1.645550642968817368e+00,3.012583585120105489e-01,9.138743737154287894e-01,-1.837168030699433352e+00,2.923379753430344952e+00,-1.379377126264933695e+00,3.162005811606708683e+00,-4.014632123410874165e+00,-1.081564098361651682e+00,9.779921394551798208e-01,-7.863075607989348237e-01,3.062350295980785120e+00,5.320041450014013407e+00,-9.803818930323595637e-01,-4.848300819693730779e-02,1.840846579155535068e-01,2.654624573447574853e-01,-1.211221366675798716e+00,5.914715344314380729e-01,1.199608233754220432e+00,1.705371593254363383e-01,-3.301301128509120275e+00,-3.860563403129289028e-01,-1.545980318263030062e+00,-1.940123228173396219e+00,1.854340671853644817e+00
1.751724991712686252e+00,5.991867591268993376e-01,2.624090884713917854e-02,1.027446904531674754e+00,-1.875189428708162520e+00,-1.046810713690363936e+00,2.228087463073364916e+00,-3.271746897360050532e+00,6.134305959438373090e-01,9.666448262678271064e-01,-5.128809376838667333e+00,-4.815304693757589405e-01,5.765223408850032039e-01,1.488059834408315130e+00,9.592383320366090205e-01,-9.645527963285962514e-01,3.410430858996861270e-01,-1.250962395024544094e+00,4.500005840906876386e+00,-1.137033314656178185e+00,1.289828391363672111e+00,4.649028187725643413e+00,-2.089876201232639730e+00,-1.874608090407928529e+00,-1.692992124616901073e-01,-9.983875133509021449e-01,5.753579813924760700e-01,-5.726206514364375888e-01,1.826244197469069075e-01,-2.287957314769877293e-01,1.276397280105858734e-01,-2.943557223697593983e+00,3.192063394421849054e+00,-9.870542282197483086e-01,-5.009302978721843491e-01,3.783580141777858064e-01,-3.222039424188843704e+00,-3.464568145125561105e-01,-3.311712635966134854e+00,-1.150358358386240454e+00,2.657606592100856258e+00,-3.022541213614782230e+00,4.288843451865176348e+00,-7.075780376459621657e-01,3.190079100457194006e+00,-4.132802537077891358e+00,7.681899680196491165e-01,4.335448448352505757e-01,-2.953418534208773760e+00,3.443238109365980293e+00,3.720005419525809653e+00,6.149266778321635929e-01,-5.671932262580686723e-01,-3.234519292642851429e+00,-6.987076402844643042e-01,-1.668745485825247066e+00,-1.886215228418220313e+00,6.088704931615698257e-01,1.050897363342962132e+00,-3.508530847559205412e+00,-1.179433531814021663e+00,-1.932831925052439948e+00,3.338182060393743988e-01,3.615908610157126946e-01
1.288852242835770268e+00,2.947503316983591137e+00,5.520964626860254409e-02,-2.681339994433896701e-01,-6.889422770110879002e-01,-3.374869037799128613e+00,3.811737806721256394e+00,-8.084336659441491157e-01,1.950276259875904250e+00,-6.957622193175454495e-01,-2.724780563565495584e+00,5.818317740422168649e-01,3.613016342651023671e-01,-1.415093852340750580e+00,7.147477634339959307e-01,1.054696038910138078e+00,2.372896411032659802e+00,-4.050827976588449175e+00,3.504143277182908633e+00,-2.733204443836821262e+00,-1.096389339633267568e+00,4.852197416285383369e+00,-2.942361856417632371e-01,-3.341531191243367171e+00,1.479984799733239820e+00,1.583753926440903070e+00,3.702363781478351434e+00,2.259120395727800990e+00,-1.511685711065018367e-01,3.276294433365638525e+00,1.158426780914501908e+00,-3.196282069376448209e+00,1.059997827464352893e+00,-1.006445674178569005e+00,1.146704218795409069e+00,-7.927718902004524670e-01,-2.602568699341124336e+00,6.986633860587894151e-01,-1.449440053380866011e+00,4.299684659458513636e-03,1.215571236346478567e+00,-1.799876319590880014e+00,5.288583327285099500e+00,-1.364092601833488905e+00,2.465271804549993284e+00,-2.712350513809353991e+00,-8.488599689725601083e-02,3.321195599468242499e+00,-2.078027520460998812e+00,7.490595019123904574e-01,3.377811330837762860e+00,1.856994650961132365e-01,-8.363122766769013339e-01,-3.071609204833947171e-02,-1.014246331378825028e+00,2.466086855316529380e-02,-2.435323763683464870e-01,-1.018732910404397840e+00,6.837906720517435977e-01,-4.271427298811343309e-01,-2.797826744768773910e+00,-1.140586381413337236e+00,-1.695801721754917502e+00,5.904921428922841331e-01
1.629138015265973571e+00,5.762862258186725484e+00,-4.872262994056548724e-01,-4.857233284005527674e-01,-1.568296797670796883e+00,-1.399950511656146368e+00,4.652878316234489997e-01,-3.348394818333443546e+00,8.669947377525059062e-01,3.209952547775784537e-01,-3.650351259931385872e+00,3.108096328603606295e+00,-2.011218076687453504e-01,1.231906070865710578e+00,1.393036013018507990e+00,-2.067374232215773766e+00,1.178341941409054572e+00,-1.676438424495095392e+00,3.420043611543733153e+00,-1.390291269521547912e+00,2.042747450678705334e+00,4.727701836432239624e+00,-3.701657479000367346e+00,-3.172182517059563889e+00,8.781261882481591341e-01,6.819775775726233391e-01,3.327227398943444658e+00,-4.953156503768552099e-01,2.958825463621368002e+00,2.231629555945542798e+00,-1.640132148678050683e+00,-3.457882310488824551e+00,-6.809684689407431435e-01,-1.077859101499320182e+00,-6.394847907929352981e-01,-7.844136673016899319e-01,-1.780604080018926005e-01,-7.578858594220765355e-01,-3.127339624856387168e+00,-7.572275114679045682e-01,1.460963545095677052e+00,-3.064892529790816944e+00,3.126707237006129958e+00,1.883965708979047804e+00,1.840066240575131795e+00,-2.613055679593394576e+00,2.943134363679630550e+00,4.641361429052521359e+00,-2.204777449545310963e-01,1.049124264493172420e+00,4.216948230842925582e+00,8.769233869596899655e-01,-4.677956328117176543e-01,-1.117228836083316246e+00,-1.550036839820735146e+00,-5.264080380676986692e+00,-1.681857496575240196e+00,2.036201769710108689e-01,1.729839054065199111e+00,-1.918422160042058122e+00,-1.880960911735457097e+00,-4.779217315797761323e+00,-6.896331698366838792e-01,1.885154667441083287e+00
2.376683404610942851e+00,1.388064167105054647e+00,-1.506875838086471076e+00,-1.659498198113287692e+00,-2.515442817328571223e+00,-1.722595604467475061e+00,3.024836469135292027e+00,-1.865386808557788711e+00,-9.476718836229001131e-01,9.487658345953405015e-02,-2.188920976469487023e+00,2.508890975078270191e+00,-2.610792402198184980e+00,-2.045891155607783229e+00,5.177383893312041963e-01,-1.152347204824310190e+00,2.645271122763027449e+00,-5.001504483149401992e+00,4.174950961484008793e+00,2.126485713568790903e-01,4.176631033417084748e-01,2.493840026343640215e+00,-1.485632400479178772e+00,-3.749466074351390787e+00,1.989676540704951702e+00,-1.474389733130516467e+00,2.673678686522315218e+00,6.942935329874223571e-01,1.451262926720620294e+00,3.478238241811079767e+00,7.818342835178087036e-01,-4.113700846350496931e+00,1.930153246981382020e+00,1.827301247968733389e-01,-2.213230841318247766e-01,-1.087191830386402103e+00,-2.424446099314199188e+00,-3.591702162716261526e-01,-1.092304658077142943e+00,-1.082884624038525034e+00,3.297591104224010250e-01,-5.580563489145205835e+00,4.883180309946228093e+00,-1.512247698438659915e+00,3.638892428957717140e+00,-2.301552169450750807e+00,9.947283078060298322e-01,3.739649604189112519e+00,1.178471682622770800e+00,2.284027644965379356e+00,2.909811813174390416e+00,1.431389331675856136e+00,1.502873304556198608e+00,1.074395142823499016e+00,-1.463976339382094372e+00,-3.130454120699513343e+00,-5.663240706913861278e-01,1.927352692664765943e+00,2.439418602612022369e+00,-2.175213667828733932e+00,7.164480819310385940e-01,-1.520336029917517706e+00,3.231302522118946197e-01,4.517283605127800916e-01
-3.687861896694120123e-01,3.148257933361261252e+00,-5.483384768622615590e-01,5.280042808976685986e-01,-2.499737652445539027e+00,-2.939330800665046262e+00,2.041478174798945666e+00,-3.685338782447973305e-01,-1.446533044652410060e+00,2.025061844438163838e+00,-2.058057021178221646e+00,1.829128733038436705e+00,-5.350469310881214025e-01,-1.583019984919585843e-01,8.739853955317223866e-01,-2.636563254845734061e-01,1.113126004644440226e+00,8.948465399474052617e-01,3.348364334993747526e+00,-1.117787164284198109e+00,-7.127709610645107663e-01,2.589751325196767429e+00,-6.774816391701432572e-01,-3.715808843975795472e+00,1.055078588585649513e+00,9.949048197713871167e-01,3.608289207830717160e+00,9.664946315238246433e-01,1.059926097585382143e+00,4.035281815898033031e-01,-1.769982655408891770e+00,-1.784532534250621971e+00,2.364687033403316541e+00,1.359176402065903844e+00,-1.492966462808229977e+00,-2.300365630845796261e+00,-1.408978565672523775e+00,2.435221046977792625e+00,-9.862850638147147020e-01,-1.054930918301160370e+00,-6.545804664855494615e-01,-3.644060711975027900e+00,2.448727550248815721e+00,-2.426769190294351120e-01,1.503153710450947811e+00,-1.552625112475009672e+00,3.819674944556305518e-01,4.538179314495227601e+00,-8.772916068083523866e-01,1.723451116021635698e+00,2.023126161777106802e+00,-7.219672827593938136e-01,7.507393705243078363e-01,1.838974242571940199e-01,-1.542928750777286862e+00,-4.197111155168797403e+00,-5.354223243806242039e-01,-8.294488920362383944e-01,-2.883316859690165934e-02,-1.221029756937596744e+00,5.933766713596536624e-01,-9.446420565674934489e-01,-1.667285760400254446e-01,-5.626869574588000411e-02
1.023127333736580713e+00,1.477911061937807524e+00,4.103734530441641160e-01,1.352144801750503333e-01,-4.091431869633740392e-01,-1.136307889228181711e+00,-6.279887350586190742e-01,-3.901180209111884789e+00,3.796637197427850552e+00,1.534350514927118825e+00,-5.475219574602623318e+00,2.608934090298831165e+00,-1.192748439782906233e+00,-5.205152054666759565e-01,1.187601170454482880e+00,-9.261447162782675546e-01,-2.399731310363457659e-01,-1.385926095609183006e+00,5.234645879166579974e+00,5.488524836885273483e-01,3.337268684849828304e+00,4.331266229677011026e+00,-5.973998069348029905e-01,-1.904364105893009196e+00,-4.354272074692320249e-01,3.091513914328640755e+00,4.751202855107332645e-01,1.254466865150472010e-01,9.355277611722480069e-01,4.400852579226057770e+00,-1.592893162012966712e+00,-1.541037809747155318e+00,1.328235499484750060e+00,-1.474063062329717955e+00,-1.210068833465360427e+00,-6.027010063828361908e-01,-3.473967990376005233e+00,-1.237052976948351812e+00,-3.615102205081097697e-01,1.729884975119329482e+00,2.569369015724243255e-03,-3.692540803857736975e+00,1.003875211554569269e+00,-1.166844221600073839e+00,3.456126235980220507e+00,-3.581945949878633684e+00,-4.244217865372119647e-01,4.647662863018952706e+00,-2.113610047588458940e+00,2.033644854831442750e+00,3.255134556857342432e+00,-5.971128831899663592e-01,-3.063908331563601761e-01,-4.028021520687244950e-01,3.992738294139970279e-01,-3.339138644831705527e+00,9.446299536376612238e-02,-3.471330753524431989e-01,2.033675660327564749e+00,-3.510287991565496313e+00,-2.692024737170441551e+00,6.924152061914767842e-02,-1.240541179931290428e+00,2.336154056873402940e-01
-7.004145279684133030e-01,2.657048531060330898e+00,-1.093334483661832612e+00,-1.083919593502969736e+00,-2.273317503944200624e+00,-1.126890309238065324e+00,3.074040413190352261e+00,-2.615553643054685296e+00,-5.758144713720390051e-01,-2.190076544653415946e-02,-2.077990251247579856e+00,3.076275742217987386e+00,-5.028100053639792399e-01,8.772568006030203591e-01,-1.848432455782834660e-01,2.435396523837004557e-01,-9.522067762839565574e-01,-9.644020732073079749e-01,2.446493400476418500e+00,-2.360661535004524580e-01,1.248840256611180699e+00,1.645670571751548739e+00,-3.879650504736698480e+00,-2.718734480828522315e+00,1.686839026891192805e+00,-1.932049771275662353e-01,-4.267408830275409848e-02,3.039655786956263483e+00,2.053750475499762196e+00,2.902696201971463719e+00,-1.535165428925453490e+00,-4.736379170705039776e+00,2.216179637804972735e+00,3.230638065762618805e-01,-1.587121755347930208e+00,-1.829675282412459580e+00,-2.249644781437073693e+00,-1.423858036331238086e+00,-3.104945322648982042e+00,-3.305256820453779110e+00,1.524505465221820844e+00,-2.245089574230806573e+00,2.541443710472451656e+00,-1.598628309708062467e+00,2.036457778974503086e+00,-2.262162455133471806e+00,7.738639458295786255e-01,2.706300000829752861e+00,-1.506611382487338391e+00,1.047783894646715286e+00,2.731350248191251495e+00,1.131260747802794508e+00,-7.745067160807611595e-01,-2.516033929817876658e+00,-2.940442490446254276e+00,-2.867669941475619488e+00,3.797079605252773327e-04,9.060591853106698679e-01,-9.980937073777274016e-02,-1.196876377248413448e+00,8.426398273959769814e-01,-8.784127883827622663e-01,-2.567455038168225290e+00,2.971960039741935233e+00
2.950380124720443753e+00,3.598331769131681845e+00,-1.995237148808563621e+00,-2.326285340962805481e+00,-2.400984698748022339e+00,-3.268836266257184597e+00,1.101302011088504784e+00,5.185547462085320358e-01,-1.147244598919587633e+00,-5.045701526770838274e-01,-7.273364996417779338e-01,1.063663303102960089e+00,1.950023819339937514e+00,-1.484737668065595706e+00,9.353881914611548165e-01,-1.293156658451020569e+00,-9.365814916866050943e-01,-1.347601215766206284e+00,2.553446457520686774e+00,-2.743709893472195738e+00,1.101559407017191683e+00,3.957557835461527063e+00,-2.334043487480135681e+00,-1.571470470383318441e+00,-1.251329032911039363e-01,2.075801827978178693e+00,5.901990325483126298e-01,2.765727501901390717e+00,1.379531119787169580e+00,6.528510081016265509e-01,1.180262296524468013e+00,-3.220391639726629673e+00,4.724823490307825669e-01,-2.582406779147328191e+00,1.035556475867867032e-01,-4.918224219493188443e+00,2.438212625154694280e-01,-8.581821770903178548e-01,-1.584726595466235288e+00,-1.604244187218149653e+00,1.100900207203519443e+00,-2.761276017239933545e+00,1.238101184434386992e+00,1.323655726121120146e-02,1.984553124629290455e+00,-1.584315003361409069e+00,2.674973564497998280e-01,3.688086152101792692e+00,-8.457729660920397796e-01,3.122904052136429964e+00,2.617733927112686043e+00,-4.368355688185003860e-01,-2.858561336047102497e+00,7.096818196571047510e-02,1.012867930622287638e-01,-3.240399445809915679e+00,-2.489640965310886411e+00,4.490831910736834409e-01,1.595501484259095548e+00,-4.528417026164301973e+00,8.361986013288214004e-01,-1.927980858096169925e+00,-2.731880718368865146e+00,2.165223160084591925e+00
1.617495080150508802e+00,1.510418428328677676e+00,-1.915227410584000811e+00,-2.786797422216986675e+00,-1.436568096899014879e+00,-3.360074048272755576e+00,3.144444533343077275e+00,2.885664318826626218e-01,1.256337261692402230e+00,1.116818213554115591e+00,-3.772937663362789351e+00,2.624951399661608953e+00,-1.276390688398680862e-01,1.973691648742374571e+00,-2.788729206661425541e-01,-1.188280394754776426e+00,3.488047052508822077e+00,-2.338330708685052439e+00,3.755080104658670148e+00,-4.678936967070156383e-01,-3.776885798761986379e-02,2.821491533581601541e+00,-3.140026172476007460e+00,-3.136527452582741571e+00,3.237132688353161925e+00,2.132882941918490260e+00,1.465054675735684597e+00,2.229957500404103232e+00,3.470940323951953399e+00,8.690987812021482295e-01,6.604215442484415721e-01,-2.560311355893964080e+00,5.598483233683126947e-02,-1.935640680654507451e+00,-1.952980644179145742e+00,-1.165950366795932558e+00,-5.646253803979326413e-01,-4.460871485284055860e-01,-2.060204773306204107e+00,1.837038606147187725e+00,2.540341164203163249e+00,-2.751465032569904157e+00,1.843482791344708716e+00,3.827015280351497850e-02,2.653790128598607190e+00,-2.964152077781400330e+00,9.536759104727665637e-01,2.044490140470062389e+00,-1.600736008691324264e+00,7.399173870035229417e-01,2.622378787018526225e+00,7.296004864733754980e-01,5.335981885714444761e-01,-9.705102701349243022e-01,-2.406914535969919555e+00,-4.800639991225921221e+00,6.807228986501852042e-01,8.690082414531477006e-01,2.062519066594774575e+00,-2.602581234161315482e+00,-9.082777443988685473e-01,-1.719955457702686541e+00,-2.133243370808897588e+00,-9.552633082508710238e-01
1.628127014040665621e+00,4.101688845097733349e+00,-2.351641851389699167e-02,-1.592775101097934298e+00,-9.778737056948351158e-01,-7.882360648564603611e-01,1.151487486529755300e+00,-1.533406699486398184e+00,1.757893560345488604e+00,1.468902806947705031e+00,-2.581082147894378398e+00,7.622402192264302601e-01,-8.165267963090713788e-02,1.992739248618387915e+00,1.256819798901261276e+00,-6.721780980984239928e-01,1.666765297939761581e+00,-3.496657459795694756e+00,3.041623557023119151e+00,-5.208830894616450768e-01,1.361215395532556771e+00,3.800672375054362284e+00,-3.077599329816572915e+00,-3.607635085757937787e+00,2.976580440821146034e+00,-1.157260806952357113e+00,2.017167207269489282e+00,2.817774055600721361e-01,1.885521787652472803e+00,9.897836108522151122e-01,1.955444930825120942e+00,-2.762302192860399686e+00,1.791385269653943180e+00,-1.358179194350126462e+00,5.703354721310138764e-02,-2.234819367938668755e+00,-2.746318602022136179e+00,1.324595899668432608e-01,-7.982097877956633170e-01,5.213828170312679866e-01,-1.358227550323245048e+00,-2.476264335998224819e+00,8.849667929100117902e-01,-1.080291889609155120e+00,5.108389584079861656e+00,-7.982554854763923569e-01,1.241647058839089768e+00,4.214553125622322760e+00,-6.939625487820262340e-01,1.805839019797436551e+00,4.748404878477112234e+00,-1.944444496541195000e-02,-1.207368718360778193e+00,-1.640806044281471365e+00,-2.710154890095106239e+00,-4.018820822950584848e+00,1.464561849039969221e-01,-2.032659259555129605e+00,5.985212308824542360e-01,-2.430503840094436541e+00,1.753455941335757107e+00,-1.798247696619954095e+00,-2.661762686399026911e+00,1.009335465813610000e-01
1.746121037013666832e+00,-4.242445756035948534e-01,-1.185549858659802336e-01,-1.393149105661259046e+00,-1.248966256908137229e-01,-1.875976125790060012e+00,-4.713607411069631326e-01,-3.284738483597855918e+00,-1.721907119455692858e-01,-2.014284895925805063e+00,-5.789530440200285177e+00,5.441568794149274080e-01,1.604299001064010799e+00,-1.630076319123806350e+00,1.579853590600212687e+00,-2.889211410103519118e+00,-7.377306810485388944e-01,-5.899425664385360424e-01,1.146192089792610114e+00,-1.462486224124677658e+00,-1.351833813997286526e+00,2.336400563870805414e+00,-7.282227639123313168e-01,-1.362999231556156987e+00,1.450908306838236905e+00,1.207964711529017965e+00,1.755246606124276632e+00,5.617601322761823779e-01,1.412316947334280259e+00,1.862399355046230554e+00,2.482680032788542324e-01,-2.506630836574108567e+00,1.607939560359889608e+00,5.686607677257105031e-02,-9.284653435981655711e-01,-6.419147490429599756e-03,-2.353359723447091323e+00,-9.075495875412215030e-01,-2.142490392753873873e+00,-1.060887599675311543e+00,6.833170207161246568e-01,-2.516209628750423644e+00,6.210753816494561264e+00,-9.062662726544556957e-01,1.376363775773211007e+00,-1.340762092073172651e+00,6.449952703246927266e-01,1.040332848140725241e+00,-2.919106974685360179e+00,2.202771870485938699e+00,3.223801654424117480e+00,-1.102615715441207511e-02,1.542758445458461414e-02,-2.651224676568227245e+00,-1.358564054064446802e+00,-7.752964994212590000e-01,2.435425164040929236e+00,3.681853447456318040e-02,1.629609429519952357e+00,-1.874835294622370752e+00,-9.419149450623308661e-01,-1.872738802577832207e+00,-2.494302606089208396e+00,3.418598391071738796e-01
3.845124660166870934e-01,3.204279989852759414e+00,1.296962866264002257e+00,1.211049663657401965e+00,-2.393594361092459266e-01,-1.623308951376371212e+00,-1.016043646935725242e+00,-1.558319482024701941e+00,-1.152499240902315480e-01,1.723441664783208260e+00,-4.353728712876742790e+00,-4.576125637611032637e-01,-1.224990928247991606e+00,4.503053038736801739e-01,-7.103616173684517143e-01,-1.378369154372283134e+00,1.623557357605830420e+00,-2.480896124475578723e+00,3.012841410022276900e+00,8.272360870707018421e-02,7.284229319837508543e-01,1.573417920847947515e+00,-3.059848985282395351e+00,-9.794253567440551755e-01,2.320953827222845156e+00,1.343890261238267048e+00,9.334529796409724023e-01,2.274141461100620099e+00,-4.787519565463727034e-02,-8.157851959110065110e-01,5.150930793095609417e-02,-3.639381361274249826e-01,-3.898423164827280463e-01,-1.180270658770317116e-01,-1.457589254544771951e+00,-3.425207865389760187e+00,-3.818568499401933103e+00,-1.310856393658670349e+00,-1.929148347230366989e+00,-1.157239551497741381e+00,9.101614020025603491e-01,-1.766934095907001012e+00,1.568884043930771410e+00,-2.308663287503016193e+00,3.611113720444798503e+00,-1.486813393207567113e+00,-7.627668079681884095e-01,4.043073369564091024e+00,5.991108164789878954e-01,1.539421532950626670e+00,4.497105823011975367e+00,3.794098949864694870e-01,-1.916264481006188847e+00,-1.910591466159102358e+00,-1.303337337833145426e+00,-2.838222966137174730e+00,-4.326250777929691038e-02,-5.077895013828972459e-01,9.841758561541900097e-01,-9.581564331959586678e-01,5.970679379741921089e-01,-2.043606505329970346e+00,-2.867181966953931571e+00,3.843893408031019421e-01
2.448516433570738116e+00,5.161728931015963084e+00,-5.400066282488235059e-01,-5.077276974028186451e-01,-1.698037632757499082e+00,1.690219697015147293e-01,4.560003640233039057e-01,-3.483321670582194773e+00,-5.199013058936221565e-01,4.933121738467081963e-02,-1.926345300054379539e+00,-4.764515059195861824e-02,-1.402473027232294722e+00,1.987317698482825357e+00,-2.537908370074825282e+00,-2.999713956265437353e-01,1.021120587136015168e-02,-4.326697980947145084e+00,1.754545362190887525e+00,1.097584639282479735e+00,5.171473844046339252e+00,1.815314779346995033e+00,-2.176347872125713234e+00,-2.574062741946321786e+00,7.105873111685706567e-01,1.135639201423201738e+00,2.654184376881988605e+00,2.036570842883568488e+00,1.881956174713942387e+00,1.029160869572860237e+00,9.502600868007848867e-01,-2.882817654607283675e+00,6.142257359875875622e-01,-1.989501172849645894e+00,2.915157983749636639e-01,-3.121614979661856193e+00,-3.902688671965799827e+00,-1.235860648935488859e+00,-7.335821909973150312e-02,-1.266622182208767100e+00,-1.548090799944004781e+00,-1.733469734342270918e+00,3.387055354748478742e+00,1.524027094869064847e+00,1.975444750836074181e+00,-4.962376571543329007e+00,-5.095071514566534843e-01,5.502650470726443643e+00,-7.721255473777445533e-02,2.493245191101486125e+00,5.019431712742289164e+00,-7.375601738053730316e-02,4.720415377755306507e-01,9.773409506583750073e-01,-2.574058717391582540e+00,-1.722058096854917064e+00,-1.902260112091645583e+00,4.516932539842077876e-02,1.741279727386731535e+00,-2.871694947542887011e+00,1.328288083347677562e+00,-1.444089759801949313e+00,-2.743409806008593854e+00,-1.456402993221225906e+00
1.597091828637975830e+00,2.355188656605728070e+00,-7.156118868834305813e-01,-1.206810228853698819e+00,-2.747441242920089621e+00,-3.044868375911740976e+00,3.009984840183217436e+00,-2.554896950945812595e+00,-4.231229997565816303e-01,-3.337457131712955882e-01,-2.513445126602977808e+00,1.644046318532069728e+00,-4.714511230538692699e-01,6.077556505373039597e-01,2.647987714748177845e-01,-1.710551396737949537e+00,-1.047384553631979021e+00,-3.145338139274758582e+00,2.255589568676696466e+00,-1.611378666490961287e+00,2.151634938789820373e-01,1.874060195355083058e+00,-7.611242986459723081e-01,-2.622405927192620556e+00,-3.197099434581600619e-01,6.769500456748601680e-01,-1.507614188583365600e+00,1.948707988268722158e+00,2.817705305714764963e-01,5.697607664013313311e-01,-3.272717327396580611e+00,-5.127426238749157150e+00,1.348799815444714056e+00,-1.772564206002251730e+00,7.750008672334363080e-01,-1.954195177752772405e+00,-2.888473428572675417e+00,6.072180915880993624e-01,-1.168917734272301612e+00,-2.350316708553754630e+00,1.009950554077813756e+00,-4.641634226321667889e+00,1.460385044036229818e+00,-1.593728525867968315e+00,2.309028824571349503e+00,-9.504728896454586184e-01,1.071508747772445869e+00,1.089454082816738056e+00,1.237246743641052360e+00,4.023446516559918251e+00,4.417065806616379930e+00,1.848709209387042751e-01,-5.820612453192466340e-01,-1.132452934323376459e+00,-1.972818881442710781e+00,-3.800538389774341219e+00,-5.855242836527787542e-01,1.646299599078190123e+00,1.105484021477395773e+00,-3.363804092044774485e+00,-9.594001273658321338e-01,7.350788060992718975e-02,3.002439198017414768e-01,2.833883736908736850e+00
2.508393845564193647e+00,2.588900723095821643e+00,1.061807036805920257e+00,-1.274651855191965666e+00,-1.777559068236218565e-01,-2.352692056542261767e+00,6.085373896512615843e-01,-4.038708665550611698e+00,-3.998518348605480943e-01,-1.975429251017654098e-01,-3.179024619390849793e+00,1.134605992198790103e+00,-1.547948836864448730e+00,8.172540750954797595e-01,2.466800792273260434e+00,-6.575374786632748325e-01,1.725407156338101933e+00,-2.004427008807159183e+00,2.109603959798335815e+00,-5.631437586031162734e-02,4.700089997698278510e-01,2.369386486520290713e+00,-1.993140576543952047e+00,-4.786622839909206562e+00,2.155675159330088242e-01,1.050366040393894362e+00,2.796064776170858135e+00,1.754850138423888373e+00,2.208421162665054061e-01,2.149312150048659387e+00,-9.201306860613306382e-01,-3.731407418659911990e+00,1.641093853762101151e-01,1.250968320469747486e-01,-2.757561351530485094e+00,-8.351269049627252361e-01,-3.095838534085348481e+00,2.757096051785747903e-01,-1.033515194063888254e+00,-3.476499801933058631e+00,-4.742608262918098783e-01,-2.108874670191391854e+00,2.457192708055959240e+00,1.646863229240097759e+00,1.578822482701831786e+00,-4.789641693621670804e+00,1.841108810472599888e+00,4.981464792032831213e+00,-9.880149263765086731e-01,8.764695864283879034e-01,2.499998169168554440e+00,9.335325523143058746e-01,-2.197957487451758507e-02,4.571006192272402124e-01,-4.236837805328839135e-01,-3.386457710213323313e+00,-5.799074972459772326e-01,-1.291070305255765938e+00,5.033453051542394752e-01,-4.291093763064931288e+00,5.733152798276212048e-01,-2.179559459666786214e+00,-2.889379107267467273e+00,-8.210850770934907672e-01
1.998247695321389017e+00,1.923624535041807526e+00,-1.222869083927705436e+00,9.769971825927761255e-01,-1.319588811219092994e+00,-7.487533169271309852e-01,2.342531401037901251e+00,-3.766718810750193214e+00,-6.786092634299056847e-01,-6.917255367107766340e-01,-2.617623733575234368e+00,5.938835200405482295e-01,-1.655582698429554522e+00,3.092751206911322992e+00,-2.014991564201533247e+00,2.382914899469833259e+00,2.332557783259541218e+00,-1.565066199216700982e+00,3.705812522129020792e+00,-2.043660510207668590e+00,7.211912520406238425e-01,3.684570315997098611e+00,-3.789668490197537043e+00,-3.197443783063708356e+00,-4.050983229220219695e-01,-7.712848355419346102e-01,-2.763014406811907797e-01,1.675604666320685610e+00,2.239594561096870606e+00,1.486335974062933385e+00,-1.213334491096496048e-01,-2.015312979799989801e+00,3.681869256037282323e-01,-1.655122990133542027e+00,-1.407469401610961457e+00,-6.672927314971794921e-01,-3.753666657075763524e+00,3.150527060157323422e+00,-1.319036546173803393e+00,-3.194448765797636813e+00,5.375113969054996499e-01,-2.548451247396950947e+00,2.266768588035559695e+00,-3.015671520295395425e-01,2.376300368049903522e+00,-1.943997685397480968e+00,5.032238713840158084e-01,2.164581225327587788e+00,-1.110330305478055779e+00,4.471351077809183394e+00,3.798512997481395814e+00,-1.568796135330427166e+00,-2.225667347696174136e+00,6.813441607656105514e-01,-3.071839739462975949e+00,-2.950445235621591777e+00,-7.430615391170509731e-01,3.036589304386057453e+00,-9.505167004396652963e-02,-2.559205450183627217e+00,-8.938333768251465195e-01,-1.737503996812462370e+00,-2.201615434775414215e+00,2.580300746817368207e+00
1.766307304610489348e+00,1.752000728769369298e+00,1.150093219332626732e-01,-6.672641877722873538e-03,-5.986290860503201694e-01,6.591102757057987205e-03,5.560132606978149816e-01,-1.745355003181779940e+00,-5.459558430198764301e-01,1.990612492201914829e+00,-1.951755393962543828e+00,2.557839767264338260e-01,-6.239652438667000478e-01,-2.151749355910070882e-01,-3.249193861991173105e-02,7.631831131426869419e-02,1.841796724608106395e+00,-3.723349276027331456e+00,3.917023184195225216e+00,-1.287467208553115583e+00,7.677020278179284007e-01,2.449672873388548666e+00,-2.286444929637583279e+00,-3.149321467198743285e+00,2.054272656673113318e+00,1.067042973735313760e+00,7.074968754392726433e-01,3.355258650772569684e+00,1.130113028280097298e+00,9.609410521373853431e-01,-2.396673089965475345e-01,-4.573766672933531119e+00,2.389641215062509039e-01,-5.825280198682939448e-01,-3.575537695271946426e-01,-2.367928372456515440e+00,-2.443612145868334196e+00,1.065786026676285303e+00,-3.354202606346732729e+00,-3.332766704400914382e+00,1.241685289511540002e+00,-1.535285365358400878e+00,4.989591339881897625e+00,-7.059734452595334275e-02,2.296225035209007004e+00,-3.162921030413466728e+00,-1.426480208014184292e+00,2.233894061107213780e+00,-3.284441008791485483e-01,2.682700266529927546e+00,2.417586147887550219e+00,-2.521516166829430805e+00,2.488979864191958116e-02,-1.989175913515133509e-01,-4.046379469477477286e+00,-1.324342927767933720e+00,-4.044788310888579042e-01,3.114900799705497825e-01,1.041861855976127682e+00,-1.482254396008214181e+00,2.695690596376177695e+00,-1.677687254519719451e+00,-1.197507154542395647e+00,4.413882107853286385e+00
-1.767661741998939107e+00,7.503918725182721072e-01,5.937089836962673450e-01,-4.410413087315750436e-01,-7.412249072387602222e-01,-2.278197299225820593e+00,-7.332767642238651185e-01,-1.769904408460108547e+00,-1.840323697937835234e+00,2.036508711268441019e+00,-3.431289992908732156e+00,7.042610079896476361e-01,-9.245704855015370871e-01,2.377842603617409623e+00,-9.408054343031551081e-01,-1.851934405067378053e-01,-1.214906908332573643e-01,-4.352502811970181185e+00,3.697563751894893613e+00,-7.012895678009772871e-01,2.842010182902444004e+00,2.987566440805429213e+00,-1.738822354793878810e+00,-1.998501884442701382e+00,4.754991846716157822e-01,1.425305292248670419e+00,1.798630130635712421e+00,1.173963767255609136e+00,1.562563359258252182e+00,1.467731301732230209e+00,-2.790358214143882520e+00,-3.400995708318027333e+00,2.139827504618022846e+00,-5.000365991173241653e+00,-1.952826216435919582e+00,-2.145992617535680935e+00,-4.511359792164630456e+00,2.859082338338151952e-01,-3.647855029374027502e-01,-1.853067343229891861e+00,2.433933182718088784e+00,-4.624252997705633916e+00,1.408920192886836897e+00,-2.210081719159209257e+00,3.680446902566488099e+00,-4.445821330194313248e+00,3.544697431914080710e+00,3.407847530065205799e+00,-1.246065391274953305e+00,8.396971186436281709e-01,2.763808695023922901e+00,-1.357554016946115993e+00,-2.503152268162558425e+00,-4.437375316543673009e-01,-1.390921964025490842e+00,-1.941179537917829601e+00,-1.279298501200176075e+00,2.409622368412734694e+00,3.638029226312259112e+00,-4.371778849487528262e+00,-1.732285706284001581e+00,-3.714231576999379669e+00,-4.361109380749001119e+00,2.307142210715533270e+00
1.037712528694651581e+00,9.328533436642525434e-01,-7.643283802769185176e-01,-6.194602315568245032e-01,-1.170857786693287661e+00,-2.779944346374016106e+00,5.434142558366756859e-01,-3.656706209058349089e-01,-6.211176430485573219e-01,-1.377563425025273292e+00,-6.272533051112882951e-01,3.035217371872415137e-01,3.672167271394168320e-01,1.550415327357486106e+00,-2.398022786271862383e+00,-2.261413309318871523e+00,3.114969896134589966e+00,-6.264130954650819483e-01,5.928881910966790514e+00,-3.378162852870717492e-01,1.000046849947602512e+00,3.357772658758705564e+00,-2.694739471289964161e+00,-1.792568878351547657e+00,1.655920515996620157e+00,-2.887822114152723163e+00,1.001036721628232762e+00,3.771413731334203767e+00,1.725056139413157386e+00,1.818500520073861981e+00,-2.473378380615794292e+00,-3.280084637024160532e+00,1.701564683195128769e+00,-6.587063779836803690e-01,4.408087324643572558e-01,-1.931102850728837916e+00,-4.587385443080981062e+00,-2.107028739282717500e-01,-1.108269006463302730e-02,-1.725721702862019757e+00,5.843688414168140000e-01,-4.191186794657593140e+00,1.333230661881635859e+00,-6.635148750725405886e-01,4.441822335630177143e+00,-4.267785638048544605e-01,1.972440043027472223e+00,2.289142088437513323e+00,-1.629571217613250633e+00,1.746395087656424705e+00,3.129262427813920500e+00,-6.497822721634687326e-01,-1.017241960924087474e+00,-1.745804898405545869e+00,-1.142294172866781699e+00,-2.542190228279415987e+00,1.002946414738822956e+00,1.572923102253100947e+00,1.099743641216518242e+00,-1.479079614656895414e+00,-1.143917384031506668e+00,-3.845496641432401219e+00,-3.188688165496841087e+00,1.593775364540803485e+00
2.305685754126166387e+00,-1.600200253715227117e+00,-1.982768205316920440e+00,-4.766391976357076676e-01,-2.287388622070068323e+00,-2.462445781442893278e+00,2.083212562664982670e+00,-1.447502110437284273e+00,-2.124077634698106287e+00,-6.809340699184505130e-01,-3.511314433581536054e+00,3.420758746298515618e-01,-1.481030852659488972e-01,8.385018077327848207e-01,8.994592348780697799e-01,-3.301250853661272799e-01,1.198250774925522899e+00,-2.762555060959574149e+00,2.943697711694348573e+00,-1.395289330650371751e+00,5.405419075046510313e-01,2.453049809090864120e+00,-3.148243046369227027e+00,-1.104129561797820847e+00,1.501471761479242106e+00,1.438250278642715596e+00,3.925242141984799815e+00,-2.011222150128322284e-02,-2.849551967004801956e-01,2.305344729292933437e+00,-2.076910302414180620e+00,-4.064869646282686766e+00,2.401238586392034691e+00,-5.019031740582704515e-01,-1.662058991750799741e+00,-3.710336975987549302e+00,-2.843390867239315334e+00,4.196838142218730083e-01,-1.428506395039441657e-03,-4.290201045411274894e-01,-2.030154304908275531e+00,-3.547284554580712346e+00,3.515635766520597283e+00,-1.162370705404833782e+00,3.995090551436212056e+00,-9.799315996106736648e-01,1.513321183085966526e+00,1.836864674976249612e+00,5.371832701097766227e-01,3.210017392299108430e+00,4.897470756690395000e+00,-1.112254105632293211e-02,-7.369229523431261586e-03,-3.543473685189449385e-01,-1.014886088093012395e+00,-3.948461706219359435e+00,9.722571910289468100e-01,2.453242306790156757e+00,-2.716581299276679129e-01,-2.043204520307116745e+00,3.480058141718168629e-01,-2.505126547502682488e+00,-8.333981749470552591e-01,5.030611341755532040e-01
1.183287569434710029e-02,3.477975074232301900e+00,2.345582095034005388e+00,-5.043044707472501553e-01,-2.611017830803789685e+00,-2.484439537006228438e+00,2.697166508331983348e+00,-4.891775017623705146e-01,-1.639154782917672470e+00,-1.940665284340454377e+00,-3.257444488304185981e+00,1.186219973005984807e+00,8.158122382381020055e-01,1.316801322920822637e+00,1.823751169194942179e+00,1.531941204142291291e+00,2.526959044350153505e+00,-2.075793479523904583e+00,3.195170013795873842e+00,-1.798829299876846477e+00,5.987023106680015028e-01,1.692860022762969763e+00,-3.208779555440924192e+00,-3.280784137223857311e+00,5.048951572813047406e-01,-1.214161624749418245e+00,1.609327420369575545e+00,3.864211927654159773e-02,1.667288252868811771e+00,2.730042096955496156e+00,-5.889746249699352454e-01,-3.919920775281617864e+00,1.464694565539964355e+00,-4.240696743731270146e+00,-1.377922203250220967e+00,-4.250477383658496144e+00,-2.074620150303940314e+00,-1.833423112683748135e+00,-3.553930114531625328e+00,-1.499445984166194012e+00,-1.065831799512655387e+00,-3.025051436238736180e+00,3.358474740874891840e+00,-1.381375646898955978e+00,4.672066862129757858e+00,-5.990796291936781870e-01,-6.662041290076126110e-02,4.022061263655937857e+00,1.835228624812280662e+00,8.608128268244513714e-01,3.040012960315717550e+00,1.760365722762557983e+00,-7.252641439343965324e-01,-1.443270965931722216e+00,-1.542157931027830386e+00,-1.573329989543867713e+00,9.687085227604466109e-01,1.347648069932655623e+00,1.822719763699946594e+00,-3.626935768516207137e+00,1.387841985760913666e+00,-1.287215794326726170e+00,-2.073635801968711778e+00,1.338248737052465165e+00
-1.770698505075031015e+00,2.609397391278970968e+00,-6.169510914291851389e-01,-1.674260455568284289e+00,9.433223339501033422e-01,-1.002139266066150114e+00,1.816065769365463156e+00,-9.710474141214077148e-01,1.606269398358264544e+00,-1.893562021434707754e+00,-4.181133520952373672e+00,-2.115790478653745144e-01,8.411903060348469019e-02,1.490917226726304889e+00,-6.454915580806304121e-01,-8.139233875526483697e-01,1.173451081308947153e+00,-2.417382596367133818e+00,1.177284902404354350e+00,3.583760928368873167e-02,5.161622743134840485e-01,3.098213869003198173e+00,-2.466476629725688152e+00,-9.378440430615879730e-01,-2.177588834309374111e-01,6.520010193461313053e-01,1.061784440538652285e+00,7.378801146171438674e-01,1.034565718501334830e+00,6.994300102391082241e-01,-1.370210326283095137e+00,-4.588359666932521286e+00,7.918090653391098854e-01,-1.468784080653999347e+00,-1.607156168813811181e+00,-7.895564110218067366e-01,-4.584313186372762416e+00,-1.524446749318143057e+00,-1.119516151536326776e+00,4.627382743188575009e-01,-1.999008114827470095e+00,-2.276379608473400040e+00,2.531802858993017491e+00,-1.304692195490005036e+00,2.367546688700488566e+00,-2.078488856792587658e+00,5.285474900179889524e-01,2.042848712242100184e+00,-1.087020771980968137e+00,6.619302652779728291e-01,4.123883683187013816e+00,-1.577925362191481939e+00,-1.236550449329471835e-01,-9.358338164828635675e-01,-3.119513414399454732e+00,-8.236067672234357318e-01,-9.933712221239034967e-01,1.670352395191998962e+00,1.794065876432491935e+00,-3.134893552372422398e+00,-1.088498377690025443e+00,1.066533119093695525e-01,-1.245599096115014737e+00,-6.074922158877080758e-01
-7.670597220033097408e-01,1.747986858594960946e+00,1.430093672802102533e+00,-3.524541884342531350e-01,-2.928732164400282834e+00,5.943562937252599987e-02,4.201096717890880683e+00,-1.452154639486477050e+00,2.188277363191176050e+00,-3.010810309343725510e-01,-2.557899895899449216e+00,8.216668746352037145e-01,2.024333906160131313e+00,2.051314148393387216e-01,-3.355505430778747966e-01,2.888199384450396145e-03,1.856497703771628149e+00,-4.761005617143994506e+00,3.551082325934264983e+00,-7.753917216453615202e-01,-8.875082012635748807e-01,2.204897172572732433e+00,-2.274289959837029862e+00,-1.976178125037519440e+00,1.382616845134676975e+00,3.725822398509724298e+00,7.686465060263594218e-01,1.880901345288461535e+00,3.616912114526715794e-01,6.602349956582069801e-01,-2.989811426315699405e-01,-3.402310025233340696e+00,2.273357935749588110e-01,-2.989022284556910325e+00,6.779575277777663000e-01,-2.311189001611638538e+00,-3.798151066325884173e+00,-1.408362666917437833e+00,-1.057610160475468852e+00,-1.227810639426913042e+00,-6.111221644613840098e-01,1.280368116297441183e-01,3.944343948778568087e+00,-2.862134851187941642e+00,1.315090139644720990e+00,-1.041908797771227357e+00,-2.369328610137860780e-02,1.359198105521132627e+00,1.354238410312336716e-01,4.410720476850693572e-01,1.028025629740809688e+00,-1.741476275167464172e+00,8.897064229178357486e-01,-1.928466918691521315e+00,-3.361945882258804197e+00,-1.569485713379311420e+00,-2.064319151154986987e+00,1.200338915576239507e-01,6.700476106676491739e-01,-2.203619705447255051e+00,-6.711541945019514621e-01,-1.918454511985686173e+00,-1.019682307004175836e+00,8.012663660227464790e-01
1.293671648270480201e+00,8.211968188536753477e-01,2.478377985470404110e-01,3.195544758740751501e-01,6.686382285947440884e-01,-1.741261624968605037e+00,2.977132576556182020e+00,-3.165966408430214152e-01,-1.197831700478056427e-01,-2.802725154483125258e-02,-2.845795789284413679e+00,-2.145190462968846745e-01,1.735440126044537790e+00,-1.536480617573652285e+00,9.939216445663823229e-02,1.111979988137893116e+00,1.403760534109010694e+00,-2.701481105987565634e+00,5.019019970239767758e+00,-1.345348418330062357e+00,2.140024715525857602e+00,2.936195208864587514e+00,-1.913098061442998876e+00,-3.159467141998169470e+00,5.282855869058366016e-01,4.741536181763787994e-01,1.481042811108941759e+00,6.722559405226140594e-01,6.774515313725393284e-02,2.405942113794605319e+00,-1.139488298853697845e+00,-1.937110058092677445e+00,8.982183051227428106e-01,-1.060437688749740648e+00,-8.472668892455476053e-01,-2.232226465629533418e+00,-3.424001845479806683e+00,1.666333622726383190e+00,-1.209343654093557596e+00,-2.225158823453210921e+00,-1.845223802472004682e+00,-2.816927046596506390e+00,2.708440032154557198e+00,6.071683252220403393e-01,3.050530159247287543e+00,-3.294957878565988540e+00,2.774147061517610591e-01,3.519922394780849118e+00,1.208840165427960134e+00,1.152557111551311575e+00,2.897585415917270257e+00,9.224322403386355784e-01,-1.335855809018408946e+00,2.378970560831328296e-01,3.468320476856345813e-02,-2.976892859193335017e+00,-1.058800259278208422e+00,5.921146453188458336e-01,2.597695036690982118e+00,-2.209262057606771190e+00,1.273677993196306257e+00,-1.943027081349263607e+00,-7.419360298283306232e-01,3.588469907277028526e+00
5.055127650440327525e-01,2.629656234571724482e+00,-6.377883288215198121e-01,-3.761312886034406944e-02,-6.862059250411677302e-01,-1.928379685649579400e-01,-2.511061667446226053e-01,-1.291202725740891788e+00,3.257007946729138848e+00,1.994446592573486443e+00,-4.047987375311053349e+00,1.031221488792348540e+00,1.279675703023844591e+00,9.621844069167291291e-01,1.036402960193834932e+00,4.404508414328591748e-01,1.106930118016407505e+00,-2.767916464453498371e+00,3.055992572680212849e+00,6.001797009817331219e-01,2.167520434630580972e+00,3.607123997959619022e+00,-2.940677199276391818e+00,-1.441004075431657983e+00,5.517700144581939581e-01,2.127118887766230149e+00,-4.788970475435299079e-01,9.344903659953043285e-01,7.861788154496853753e-01,4.025318740374784987e+00,-1.388426926916759507e+00,-1.289626224756843076e+00,1.881304475694524303e+00,-7.048888874574518182e-01,-6.342355416320584194e-01,-3.422083327076514525e+00,-3.199095515433855397e+00,1.459480385456630058e+00,-3.485796162162833944e+00,-5.750095063841942356e-02,1.592914707855699774e+00,-3.051826908232742497e+00,2.706863239668577670e+00,-1.048691547087936771e+00,1.158588785245422859e+00,-2.324812045257213633e+00,4.475538187414649927e-01,5.719276172341380970e+00,1.937419690086993884e-01,6.972162622320101644e-01,4.023003005929851383e+00,-4.093523374173229090e-01,1.957708429036753461e+00,7.920250764601526328e-01,-4.821935362636434519e+00,-1.094808545425282054e+00,2.318553894195162224e-01,4.268802466688962127e+00,1.101732029917956268e+00,-2.042697629729361974e+00,-8.974270386264388000e-01,5.292034064698507567e-01,-1.828282629235361556e+00,-1.865078825296161202e+00
9.518302715091264687e-01,5.278330869569407557e-01,3.631158799721802555e-01,1.972718895423145824e+00,-2.854724035012170091e+00,-1.256658093044248581e+00,3.375264825185015916e+00,4.916451422773808755e-01,-1.226131860086695724e+00,-7.087275391247669365e-01,-4.851628683781486373e+00,3.175482463647537834e+00,1.474786877231746951e+00,-3.349079740469209643e-01,-4.577635376493105479e-01,-1.496783504096744544e+00,2.578633436574259363e+00,-4.708877876541264662e+00,3.010080781316321730e+00,7.297568483278380480e-01,8.420826938447600885e-02,3.117121431266788090e+00,-3.187394640207837249e+00,-9.032770849441806860e-01,1.521499455351176699e+00,5.592040750869874399e-01,2.131194640250154926e+00,5.489519178251579534e-01,1.428123363374784960e+00,5.299317092971482790e-01,-2.031112883044149386e-01,-3.729010417041001002e+00,1.278808953313128383e+00,-1.322256836326244800e+00,-1.230939882568938160e+00,-3.078058177288011343e+00,-3.106673458486175932e+00,1.182827640647778900e+00,-2.323312728468315491e+00,-9.634487310060760867e-01,6.573175084636486698e-01,-5.728250585209693213e-01,3.614898184659784519e+00,-1.751554189494626712e+00,2.547767654969038009e+00,-3.100560235246980323e+00,-1.582931804740768333e+00,1.532531145280673357e+00,-1.028566156304370427e+00,1.930316693137143158e+00,2.575107750927243089e+00,-4.012583903992186229e-01,2.496319163226277393e-01,8.464351844492439270e-01,-1.386157735743058117e+00,-3.211232881255051907e+00,-1.684969765183398360e-01,-1.167326684253131353e+00,7.482583088934280369e-02,-3.373845090851392836e-01,-9.152552103373956527e-03,-2.404580481798749059e+00,-2.817163622181116711e+00,-1.324949672886211793e+00
1.907973820909907525e+00,3.195464330912586082e+00,-2.440554966310705343e+00,3.969740877031402437e-01,-5.917803784510544673e-02,-1.980868307279000762e+00,1.786456384297790967e+00,-1.564712019146366151e+00,9.210913633266561984e-01,-6.418612281917076556e-01,-3.129589532060536250e+00,1.239844697651318883e+00,-1.969055337145114049e+00,9.971053480516105516e-01,-1.832767076839172837e+00,-1.361507126331642947e+00,9.564701373712636290e-01,-2.809286530914306912e+00,2.389404619421661380e+00,-1.844582083657013705e+00,2.161005887881208842e-01,3.170700618217177968e+00,-1.790451586504423043e+00,-1.654042073986094596e+00,6.526371622593408750e-01,-3.159403112962229088e-01,4.090919229848229755e+00,1.730079598179797395e+00,2.863199526832955755e+00,2.936745083825062608e+00,5.831733663503528842e-01,-3.271869009027264852e+00,9.792450993671124593e-01,-2.755162801629760239e+00,-1.997759750227635189e+00,-1.193542369936860137e+00,-3.216173533737460399e+00,1.851223855818447284e+00,-4.329054481141668020e+00,-2.654879628155733862e+00,-3.564679490295473707e-01,-3.001995778094512346e+00,4.348729410950377350e+00,-2.238209747232478897e+00,4.395277843917800631e+00,-2.364481000744311778e+00,5.764200660541146659e-02,2.369639708308407755e+00,-1.203058342326582153e+00,1.673405645834119104e+00,1.824549069532353629e+00,3.751249725409898650e-01,-5.180698040643414437e-01,-6.840290516103694207e-01,-4.970363684979872687e-01,-2.634783428845443698e+00,-3.682286202408949216e-01,7.418036873218843974e-01,2.945307707740274505e+00,1.433772617287374374e-01,2.382375721616565301e-01,-1.876415077277767463e+00,-2.861649554326620049e+00,1.825975893670697792e+00
2.335553340007806788e+00,1.232186448082771779e+00,7.246045227909116149e-02,-3.541939345257971716e-01,-1.365541407324451395e+00,-4.002885598263415723e+00,2.508938155154752714e+00,-2.578927024625849995e+00,-6.948361248228855924e-01,3.910356529449624530e-01,-4.840830767262050749e+00,1.961674638719945740e+00,1.844659774275885455e+00,-1.838326681560221498e+00,-7.912033853488655843e-01,-1.109992160731897215e+00,1.205709283338542770e+00,-3.965579800954019962e-01,2.040724060521495353e+00,-3.248495902415825531e-01,7.829487940019025372e-01,5.597008124961485365e+00,-2.131386238102966679e+00,-1.000462289318573061e+00,1.145900541387437466e+00,2.069492577542468847e-01,1.738799604377414543e+00,8.525168106506916255e-01,4.042199053255951524e-01,1.315074256117128915e+00,-2.280924664356823728e-01,-2.486141765778463686e+00,1.088993907010668005e+00,-1.576982185729368879e+00,1.933427028912646506e-01,-8.996802014422167204e-02,-2.462920287524667184e+00,-1.410192814985865795e+00,-2.267940584628461487e+00,-7.915548780006824714e-01,1.538410105509676828e+00,-6.221084398756625333e+00,2.266647757632091142e+00,-2.603527378787002355e+00,1.577626983291146257e+00,-4.190094688185721949e+00,-1.024714543355349061e+00,4.804874101470213432e+00,1.377392170398203275e+00,-2.963836871857572497e-01,3.219311449515326107e+00,-1.247598223306387588e+00,1.570877577419746707e-01,2.906381272174840547e+00,-1.595012851477830118e+00,-3.905704023357716270e+00,-6.436194069976854948e-01,2.520930517041055086e-01,1.927938893871440129e+00,-2.015685821916220366e+00,-1.074121132461768990e+00,-3.852577207930540926e-01,-2.567160677241201228e+00,3.382585049050250703e+00
6.513540234424183284e-01,-3.282125469706711485e-01,-6.586966923104121685e-01,8.750807391882273745e-01,-1.512973442456843731e+00,-9.524040073447168631e-01,1.497818504246928528e+00,-1.953261308544757657e+00,2.326301711176840037e+00,-3.960300459071446066e-02,-6.274670301120150562e+00,2.522095709906801542e+00,-1.933901592259757329e+00,-2.215836811620301994e+00,-1.541187872480186405e-01,-1.096754738583074484e-01,6.560740813217840195e-01,-3.893987800519308262e+00,5.535371157190757785e+00,8.800212897929016176e-02,2.310216682023768620e+00,1.598181285952896546e+00,-3.015359003280325467e+00,-6.531106440436855731e-01,9.766815011065910213e-01,6.991278705615507905e-01,1.916555951827847437e+00,1.832617742352550927e+00,4.584127646950720836e-01,9.416605808527845900e-01,2.788957050399023530e-01,-3.460970526451269347e+00,2.294763960807781888e-01,-2.728898297283923302e+00,-1.897170373821778000e+00,-4.938987205147344905e-01,-1.000614658882391872e+00,1.415514483062991102e+00,-1.097077063211308046e+00,-3.387858635967623933e+00,8.445100118993333904e-01,-3.360191721082406602e+00,2.517160058198081973e+00,1.235555552879323837e-01,3.406794858385762126e+00,-1.379434325301092779e+00,1.630025086755743535e+00,3.281209845873637843e+00,1.569888057657851332e+00,1.561372885396341115e+00,2.471914620157858344e+00,-1.830137416100967029e-01,-1.968479527986362054e+00,4.832212713028405382e-02,-2.587048174083680152e+00,-2.696349087539224421e+00,-1.132899378643845045e+00,-1.660705918638870626e-01,1.242743422733139536e+00,-2.407619291376008608e+00,-1.408161545182375352e-01,-1.665298048010342313e+00,-2.059892025186736753e+00,2.462524283976162298e+00
2.168247392991208500e+00,3.243201144361942845e+00,-2.165275018316326960e+00,-7.486004955256708726e-01,-6.052331435101149237e-01,-1.389374600579285302e+00,3.270922475257246109e+00,8.018828665675814538e-01,-7.700168983498564268e-01,3.983577142589184161e-01,-3.210283124134573285e+00,2.070359748573635805e+00,5.832373822237268968e-01,-5.187758336680938775e-01,6.752201928935106512e-01,-2.035009420274801251e+00,2.462080911486946633e+00,-2.079182766093014667e+00,5.696025691111769262e+00,-1.094926516707353414e+00,2.634008525451254634e+00,3.896866598800810433e+00,-1.373120417727882847e+00,-2.149113081017443694e+00,7.554905705410295269e-01,1.004871570710989426e+00,3.368783525518165067e+00,1.366552011684994739e+00,1.388901750186585682e+00,2.654851887390270893e+00,-1.808417225615979840e+00,-7.590236436843125212e-01,2.900274629721045550e+00,-1.019045405938372229e+00,9.476868852800635068e-02,-3.448749784478430502e+00,-1.218894380341472017e+00,-8.838472243590069777e-01,-2.649898444820733889e+00,-1.539441872682187018e+00,1.487160982157053057e+00,-6.737551321241776137e+00,1.828914506290111541e+00,-2.106391295398599262e+00,6.933291708321345226e-01,-3.333425489414917564e+00,1.804862827026594285e+00,3.293898294261474735e+00,3.112239249959973808e+00,2.317797071437418754e+00,1.894786023486316751e+00,-1.548940205710779283e+00,1.563678634542660095e-01,-2.262791832667230718e+00,1.261895750686734541e-01,-2.477645673260516990e+00,3.900879408566966244e-01,1.337742892657023397e-02,-1.352050634218584513e+00,-9.317439304617425311e-01,-1.725387237575063848e+00,-2.312598892605657763e+00,-2.712511280326666885e+00,5.300910063711290476e-01
-1.139126989649302146e+00,5.712180980932024532e-01,2.850921213875987625e-01,5.447770428191320846e-01,-3.022058081604613200e+00,-2.217439327135555249e+00,1.138215754910889110e+00,-3.654873637393043495e+00,6.236291952102771541e-01,2.398648887825737541e-01,-4.206696365145932148e+00,-3.094404944270909841e-01,-9.632718655263939889e-01,1.668184683120971457e+00,1.822784445900192063e+00,-5.340065712404648002e-01,1.232543274042331660e+00,-1.157223557210563358e+00,4.696242837780826740e+00,-7.883825653316560711e-01,-1.226548983655681102e+00,2.977542212727589011e+00,-3.946521674252771561e+00,-5.319812803629012876e+00,9.667006633468506749e-01,-1.384829809610548024e+00,1.405943987462591860e+00,1.310175621741707763e+00,3.120593998952102766e+00,-6.708255121731996340e-01,-3.266842837428796109e-02,-1.386545428083759912e+00,3.205324494737245011e+00,-1.540913578015108865e+00,-9.744586188126308501e-01,-4.039724040970300578e+00,-4.048867269193419105e+00,-6.496042147156562141e-01,-3.647720432509564681e+00,-2.405665901037624010e+00,6.784155458071128297e-01,-4.906536628838274794e+00,3.036542496428030535e+00,2.766794421076390620e-01,3.570204200215688850e+00,-2.107109147721311970e+00,2.501596376033011548e+00,3.131795298262459504e+00,-1.525263052017710175e+00,2.158029178477384846e+00,-5.737110586979499161e-01,-1.205748115106047402e+00,1.248083096344708265e+00,-3.022303328153320146e-01,-3.430853040693126577e+00,-3.230118820346132846e+00,-3.987418969678551695e-01,-1.138929377926942932e+00,9.740892580868486528e-01,-1.474105234440314272e+00,-1.577872827179052750e+00,-1.345617079076661060e+00,-2.679913061796635798e+00,7.297276999391594243e-01
3.097553830686646137e+00,8.078521578106949708e-01,1.110513514839187865e-01,-1.659309320311210367e+00,-2.119316252842750714e+00,-7.250372905380912947e-01,1.354154033238378130e+00,-1.799948491228209990e+00,-1.435619984807070537e+00,-1.395741445161961414e+00,-3.364132890955847444e+00,9.560711056455722945e-01,7.881587431859674586e-01,1.523069646544766176e+00,-2.274157547455895045e-01,-2.213371105547608853e+00,-1.668013531074695521e+00,-3.786621666512801632e+00,3.569856938048078465e+00,9.107524030282083682e-01,1.966714983524654015e+00,1.694740013615396945e+00,-4.152064749899803786e+00,-1.133325036049535939e+00,1.959272252513054813e+00,1.216194223294058130e+00,4.929900320445979034e-01,1.808267992180402572e+00,1.038318561498288606e+00,2.367570667548900332e+00,6.002341533963997389e-01,-1.459760688121355177e+00,1.242901599267817181e+00,-3.584607297941609927e-01,-3.099949183546975906e+00,-9.731390285555354680e-01,-3.687015968103940278e+00,-1.034155446374058318e+00,-2.316505721937515805e+00,-7.576644822844005311e-01,2.006465244415596594e+00,-4.155053012140553115e+00,2.817112108885750477e+00,-2.488170049189252886e+00,3.256171719041589974e+00,-2.342701063664831551e+00,9.921506457761483100e-01,3.103074001508768109e+00,-1.294062366153412524e+00,1.575159648900622766e+00,3.061785203025016333e+00,2.117598094393827513e+00,-2.831440501512568986e+00,-1.477666355829986733e+00,-2.225386432927596303e+00,-2.362735019514248691e+00,2.297437628461761472e-01,-4.520052577542578165e-01,-4.293632475569939544e-01,-2.782011310842107399e-01,6.704363944039670731e-02,-4.614910295494325077e+00,-1.711755357566578262e+00,2.909346815552710019e+00
8.425210150147097732e-01,1.826126989491598573e+00,-1.961877072469489836e+00,-1.892243860737158778e+00,-1.077112900691872266e-01,-2.340381702795898633e+00,1.742904404747508629e+00,-2.408608843403107880e+00,1.680724563479699230e+00,1.493172825072452081e+00,-3.299074563376864333e+00,3.693430209147927634e+00,3.032382360520667230e+00,6.421906534027232993e-02,-4.214505787311286777e-01,-6.186252950588815303e-01,1.150959646430271377e+00,-2.277740140760426968e+00,2.406221442797911614e+00,-1.490393443877915391e+00,1.914737642518948846e+00,3.241194450977696651e+00,-2.352891353069272995e-01,-2.053341073743155665e+00,-3.025408699437006632e-01,1.133593845619401463e+00,3.951561696063492501e-01,2.084462349588662278e+00,2.125074863954482751e+00,1.352854438673663839e+00,4.392785361676070366e-01,-2.564045871003149291e+00,3.185385467092164191e+00,-2.840996213185376540e+00,-9.124082701498069659e-01,-3.061689885188482840e+00,-5.056890139923284622e+00,1.131878860441817708e-01,-1.540076567210078018e+00,1.221586955094231541e-01,-1.225572235939191623e+00,-5.359436948908898657e+00,2.479335630352994091e+00,-1.550194490592005536e+00,3.448794251960099366e+00,-7.159653329757140749e-01,-5.783976401741974804e-01,4.244828777469300540e+00,-1.073826552198763107e+00,7.102905470697635781e-01,3.080234801334546191e+00,6.814267509458441507e-01,-2.407089428298149203e-01,1.572777418902636004e+00,-2.771874394543109688e+00,-2.568108644174757149e+00,-1.265127889498909752e+00,-9.584998630076349002e-01,5.600210973051519270e-01,-9.074977240704984460e-01,3.516853099852282893e-01,-2.259580068077762238e+00,-8.712188566887587582e-01,2.349751128041415171e+00
7.075188299924034530e-01,9.478913117217504514e-01,-1.036086561077253165e+00,-2.108261098893761121e-01,9.010608358406932972e-01,-2.398210680322562460e+00,2.170539826030445152e+00,-1.189954128508654119e+00,-2.270407971131995772e-01,-2.208359514380722199e-01,-1.478312067519732098e+00,-1.133758902949559833e-01,-3.759328297754803705e-01,1.321529615646561684e+00,1.529559049215033717e+00,-2.341465325497823713e+00,1.709627303101328044e+00,-5.560375091727192132e-01,4.873261825432154914e+00,1.520490258014366880e+00,5.592983557219651791e-01,1.421949517646633909e+00,-3.099075694808667070e+00,-9.576260140964021339e-01,2.678281027179607587e+00,2.575253806777123788e+00,4.210578899791581620e+00,2.645319703337793982e+00,3.835286183643338731e+00,1.452221375006091053e+00,-1.141644962705767874e+00,-2.126009011867448173e+00,2.530869288719953758e+00,-5.462172915948082519e-01,-1.886980313335748560e+00,-1.383507364962962338e+00,-4.366596708495423584e+00,2.213850611444201366e+00,-3.847303144593327673e+00,-5.874806199025075504e-01,-2.266263335716607763e+00,-4.331891381956017639e+00,3.583278946300813228e+00,-1.330366324065994421e+00,3.496526516321788680e+00,-3.895297633508797652e+00,1.872886806220822375e+00,2.855914574090468783e+00,3.877783062882258491e-01,4.148407915010755787e+00,2.782414326139825089e+00,-2.165457705801049626e-01,4.580868957930132601e-01,1.611335940730596050e-01,-3.006270771247117501e+00,-3.271766562934951494e+00,-2.339427528736008455e+00,1.679821711333856271e+00,9.593518791802365664e-01,-1.983867375092950525e+00,-4.881026417803905337e-01,-2.271448148067121586e+00,6.647022720826063491e-01,-1.808009535764083520e-01
9.818605648251680362e-01,1.746309607987049262e+00,1.418533123747840241e+00,-1.468206413533481580e-01,-5.361448054639429417e-01,4.192017738554316697e-01,9.257668472800111292e-01,-2.352971290450878605e+00,-3.741296941361118567e-01,-5.391245668059539975e-01,-5.586280250776535894e+00,1.557440030851005242e+00,-1.894512541788585969e+00,8.916431531836288560e-02,-3.161236944317934450e-01,-1.475222209565609788e-01,1.053634003176723510e+00,1.722851187156788200e+00,3.842380745953135612e+00,-7.577062266561220838e-01,-7.805041722869383580e-01,2.420071481812079650e+00,-3.110729215577234363e+00,-2.659223398466930011e+00,2.455026761097084620e+00,2.432788359428081915e-01,1.921228074779249839e+00,1.890840177523629206e+00,4.108289178702408506e+00,2.425814152701849302e+00,-2.699510311064732271e-01,-2.545732568665453943e+00,5.187641890842173975e-01,-1.085243143321671377e+00,-8.541765896080945053e-01,-1.781336880688301649e+00,-3.080557533762098732e+00,2.248308562666714305e-01,-3.734772358503268386e+00,-1.544299719124345716e+00,2.068003602108419159e+00,-2.767120270871550769e+00,5.134304619096186073e+00,1.100742692713926552e+00,5.100631765840338616e+00,-5.164886460004282753e+00,2.046477873825362781e-01,3.187273459377427898e+00,-1.512011059312828642e+00,2.618960400749180017e+00,2.782000440123527429e+00,-8.620127461053285201e-01,-8.005534455648034564e-01,1.443149119403348557e-01,-2.491495605077381548e+00,-4.640521324806620385e+00,-1.318978637677314047e+00,-9.937329178913543171e-01,1.707371577254727768e+00,-2.397593359466165808e+00,-3.103322782653375467e-01,-3.245355883309980705e+00,-2.413279836804682610e-02,1.399180156844741063e+00
4.075384552052597087e+00,2.269082752612314735e-01,9.454953695586395535e-01,-3.042930045402663097e-01,-1.566573133415717134e+00,-1.032869638234044096e+00,1.271206902717092468e+00,-2.681509424646783213e+00,2.106381634096200273e+00,-8.152996412814191851e-01,-3.487295639014287740e+00,7.103274541798378916e-01,4.211101401610246042e-01,-4.476103970719886860e-01,-7.656250760835450198e-01,-6.896800123220137024e-02,2.113896116925868540e+00,-1.228863314213510582e+00,3.384955326080621774e+00,-3.364003833371309593e-02,4.962897932694936842e-01,5.131766316514770665e+00,-1.876325564439760951e+00,7.311272292643460347e-01,1.321468844118167674e-02,6.787759402902708850e-01,1.755754988292165697e+00,1.937078538546462170e+00,2.744350932193146964e+00,-1.312320067853317784e+00,9.801317537259510715e-01,-1.627260068967969042e+00,3.960737798368987317e+00,-2.444975521378036643e+00,8.313053088846034111e-02,-4.019927733438563244e+00,-4.171677174703162905e+00,-2.283652407460786460e+00,-1.680610895115342451e+00,-4.990321043308288962e-01,6.345807705412338517e-01,-1.260274553266654607e+00,4.717697646955303803e+00,-3.028718077700582878e+00,2.722954802173245703e+00,-1.809446775770710669e+00,2.190612435899098376e+00,1.757776322015924597e+00,7.200004229425357449e-01,-1.091296850278387076e-01,1.222112500880166097e+00,-1.488645987541274529e+00,-1.001074760507225658e+00,-1.458219160214946908e-01,-3.918383229548732860e+00,-1.921428757611543414e+00,-2.860607817440370404e-01,1.726292381543922172e+00,8.585739444791327113e-01,1.396423982706765710e+00,-1.209290876986300445e+00,-1.847712625304439138e+00,-5.301523780991346246e-01,8.861600945261214335e-01
6.211435010492587505e-01,3.281505900854167823e+00,-8.310195218518690030e-01,1.865235006918182226e+00,3.740984910187763468e-01,-2.808893407800425734e+00,1.700603199212035399e+00,-2.186663976900157458e+00,1.648976419978966379e-01,-1.264810850147974453e+00,-3.550330752931712741e+00,4.052564084485945628e-01,-1.020537254571300123e-01,1.336552800560348864e+00,1.270783436380379605e+00,3.495123133303935647e-01,7.308477002433424463e-01,-1.457595912273957905e+00,2.778118946985543847e+00,-8.441406483184719090e-01,7.637112856324697052e-01,3.403533618095998747e+00,-3.319143132182523548e+00,-4.146427898412815338e+00,-8.161212722390676078e-02,-4.427183786773738472e-01,2.548661971333177512e+00,1.628268591163923862e+00,3.301630916156037987e+00,1.474346124324200646e+00,1.667749180704645173e+00,-1.996193265028252561e+00,1.222433552361725795e+00,1.797109341020463269e+00,-1.125990615616331292e-01,-2.369505768559098335e+00,-3.917684806300520517e+00,6.105709912873586581e-02,-1.132745283238649314e+00,4.199103728955932979e-02,-1.406606115690152814e+00,-2.631151089511313046e+00,8.385563727888714070e-01,2.550592446628894283e-01,3.627613873256705812e+00,-2.283612118048592876e+00,1.846890679143969427e+00,3.111907565012720145e+00,1.748593593415987746e+00,1.063707605237162124e+00,2.439905677924992133e+00,-7.939558927825546286e-01,-4.168888184477246850e-01,2.048567654150211137e+00,-4.440568877210914422e+00,-2.596820438303858669e+00,-1.202585699453193602e+00,3.322583942865968698e+00,-1.253524555391909878e+00,-1.639386610455276116e+00,-1.110526761982828514e+00,-2.746561216886691081e+00,-2.802952028390842898e+00,-3.051934982499024951e-01
6.223943078473679336e-01,1.901261291699056111e+00,-1.394533877895491880e-01,-1.175042836228401555e+00,-1.251095725578990070e-01,-2.209529094890434475e+00,1.911559657431988413e+00,-9.205803848038061066e-01,1.047603602301639514e+00,1.651758106561874051e+00,-4.363415588755889196e+00,2.939298219157573833e+00,1.704694774375669519e+00,-4.810394411378480228e-01,1.074236035303965053e+00,3.470225514597060634e+00,4.644408192928930035e+00,-2.422185761802505777e+00,3.803293688762317437e+00,-3.959696686039900992e+00,1.937581219635678975e-01,2.270054484297463482e+00,-2.316530189192591127e+00,-2.518180650696420386e+00,6.601444268437561824e-01,3.677975671806977598e+00,1.783665862411994762e+00,3.520528149053999689e-01,2.991527846689976400e-01,1.370776801633372344e+00,-9.139225292948209844e-01,-6.839056805761063451e-01,2.231748222705727258e+00,-8.530946319470602557e-01,-1.057355666481216927e+00,-7.287689219223465464e-01,-2.631659996586641181e+00,-1.689299191522251942e+00,-1.548320366669239778e+00,-2.041797384418956973e+00,1.904456272392623661e-01,-2.476924001192219560e+00,1.505728235183965147e+00,1.222653236226447504e+00,4.118198356453754982e+00,-1.389159433345918959e+00,1.246516542080235102e+00,1.820648626508782231e+00,1.975809979029061192e-01,1.822337237396468801e+00,3.425523553373476471e+00,-7.006212124273610842e-01,-6.717135941544060129e-01,1.584166589503627209e+00,-2.114723441818943783e+00,-1.719849809582228772e+00,1.311762227149509963e-02,4.003826041618908649e-01,1.292727645429253780e+00,-1.364849522287071570e+00,-1.720946146941316313e+00,-1.764675699619178140e+00,4.926506497426514919e-01,1.700363671209573990e+00
-1.841500728597228242e+00,1.623902149527700844e+00,1.371363789320396709e+00,-1.696073836970805271e+00,-1.833420618693395454e+00,-1.281056566549365172e+00,2.563928003360945951e+00,-1.335618802566224117e+00,-1.365511644199406960e-01,1.160584885262974320e+00,-3.240767963380946082e+00,2.497910444719401823e+00,-5.699582102387705795e-01,7.958193673463341833e-01,-2.433047233445816415e-01,-1.831121572470251757e-01,2.494412702449650965e+00,-2.848117122040564997e+00,3.990526789381620976e+00,-8.582355006581261492e-01,1.606018263793277612e+00,2.373667466014047989e+00,-1.103020823054122745e+00,-3.045471740194559906e+00,2.041676435459313765e+00,1.062416414531736741e+00,5.818713628247338399e-01,1.855619139939974627e-01,8.467980672313430990e-01,3.416414245433996744e+00,-1.760320065453113036e+00,-4.979292140172285386e+00,1.475887255011560928e+00,-1.809161703827175005e+00,-1.480874549094097770e-01,-1.086754855575727818e+00,-3.345658216149332898e+00,7.887682508487722233e-01,-8.544361529966355562e-01,3.521000298195320344e-01,-1.574930194842832032e+00,-3.120092213059315611e+00,1.474656732793730773e+00,-2.502973911068503199e+00,7.329328518290787464e-01,-2.575539461631474847e+00,8.188703626161077942e-01,3.432109270024676029e+00,-3.851339057962103185e-01,1.070586438993419431e+00,3.459954880434843894e+00,4.860839842887179074e-01,-1.398783089779863653e+00,2.443875730514022404e-01,-1.164139586293452044e+00,-2.868113090884896188e+00,-3.766477222852606666e-01,5.744376849330484758e-02,-1.369848482810522849e-01,-2.483780383912852940e+00,2.559257442755284107e+00,-2.460336548694413317e+00,-2.871948409571343230e+00,-6.322504515915221557e-01
2.771594745849871977e+00,-1.469841057700302933e-01,8.846913638355763387e-01,5.567379470674895803e-01,-1.261438235681060283e+00,-4.600472978457272877e-01,2.838303539535609321e+00,-1.446862756801067018e+00,-9.244391398901929957e-01,-1.079730139797850708e+00,-3.843822962666046728e+00,1.139836567683899293e+00,-1.879432728335008185e-01,1.321949651632301492e-01,1.284974990399146755e+00,-2.161592726229287997e+00,-6.859282441400329500e-01,-2.744512952052821309e+00,5.208927113720002389e+00,-1.658173481342837263e+00,5.094148841294449115e-01,3.394172818964015459e+00,-7.045561858226985219e-01,-8.259169144391558248e-01,9.060865431204938591e-01,4.630135300735707116e-01,1.284321714864908870e+00,2.005934805411239363e+00,-3.418552886164980542e-01,6.670977197258438629e-01,-7.940071525522431894e-01,-3.730807625267710481e+00,2.259536062031955783e+00,-8.708138390304311915e-01,-7.971396679006348407e-01,-1.129793611162938971e+00,-2.523419889077668010e+00,8.474798589284070482e-01,-1.257193850640703436e+00,-2.448206635816833732e+00,9.969214958609464716e-01,-3.300664345842434511e+00,4.555625545666756260e+00,-1.856370913450754223e+00,2.214938509791682275e+00,-2.411432564126378519e+00,1.283115468977036322e-01,7.728559803743348944e-01,8.619850514252533347e-02,-4.394692544073697249e-01,2.559768843479284683e+00,-2.549000848059758795e+00,-3.153409468645915759e-01,-2.054435173878340626e-01,-1.290691502279620595e+00,-4.009849018141991017e-01,-1.894043252740464034e+00,5.690726808155321947e-02,5.801980276581923945e-01,-2.322486806318699859e+00,-2.605224772252958232e+00,-7.210562219445360022e-01,-7.924888569815065065e-01,3.173769796066218341e+00
4.139945434115949174e-01,3.890770110687516770e+00,-1.270192786307051458e+00,5.893751947752732256e-01,-1.951888839854597490e+00,-1.963584282539163395e+00,1.828222980762438832e+00,-1.224702411963564774e+00,-7.433719570634834684e-01,-1.810082607975719071e+00,-4.335887392131637874e+00,9.150042434228621291e-01,-6.271312384777321114e-01,-7.218600831994428368e-01,-4.331402801907692224e-01,-1.667567474315239107e+00,2.925399696637593472e+00,-3.504889948517801557e+00,3.657261887582426763e+00,-1.908465459425656263e+00,1.239555194150525619e-01,2.131005858986892321e+00,-1.497903451803704211e+00,-3.551504397597883056e+00,2.569396242059296398e-02,1.446111369928395174e+00,1.432136025663770074e+00,1.779170333408683469e+00,1.889868116883257398e+00,1.257242381931364728e+00,-2.032118675575256717e+00,-4.203112398152516249e+00,2.306703113955443918e-02,-2.061865106988693519e+00,-1.791149430222546801e+00,-2.436519202217939384e+00,-3.080385648434798451e+00,9.379439829740910950e-01,-6.955720578068360638e-01,-2.182343898966851548e+00,-2.410587525450731405e-01,-2.622761977090324770e+00,3.961663395387430509e+00,-2.612691518415688474e+00,3.581381482200942212e+00,-2.803970062304927069e+00,8.753070036941248411e-01,3.353346255976688450e+00,1.372320651341539799e-01,1.127176069821300031e+00,8.582354649189158913e-01,1.436676939986308188e+00,1.098271340471419055e+00,1.043015844716734253e-01,-2.204394039844310704e+00,-5.453658813419291818e+00,6.978961730575912181e-01,8.360021530550184599e-01,1.431125648632187941e+00,-3.400212297360267755e+00,-6.759046917295513657e-01,-2.535864978915450596e+00,-2.155405399835225833e+00,1.336327773291048793e+00
7.642849405846737776e-01,2.440482888177721854e+00,-1.539259747853211735e+00,3.108251000082136173e-01,3.968236129831919090e-01,-2.908537262738336793e+00,1.335860997969004593e+00,-1.546628645287840609e+00,1.295564388061386962e+00,-1.105743795556217046e+00,-2.366870211332781082e+00,1.018933387448945904e+00,-8.681830365336001831e-01,-2.272900242319757957e+00,-7.973776574184638921e-01,1.373512914040764477e+00,2.656886940852218881e+00,-1.939097678232157396e+00,2.918200644101884400e+00,1.710337614808920215e+00,6.157326298618320815e-01,3.603420293011132536e+00,-3.511158280937103360e+00,-1.539031365866222911e+00,1.038482549155703483e+00,3.770564856461039227e+00,1.961398082291808898e+00,1.070805553299757795e+00,1.522971251721038977e+00,2.938783865764646563e+00,-6.457053260355444246e-01,-4.345529067341987073e+00,3.191175348627264707e+00,-2.286155855532955083e+00,4.792484384055999413e-01,-3.081519386723305942e+00,-1.624638504154099383e+00,-1.043713559116973943e+00,-2.643728941250666153e+00,1.239424888515400003e+00,-8.396170672962244286e-01,-4.690923944856112193e+00,4.302434836395341300e+00,-2.235845571911618368e+00,2.982249170965054486e+00,-3.396189465790814488e+00,1.555637425884111025e+00,4.406277722367765826e+00,4.479793789830796014e-01,7.539157310170396809e-01,2.075174540097881604e+00,-1.934623455068001097e-01,1.325927701126709213e+00,-1.717481899712350879e+00,2.552418574177439670e-01,-1.885450433701499229e+00,-7.095337142897482074e-01,2.503040963223886806e+00,-1.216306577451739646e+00,-1.272410094486995824e+00,-2.084896576275293290e-01,-8.862753457980039329e-01,-4.411155085364999451e+00,1.737937576725220090e+00
2.062744533804367286e+00,9.539306436599745975e-01,-9.474576710364769339e-01,-4.457129738189258283e-02,4.444931622648200520e-01,-1.151237185717763012e+00,2.110622596577157672e+00,-1.724940447701442503e+00,-9.910882496064654656e-01,-5.636958812427896870e-01,-2.986444570607592830e+00,1.583831794692127204e+00,-1.248351122739667640e-01,8.799869891057060522e-01,1.457693537965531583e+00,2.460534287914486473e-01,2.258851906500266793e+00,-2.251196273769363376e+00,2.334138023464446654e+00,1.492476948792307301e+00,6.274707667770954567e-01,4.557599804209559125e+00,-1.731899354504365718e+00,-2.018733043032960417e+00,1.125403570159190680e+00,-3.098195684105488068e-01,1.563642959738785310e+00,-2.864667655060142426e-01,2.549106288864915637e+00,1.965385106610312738e+00,-3.516390260427592285e+00,-9.649066976056781542e-01,3.988284488028441821e+00,-8.761169815752029022e-01,-1.973743283051620168e+00,1.264858507634991414e+00,-2.545533947014804177e+00,3.683056913957414302e-01,-3.496774853012337037e+00,-1.218452741284979046e+00,-2.569986355348359730e+00,-5.491313973045808261e+00,3.378331172343803424e+00,-1.872898343888090178e+00,2.509804647962889046e+00,-7.698158051888284170e-01,-3.351822997001813187e-02,1.919087803954769855e+00,-1.950527018458651618e+00,2.729809976521190951e+00,3.419129067259818910e+00,2.273904496595470892e+00,-2.032358745105244946e+00,-1.231514121688662255e+00,-2.304230468072543836e+00,-1.076945819550374051e+00,-1.023000979943662347e+00,-1.418219120382005149e+00,2.463450720046863385e+00,-2.760132139021392206e+00,-1.409705371769844229e+00,-3.348974670335044035e+00,-1.209159760401942840e+00,-1.583515277042097935e-01
1.983837420033495391e+00,4.348699190839274920e+00,3.814033929498334974e-01,-2.664734991758078930e+00,1.459225181681481853e+00,-4.770895036677409884e+00,1.136567747537994943e+00,4.785580384337502213e-01,7.258155458496141632e-01,-1.802969888132626597e+00,-3.297336576263766084e+00,5.699230925019023175e-01,1.453472489624307418e+00,3.208940486189418628e+00,2.525770276989567353e+00,-2.259727494411356119e+00,2.590246317624822492e-01,-2.127090592341618347e+00,2.992283177602779620e+00,-1.333977959280845615e+00,-1.764958013812398807e-01,2.791661282315407888e+00,-1.705461886789383374e+00,-2.998944128509623663e+00,1.024145474150887525e+00,1.211735032550464553e+00,2.712580494908754858e+00,1.138846669193895877e+00,3.179754411295539818e+00,2.824682502670970319e+00,-1.216324876269114785e+00,-1.390047146797347200e+00,1.698479180537637134e+00,-1.349227909506119261e+00,-1.938498208171953063e+00,-7.948341787047052964e-01,-3.312197880164329256e+00,4.411635069923397490e-01,-3.329075144490459159e+00,-1.658334380599901792e-02,1.283967783719736300e+00,-1.808241931712225581e+00,2.911683061485489166e+00,-6.632796667404150526e-01,2.762785023660555783e+00,-1.983455162788414494e+00,-7.479191214872098481e-01,3.112594140449392199e+00,-2.690356317289763766e-01,3.945284764173635939e+00,3.892602123834904226e+00,2.369733290474949072e+00,-3.306519567499081713e+00,1.014083438633471834e+00,-1.855275708640815591e+00,-4.881040839454536595e+00,-6.802117474411590869e-01,3.792587121083016433e-01,8.550056062180000360e-02,-1.867304197193835780e+00,7.926996639975900649e-01,-1.208383829998020520e+00,-4.632715392412428912e+00,1.538137484828772106e+00
3.589189382243331838e-01,2.125037723379278543e+00,-1.763582271766426013e+00,3.075794427739833026e-01,-1.438171777171340038e+00,-1.759410270411482458e+00,2.896509333541215980e+00,-2.855991001368320958e-01,2.916311495644098306e-01,1.522693861727539566e-01,-1.469218776732234666e+00,2.639706136712183238e-02,-2.016841037062601760e+00,-4.131214531566165249e-01,-1.850496538223695531e+00,2.682072748414995544e+00,4.400344434368157476e-01,-3.687186886833634603e+00,3.903528770410107374e+00,-1.612408713875352451e+00,-1.607315742106950829e+00,2.155809298584057565e+00,-1.383205266492800734e+00,-1.612534307560505198e+00,8.912401555130569086e-01,-1.662825757949488725e+00,1.591382118122356859e+00,-4.295009491318511063e-01,2.999543644347599791e-01,2.418269411626771781e+00,-1.029295736488944346e+00,-2.123977574046309158e+00,4.649238360193721498e-01,-2.242302209771589894e+00,4.969622360632870439e-01,-1.738507987249015008e+00,-3.318244620024596525e+00,2.096528805085136504e+00,-8.839367619056297531e-01,5.518401229063507607e-01,6.739250346621122878e-02,-2.617968730333915417e+00,4.376789968814149390e+00,-3.964415384961313960e-01,3.815191280784504091e+00,-1.162458981338322817e+00,-4.636411066935575143e-04,3.383924919024613231e+00,6.409348063059483458e-02,2.067882545879620615e+00,9.201813155062779082e-01,-7.206033523522874518e-01,2.059566325970180856e+00,-2.160347468677797700e+00,-9.406597155104656771e-02,-4.581320730417356657e+00,-3.804385715231785703e+00,-5.166428309365855842e-01,6.064543305276192120e-01,-3.021048522138321868e+00,-1.511255565750210472e+00,-4.202920089696360328e+00,-7.625669153606339234e-01,-2.032904905030230580e-02
-4.324167424720313235e-01,3.946357168207568655e+00,-1.093108268266342609e-01,-3.907496413831976212e-01,-3.789192864314562037e+00,6.612814491124427985e-01,1.040746489924568641e+00,-1.853364454629335079e+00,2.326188819312442035e+00,-1.921592981776805986e-01,-2.902149831183041595e+00,2.244543855545738431e+00,1.769031444633147321e-01,1.761392888241593457e+00,3.740341188053148080e+00,7.261217226724969720e-02,2.120701800655880209e+00,-1.851047783754822484e+00,4.275931640572871117e+00,-5.113383686814072515e-01,2.154335691170714107e+00,3.612954375354890502e+00,-8.520208436854317391e-01,-9.176871072662877715e-01,3.353296149955260042e+00,-2.557786138899172945e-01,1.697483867804278734e+00,2.899182521266288060e+00,1.774599884830324825e+00,-1.941450723852751192e-01,-6.681945081312858914e-01,-4.783298418042539524e+00,1.110436671456138003e+00,-2.186469693125409286e+00,-1.556103330762040216e+00,-2.016486301394088354e+00,-3.164816025748179218e+00,2.541246662529658140e-01,-2.556901768768507388e+00,-7.223663805769428015e-01,1.981608150738039420e+00,-3.803434050775947650e+00,1.665110689125522292e+00,-9.102861203075033325e-01,2.994832750051474868e+00,-2.122534321807472146e-01,2.090115525210406666e+00,3.951822807764501455e+00,-1.838507657233512949e-01,1.224080908662091627e+00,3.646559300057048425e+00,-2.990737600845534971e-01,-2.090952369761255314e-01,-8.809442562990772441e-01,-1.447148589843434419e+00,-2.562472033070962940e+00,-1.034091271651363941e+00,1.429023150040238832e+00,1.407474053668676284e+00,-2.025199249177867866e+00,-1.265091973851592222e+00,-1.564649342004731380e-01,-3.463718296210225311e+00,2.266460343934543431e+00
1.557687133725258688e+00,1.379395161088670552e+00,-6.876756805517129090e-01,3.153454328907745463e-02,-7.107804164304842853e-01,-3.193572165676379804e+00,7.699657585467498677e-01,-1.257179526393297220e-01,3.602189957947947718e-01,5.127717933542217388e-01,-4.041215843818926956e+00,6.276098646313539309e-01,6.945809563641150430e-02,2.598821053431218941e-01,1.655374801106777705e+00,3.020690734804027056e+00,3.567115111232995073e+00,-8.696435533897490799e-01,4.179338308865115259e+00,-1.996320775479582643e+00,6.277941499772800027e-01,4.016300882346444112e+00,-1.326989885729864760e+00,-2.149716242052079895e+00,1.025274533149603151e+00,7.649654007846331538e-01,3.320152241283953920e+00,1.638606358183410272e+00,1.550090243072911100e+00,2.935554653173797490e+00,-3.280002887739163153e+00,-3.322756280312197052e+00,1.132482519653036368e+00,-4.968366437502469424e-01,-4.044730870260159206e-01,-1.526816402975072151e+00,-3.248584377091865871e+00,1.164430953085197951e+00,-1.802466947893695215e+00,-1.591004679119822907e+00,-3.719053513984529324e-01,-4.240586231890231872e+00,2.451416119574767905e+00,-3.258198690789256169e+00,4.941288859742523520e+00,-5.938183465825155327e-01,-8.432203567494553909e-01,2.737774026286135420e+00,1.286953720367757237e-01,3.417802462932361784e+00,4.233282418202906960e+00,3.498116580253352037e-02,1.400453456852516210e+00,6.205508007972031503e-01,-2.254719598296149652e+00,-2.694822013284572382e+00,-1.557405489237524199e+00,7.532376092652224298e-01,1.866140375459890421e+00,-4.811913000847189537e+00,-1.262094853666361427e+00,-3.215722348982881673e+00,-3.002315781141847939e+00,3.774341110753369755e+00
3.997701092788054078e-01,7.294000253856500748e-01,1.382315735974038118e+00,-1.311934359560392505e+00,-1.824833356498332337e+00,-2.413524245903651888e+00,4.057270823716649932e-01,-3.901757806113780092e+00,3.050591240321047781e+00,1.342171588683044869e-01,-4.242824097497448044e+00,1.350977315719029903e+00,3.116181803482812596e-01,-8.299388134018372831e-01,3.189397141710831551e+00,-8.859971231771986977e-01,-1.380454212447590479e-01,-2.067946257978984903e+00,4.002893161409177836e+00,-1.846512444464980973e+00,2.913643947316991500e+00,1.387711603166232655e+00,-2.919258233565404925e+00,-3.096519181611040228e+00,1.141592215604613436e+00,1.824934271846798017e+00,1.776137827608390340e+00,1.344302728930566682e+00,9.599728389021607855e-01,2.424123854078703566e+00,3.891698230826037275e-01,-2.348542951317616811e+00,2.338886180658873215e+00,-2.780720972259210555e+00,-1.125792168785161973e+00,-8.353162693671549732e-01,-6.429545141886867654e-01,1.155812691904679390e+00,-4.055056959270948447e+00,-2.161749843338253152e-01,1.076767433288877918e+00,-5.197182227598127646e+00,5.573779256274540295e+00,-3.219141791912794925e+00,3.506495496928606848e+00,-2.747568882823367975e+00,1.450135759274937985e+00,4.584447903945028102e+00,9.185033999537244309e-01,2.338347362492803505e+00,1.197587870420872891e+00,-5.607786159714562846e-01,3.541257486354201789e-01,1.663645528136812324e+00,-2.589615736417294478e+00,-2.572283339681964431e+00,7.564870285077369694e-01,1.960235461188020389e+00,2.492274968115610445e+00,-7.180892451994214110e-01,-1.054234798171819198e-01,-9.048045936001444245e-01,-2.022831678483352214e+00,2.826603104922018161e+00
-6.209588285705094357e-01,1.104775802825368913e+00,-1.842118850422280074e+00,-9.643843425789673240e-01,8.432583500105703678e-01,6.136874911465668436e-01,3.130002093595206425e+00,-1.882486154542594381e+00,1.065274761926088942e+00,-2.114472060330356840e+00,-3.538362823535298851e+00,5.262929337616761849e-01,6.241901333781467720e-01,1.719600249274161108e+00,1.129046717087414553e+00,-3.515202543138587488e-01,1.857889846506729725e+00,-3.339537562896978784e+00,3.618324526125783702e+00,-3.737565086534555547e-02,-4.586667969247788523e-01,2.196799364196006188e+00,3.900543921367374267e-01,-2.987451885033359567e+00,2.036359724793904480e+00,1.471318999366859170e+00,3.582473189208466913e+00,1.120461089877901273e+00,2.959863294083678653e+00,3.782920574386988477e+00,-1.613920744621072600e+00,-1.732419868659572648e+00,8.594338299235340095e-01,8.765299408652125202e-01,9.504544797586631510e-01,-2.201698022033797386e+00,-2.365401267883435299e+00,1.584936593296279339e+00,-5.283534918526116009e-01,-1.333407374789977728e+00,-1.202693390422720388e+00,-3.123219460660465963e+00,3.912938936649187127e+00,-7.749583445450409780e-01,2.675805327414656265e+00,-1.817741266797024080e+00,2.432734447817265444e+00,3.638636683082862255e+00,-2.540891984636065026e-01,3.091984920270731685e+00,4.163030371152157016e+00,7.246564996176234619e-01,1.238089290620420613e+00,8.933500990994591717e-01,-2.412726318253078706e+00,-2.597690345450448746e+00,3.742786800834063676e-02,-2.043421694961640167e+00,6.751917895236699829e-01,-5.327870214980027441e+00,1.692682642320491038e+00,-1.011771193917354150e+00,-1.787334797767653249e+00,1.469156549663590550e+00
4.377135563096958837e-01,-1.499354047334752860e+00,-1.334088124241108231e+00,-3.217342571825698272e+00,-5.781453932509486027e-01,-8.239670374691121513e-01,1.579940992159454938e+00,-2.842891274588159156e+00,-6.404025784407716415e-01,4.794372640298954491e-01,-5.046992849047965635e+00,4.096190235430328119e-01,-4.135916236231855336e+00,6.939513841654517678e-01,-1.839729846005764280e-01,-6.662540730376783626e-01,3.027563939447818875e+00,-1.508843364268464882e+00,2.524785164001522642e+00,1.878040845066695219e-01,2.462387302869589512e+00,2.974224755655539454e+00,-3.335951094337650247e+00,-1.563182719766261108e+00,-6.952113752629667243e-01,7.714614490426583426e-01,2.097396967886470787e+00,3.974344292624329089e+00,2.930898891631329439e-01,-4.648015924017379064e-02,-2.070307201410211739e+00,-1.786497690284646778e+00,1.180110389912752078e+00,1.291340815965962285e-01,-1.377212130785465671e-01,5.403143327879234015e-02,-1.818638136693817353e+00,-1.967106111936219315e-01,-2.521944562629545583e+00,-2.843355969721855558e+00,-1.804399052281919769e+00,-4.233055194577697300e+00,1.057796747682850258e+00,1.489867797859791398e+00,4.349419980510178085e+00,-7.580393398259310800e-01,4.759040185666564837e-01,1.754721724522135373e+00,3.373576780326293378e-01,1.107265596283788289e+00,3.150153706709997170e+00,-8.729699209154010431e-01,-2.548851223478089789e+00,1.488484332623616346e+00,-2.236346096206067280e+00,-2.088080870467207806e+00,4.601713403950218328e-01,-4.970993101551250959e-01,3.804426650041853986e+00,-2.958238296715387960e+00,-3.257603129515008189e-01,-5.331059277056460211e-01,-3.078120068099192697e+00,1.631449826137974624e+00
2.935265221627205712e-01,3.895396917655071789e+00,-1.067842772440158017e+00,-2.526102842301859663e+00,-9.372184713461892969e-01,-2.664017096684331065e+00,1.360090075033884904e+00,-2.739174127264153658e+00,8.523027008905653679e-01,2.272411537869468479e+00,-5.274978093736039320e+00,5.787457789318450896e-01,2.437869211924625912e-03,-2.871232183706963204e-01,3.624347031256195395e-01,-1.430030222266728046e+00,2.783259924665952845e+00,-3.206868096294670067e+00,4.236845722936444680e+00,-5.048422583967060451e-01,-1.963093187805275086e+00,3.934553329399570476e+00,-2.173495618469828194e+00,-2.339033946605990621e+00,3.660351650066611118e+00,1.471451818716126958e+00,1.913379468496302804e+00,3.522658876921108018e+00,-3.377014358599288446e-01,6.729574748998270461e-01,-1.258910328818362512e+00,-2.073744672710263082e+00,2.311213524413597842e+00,-7.979914132981925645e-01,-1.503595326172468827e+00,-6.488639643125644341e-01,-2.987452860972850122e+00,-5.244839093186628998e-02,-2.654538814198039276e+00,-6.008216957537211300e-01,2.956878071078694603e+00,-1.620018466818918146e+00,4.683681444856635068e+00,-5.540449568301443195e-01,3.911191663300922272e+00,-1.689219038142256490e+00,5.301225321287593717e-01,4.442912804285667150e+00,-1.080917748972746839e+00,1.026634203808777457e+00,2.083069755349326702e+00,5.004937767782858815e-01,-3.218241679326713234e-01,2.165403227407632247e+00,6.640777754897242424e-02,-8.345008796192445732e-01,-3.985272307100449773e-01,6.796873337787372460e-01,6.101799540426621205e-01,-3.036888577617288920e+00,-1.535745848771486122e+00,-2.648747979638395034e-01,-2.576456205067359839e+00,-5.772350896608879900e-01
1.637199387794481709e+00,1.653419309250144575e+00,-2.987423794549678435e-01,-2.008481451116956418e+00,-1.276143427806305519e+00,-6.353882989368786482e-01,1.070241936030916552e+00,-1.330589129784246483e+00,9.479623470787967854e-02,5.404244060096660141e-01,-2.962649191994890074e+00,1.411361564542063407e+00,6.333005890531800963e-02,-1.115646350984735857e+00,5.586703431192143743e-01,-7.029915511144851914e-01,1.394434130344164524e+00,-3.019608507067170766e-01,2.438310943021067434e+00,-4.388992271740917439e-01,-2.708347913356130565e-01,1.740241361297082845e+00,-1.893958117974679389e+00,-3.204537018025293005e+00,3.632381746926730548e-01,7.679705625593923335e-01,-4.307937221316193721e-01,1.251761958613027303e+00,-5.916679929314963005e-01,2.303204700921118953e+00,1.316095167244468733e-02,-1.766099147306888328e+00,2.000875383192641799e-01,4.276661504904446520e-01,-7.712676743886303088e-01,-1.037614580474956139e+00,-1.227887012236918762e+00,-8.275855797296072236e-01,-1.066592128283735175e+00,-1.639494597763826000e+00,7.207489052364157711e-01,-3.295336658552276532e+00,1.765180772697093170e+00,-1.261989920642367924e+00,3.737354798053258875e+00,-1.999980302570960378e+00,7.264402425077846059e-01,4.494414835085294158e+00,-1.143836911071024920e+00,2.208728511096285985e+00,1.837550728087029572e+00,-1.369888841623018161e-01,-2.030684973574841123e+00,-1.350112849599863551e+00,-2.182316612293078162e+00,-3.825111078936225262e+00,-3.056352039422355560e+00,-2.188713625872706903e-01,-1.259846767478727259e-01,-2.816900257796086660e+00,-1.600436290906401382e+00,-2.636151819535909269e+00,-2.346764704861642237e+00,2.598729523757623117e+00
2.307393570453906584e+00,3.216603677962580399e+00,1.831304293063500954e-01,-5.590400427644113268e-01,-2.398739023225550104e-01,-2.971947747088583114e+00,2.496061396111145747e+00,-3.100125491214959172e+00,-3.448195756433638515e-01,1.146148501975052802e+00,-1.620772322299788959e+00,1.968640748966431486e+00,-1.215620737644969029e+00,-3.187673206499993528e-01,9.889300861809510179e-01,-3.230786603276395441e-01,2.610576572927928218e+00,-6.511084529605017934e-01,2.119506839827816513e+00,4.737958790848648682e-01,-1.275221468392097712e+00,4.081864687630104349e+00,-1.686807782013549417e+00,-5.969197461108190161e+00,3.009674680311521522e-01,1.289573620186775571e+00,-6.944965476726983056e-02,1.227085392871053671e+00,2.815110015186871095e+00,1.270932751958873341e+00,-5.395302134178912468e+00,-2.215511047251172538e+00,1.773770466337473817e+00,1.910473324722679056e-01,-3.788512189401584962e-01,-3.050715318131625331e+00,-1.143842099273250090e+00,-1.951851547136905507e-02,-7.244960455870430582e-01,-3.342056545236850251e+00,1.324849973784315349e+00,-4.597496604072208726e+00,2.132056296067114776e+00,-6.650487911710395439e-01,3.242885716776070737e+00,-3.212788527707910013e+00,1.957884843285725984e-01,2.704488173936862694e+00,-2.127282614598562382e+00,2.709110899617365398e+00,1.385441697119000226e+00,-1.584304356047132156e+00,1.555516610989355009e+00,-1.391200134513400410e+00,-1.572601005957775300e+00,-2.792720528603209740e+00,-1.247305569612653819e+00,-6.049785686728104128e-02,3.844575329579432932e+00,-1.422198403013996915e+00,-5.464005073645707977e-01,-3.329110224241563110e+00,-7.527952229137919726e-01,1.459999946987701636e+00
4.953056542566622866e-01,3.368197139731219814e+00,-5.282829284156152772e-02,-1.696231252924069288e+00,-1.092634563012713222e-01,-3.791193828273573541e+00,2.507978803438275506e+00,7.016009652658483642e-01,1.190924470299790983e+00,6.073646677490480705e-01,-5.666802688563566726e+00,1.941970839591460107e+00,8.372098620776116107e-01,-9.336849485370721791e-01,-9.419712658047754150e-01,1.406045668492187595e+00,1.221990371019181731e+00,-4.894815704579825955e+00,1.763832983806171706e+00,-1.739946053050760444e+00,2.206613012713505739e+00,3.178281076169119146e+00,-1.393728180509979486e+00,-1.492104991406424608e+00,-5.958632770988523397e-01,3.045725860997358092e-01,-1.405420479841590353e-01,-3.468773994448115516e-03,5.960981550515676020e-02,2.927103933745490494e+00,-2.151344876149816621e+00,-2.559645973384535367e+00,1.310888765602093553e+00,-2.792145675662324189e-01,-2.162967937912231520e+00,-1.489242340482445526e+00,-1.716159417247922425e+00,-2.798918489875599214e+00,1.513208391081380277e+00,-2.811011131190376489e+00,2.299681808769652669e+00,-1.694702141096669834e+00,2.986258199971935312e+00,-1.230227010464618687e+00,3.283177419474827552e+00,-1.961883354943273705e+00,7.166186814007844408e-01,1.773706709601081677e+00,-1.082505601618045432e+00,1.971977219037703177e+00,1.935396782041898023e+00,-1.521376718936577888e+00,-2.007390711296991981e+00,9.313489384211861566e-01,-4.032677749304869330e-01,-8.460886205874196264e-01,-1.322066725345619753e+00,4.292913508110644649e+00,2.249943712127688844e+00,-1.306853585754810698e+00,-2.576934653427685351e+00,-2.314879545357850343e+00,-6.612236102971399410e-01,-9.409348126293179959e-01
6.475088312500070220e-01,2.858551130757704062e+00,3.218210652730996379e+00,-4.947506204858398426e-02,1.137790046018908985e+00,4.877185889063884172e-01,2.025623266670501632e+00,-1.403441588473120616e+00,-8.392382932590356504e-01,1.707063569687263804e+00,-1.671336751073706495e+00,-6.835125416666130160e-01,-1.935327268787233601e+00,1.139601453574479173e-02,2.151207250957495987e+00,-7.405810924341671431e-01,2.989252105502392398e-01,-3.912398656787564821e+00,3.798854274397929220e+00,-2.173225468117501613e+00,2.262174284374743216e+00,3.322626758856589202e+00,-3.936409933954096552e+00,-3.271227770992490846e+00,2.068988428704960914e+00,-5.944023730523992910e-01,1.336928932506112666e+00,8.991752125233911652e-01,-6.748906868148272231e-01,2.297854310384622956e+00,6.926301078635890285e-01,-2.323625932171766273e+00,-4.660931591732859758e-01,3.853082264404494861e-01,-3.790595863343052541e-01,-2.111006420940949813e+00,-1.516202432722608240e+00,-8.041727622387747632e-01,1.522172104854302432e-02,1.153730517847213477e-01,1.379680105825788372e+00,-3.011173087743346688e+00,3.682992999935850165e+00,-1.200690969949920195e-01,1.847273582783766743e+00,-3.606558578134872128e+00,-7.873320324947670201e-01,2.388698887121992964e+00,8.084770009581727646e-01,8.186046361553234174e-01,3.469448822882942984e+00,-1.789407533686255825e+00,-5.177994524314016855e-01,6.941409159131686213e-01,-6.240356245320568540e-01,-1.938718157956503596e+00,-1.711652568536430885e-01,-2.312191064251089001e-01,9.199419740878125307e-01,-3.715940723546527380e+00,-8.333250673703936906e-01,-1.688986161466724090e+00,-2.830560056527108515e+00,1.520354720256166470e+00
1.593954761663005870e+00,2.354014827859467918e+00,7.610104959930407142e-01,-6.141132118823180441e-01,-7.652235739212374099e-01,-2.697023071107777170e+00,2.540215237838276519e+00,-2.030181063733166091e+00,2.919647092978607805e+00,2.638684436768125030e-01,-2.933943989361983196e+00,1.089272613937705803e+00,-1.622362475813886595e+00,1.609893212812542052e+00,1.913874673908683155e+00,-4.663170969712708280e-01,-8.407600747190482338e-01,-1.322149187279267224e+00,3.465042263046686166e+00,-2.457574801683661825e+00,1.655590294892710368e+00,2.252693567264548502e+00,-8.120444449405395115e-01,-1.693858862419786782e+00,-2.923693359305106210e-01,1.331105373837077055e+00,1.510637903429288942e+00,5.172227872393175829e-02,3.014474647405258168e+00,1.975450810540894109e+00,-2.526142631210672729e-01,-1.764382315216588282e+00,1.391975201165724041e+00,-1.259524182645667567e+00,-9.743321764858966505e-01,-3.047150063851491453e+00,-3.619405105522615962e+00,-2.541117768224252504e-01,-1.745656045001378498e+00,3.554222772704442423e+00,-1.424573986119429758e+00,-2.501048773357466892e+00,1.610592527451472522e+00,-7.020824560444838269e-03,3.530400485126317545e+00,-1.417912676581950526e+00,5.921802422988198256e-01,4.367535838248834956e-01,-6.153293774439272390e-01,2.216960925471515687e+00,1.020576485356174956e+00,3.841908928965923620e-01,7.843573103461016771e-01,-1.624806823036670789e-01,-3.459104813202019457e+00,-1.199504207836600722e+00,-1.982566449039156131e+00,-8.389855719091654507e-01,2.935538896365133876e+00,-1.617362640512016059e+00,-1.505301131463761655e+00,-2.152185329771076905e+00,-2.293436506197911839e+00,2.840978113100067759e+00
2.766304984841453596e+00,2.762607247629846885e-01,-9.021078632311407830e-01,4.299919406104131259e-01,-1.711542129909436216e+00,-1.372832767435551826e+00,-4.703220940295338437e-02,-3.589667038345910832e+00,1.125220209572161068e+00,-1.973505010604208465e+00,-4.118790682407496462e+00,1.738906006862388054e+00,-1.220217454853610661e+00,1.109892067033995344e+00,1.115045364599354105e-01,-5.351371031215106377e-01,1.564961456655219463e+00,-3.225776421635017321e+00,2.898659054674562974e+00,-1.571645372270446650e+00,6.098806541147305804e-01,4.156683766988345852e+00,-6.199211041149037538e-01,-2.424306614332956133e+00,1.279301962181137675e+00,6.806481813900739919e-01,1.345966768613246822e+00,1.987011101084202203e+00,3.264231626800043751e-01,2.268427865308999536e+00,-6.316880462741392144e-01,-1.879963643845716348e+00,-3.604566922919099081e-01,-2.880279714464539786e-02,-1.332065449322480610e+00,-2.980341793264798866e+00,-2.291976529261898321e+00,1.046582733168024415e+00,-1.402243649124658598e+00,-1.410773899959572031e-01,-7.694913755275674117e-01,-3.592414750751052210e+00,3.362448624074013015e+00,-1.011361317336116006e+00,3.892160068127053396e+00,-1.524105811394822263e+00,-1.144959218049089289e+00,2.471622551838028592e+00,-1.883681863170429405e-01,8.768163765548120381e-01,3.438518900146767088e+00,1.193776212740115472e+00,-2.405978379225080399e+00,8.234149960793135659e-01,-1.820033986011020621e+00,-4.808797749818243261e+00,-2.095921264223082225e+00,3.903139209648646801e+00,2.437945310634590967e+00,-3.708097927178386044e+00,-3.980315197021399021e-01,-1.524767860742923364e+00,-1.340803097561793500e+00,2.026375597866981959e+00
-3.704733690528121404e-01,8.532858865560433159e-01,-1.499834126434151260e+00,-1.948854227749885260e+00,-1.235099677533207041e+00,-3.292038540166765337e+00,8.039605525403611397e-01,-1.726232499329016790e-03,-5.694112711273554561e-01,2.428482262784691439e-02,-1.652020362548245025e+00,-7.410672729475229481e-01,-5.391482928560537013e-01,8.873866748685520500e-01,4.755741462148038723e-01,4.404895390709450131e-01,5.127414158063392513e-02,-3.362062655900646568e+00,1.502287197130363960e+00,-1.489111950946863772e+00,5.478491641589263716e-01,3.805634344879187836e+00,-1.822958745618763476e+00,2.979983908789929359e-02,3.486915935289494506e+00,-1.334160171138771833e-01,6.658030355113412346e-01,-4.852540483695677587e-02,-1.105348712639041775e+00,-1.854455775219536751e-01,-1.710837609110908097e+00,-2.767819521640199731e+00,1.845675634904886619e+00,-2.828381581323912819e+00,-4.425244362226052885e-01,4.185868652835249559e-01,-1.330604470746617585e+00,-1.405954993823433030e+00,-3.305289540510337076e+00,1.777998565908501138e+00,1.239678093549633431e+00,-3.907025060651038384e+00,1.241374737497388470e+00,-1.689712232851125151e+00,3.161373987831356480e+00,-1.642116976501078796e+00,1.127181795629081940e+00,1.885029827968774496e+00,-1.530168507013131229e+00,2.800672293232713272e+00,2.652491140612143639e+00,-1.355461123037682070e+00,-8.418532954253258316e-01,3.204822478649509421e-01,-2.173499911048484279e+00,-2.847640751725879493e+00,-6.432488137695868691e-03,1.851707666936804886e+00,3.899020991481817244e+00,-3.628341987932714119e+00,7.760573335308875720e-01,-2.725386586581636905e+00,-3.339646809571413133e+00,-9.905716028697071351e-01
5.149035800788938078e-01,1.786317636078332161e+00,-7.768592550829833687e-01,1.063658677396597474e+00,3.765283598217961103e-01,-1.378407126892421397e+00,1.309406269736273831e+00,-1.976517909805833417e+00,1.649469596525961368e+00,-2.714072803242869814e+00,-7.275429124313243179e+00,1.053894921764369830e+00,-2.022331640512132100e+00,2.670893637302563794e-01,-1.492198305383094947e+00,5.701727844036565962e-01,2.773784482884307234e-01,-3.261568499212046390e+00,5.472161022121190044e+00,-5.036179133524325557e-01,-2.802746504959860996e-01,5.331004581738034709e+00,-2.635200397572197595e+00,-2.659866027977738856e+00,2.123485628009471604e+00,8.249209700803310508e-01,1.782071006866957630e+00,6.388655815305571695e-01,1.053233371495781334e+00,3.258493557763540771e+00,-4.810235662900959053e-01,-3.331960992336797212e+00,8.732320929765700068e-01,-1.619023037755700223e+00,-7.757550253366750637e-01,-2.889156750691914688e+00,-3.895406869726705690e+00,-1.067366298736910135e+00,-1.128565806676564254e+00,-1.563308999145090139e+00,-4.375309606375520355e-01,-3.118547026348638340e+00,2.226649323227926303e+00,-1.267913798177873641e+00,3.444104656593260483e+00,-3.651033447769117313e+00,1.835932248334352757e+00,4.417771823086855676e+00,6.352955655760519349e-01,2.528906276932571640e+00,4.390853542467204385e+00,-1.576999925186693741e+00,-2.367817575774410210e-01,1.869945322350456962e+00,-1.817757979190054884e+00,-3.033578296144590070e+00,-1.990587885620822561e+00,9.356360754476640285e-01,5.871278726182037611e-01,-2.895840826452193983e-01,3.104472199002760169e-01,3.482162747419501603e-01,-2.213987738415182704e+00,1.830219918425353143e-01
5.785958182546994122e-01,2.644009061298675078e+00,-9.135695084200005089e-01,7.680755550480389271e-01,-8.407738343237136647e-01,-1.916414841861106222e+00,1.737977691610189002e+00,-2.951017396879771049e+00,2.516603462584231732e+00,1.003657517414762612e+00,-2.178820244008996099e+00,-7.776016929107354425e-01,9.678803191585902965e-01,1.598795597427411064e+00,4.796298296611964940e-01,-7.282365603216902628e-01,-6.135174706644983544e-01,-2.101215657537867099e+00,4.220522079445946595e+00,1.582769936265724375e-01,1.265481005138379578e+00,1.361598262124517511e+00,-1.502008676200350834e+00,-3.442202005296844280e+00,2.261242112168051044e+00,1.440012716735543430e+00,1.933824569385964587e+00,2.520840240429440104e+00,-6.838171138116975190e-01,2.385014500277970129e+00,-4.527920281950726933e-01,-9.233079891835538344e-01,1.861508811036994615e+00,-1.175903654398631426e+00,-1.088405447233956824e+00,-2.496926980821931430e+00,-2.685407000438854830e+00,-4.978864106477901563e-01,-1.309133081288806011e+00,-1.018565015308452226e+00,3.333373876381312551e-02,-2.993617560345569473e+00,1.425106460187333779e+00,-5.559635654353689560e-03,1.813101533046895586e+00,-2.149788903192839662e-01,1.218888178448041537e-01,2.962961827807646387e+00,-4.491640694339908979e-01,1.401893321046314700e+00,2.872470672349931142e+00,-7.052831133728339197e-02,-1.909253172373914786e-01,-4.027129102886592094e+00,-1.097846166913977406e+00,-2.858246792349548926e+00,-1.279472305703985846e+00,7.642121874583499563e-01,-6.716077636253394711e-01,-2.165676467449479947e-01,1.040268237895807468e+00,-2.842569292898097455e+00,-2.662088902410713942e+00,2.977356555087300904e+00
1.118507264796570366e+00,3.580772869645729717e-01,-1.323765396798948002e+00,-1.361618214694366946e+00,-5.112970751359061650e-01,-2.758017033073762558e+00,1.009455729937905666e+00,-2.094334333808637982e+00,-6.103801146112770581e-01,6.413454399314175713e-01,-4.865319693564208237e+00,1.116334588995119947e+00,4.174294860294320841e-01,-1.446353472381087801e+00,6.221443398037873607e-04,-1.331369063734562541e+00,3.774123701801012087e-01,-4.384543935020146499e-01,1.766014739147017121e+00,-1.118568595561627355e+00,1.256959910501430633e+00,4.097879255675557886e+00,-2.309029911735515306e+00,-3.000890042640758537e+00,1.209765735141107523e+00,2.932537496091633944e-01,2.457705343098948614e+00,2.138245744082033717e+00,3.845951053848719159e+00,-8.487189253406879352e-02,-4.105391074319222344e-01,-1.743207211122487887e+00,1.454795371707320095e+00,-5.139575804355799304e-01,-3.621861633080956544e+00,-1.841204130716973975e+00,-4.907123352571434616e+00,2.694765651400213846e-01,-3.481292667471905133e+00,-4.490856762711072925e+00,-6.948167060096654968e-02,-3.869539777434897410e+00,2.543340830151157306e+00,-2.687778991446836407e+00,2.028510092773407880e+00,-3.819186338727172725e+00,-6.851259189434837360e-01,2.410188319479467101e+00,-2.424527740476404070e+00,9.625020463439285523e-01,3.832904197236310928e+00,2.025568650506167079e-01,8.379657143906158456e-01,-3.610927312708354098e-01,-1.667471127947606435e+00,-2.836234251746790669e+00,1.992783344264574819e+00,9.946053322885048953e-01,2.902856115966200967e+00,-2.070850373116951193e+00,-7.518509833408963949e-01,-2.698921373004439239e-01,-1.324281179354232840e+00,9.607049495381407844e-01
1.878223238982434928e+00,1.917626539374937433e+00,-3.207293179769287184e-01,-1.324680945047425284e+00,-9.731201245072436112e-01,-2.568635669827123102e+00,1.076057647460861855e-01,-3.724803262373246326e-01,-4.442967234939561028e-01,4.958510795452428233e-01,-1.871050059000531229e+00,-1.054889827113262069e+00,2.674290267573679047e-01,8.102059792014664197e-01,-3.654666518012439358e-02,-2.097881227820941774e+00,1.327558989490582153e+00,-8.171723382218618603e-01,1.897021924242072943e+00,-1.577910915324278740e+00,2.165818378142433165e+00,3.226295590953205839e+00,-2.608857586732034939e+00,-2.678924710708882273e+00,4.803966068092826447e-01,-3.551251621129881686e-01,2.591042979724353490e+00,1.807271560757957252e+00,5.933725767717472621e-01,-2.916854609887431504e-01,9.953237566980530637e-01,-2.741621387415151823e-01,2.772275094874305790e-01,-1.999778846376806474e+00,-1.857667618992678182e+00,-3.575206536196172458e+00,-3.866550679003253777e+00,-1.543062693732439650e+00,-3.280426095909536599e+00,-2.275964545745903234e+00,-6.865887694751537929e-01,-2.130599155040058257e+00,2.914091704133354721e+00,-4.013263140205826085e-01,2.535093898857198269e+00,-2.536543868204631735e+00,-5.359284828383015231e-01,2.752882645630563285e+00,-5.497810105081499255e-02,2.767665179888631588e+00,4.524526334439878283e+00,-8.715264915338750695e-01,1.756880974899979742e-01,-1.318131055368121807e+00,-1.161842255777654653e+00,-3.372584177440777431e+00,-2.499789230267690954e+00,1.203688793492841747e+00,2.658144148213217761e+00,-2.735234281234404374e+00,-1.247558088611274263e+00,-4.446062423488181814e+00,-2.837525675877203835e+00,1.192549969996379078e+00
1.998238573797855633e+00,3.087514384901712372e+00,-1.088452620024122908e-01,6.295454431843492404e-01,-2.010249027323413706e+00,-1.691481037204888516e+00,2.560061602853979768e+00,-1.673046852679967333e+00,-2.517614024772109604e-01,1.104565033344688363e+00,-4.754127966452423415e+00,-1.615689792107273259e-01,-5.800145258700015738e-01,-1.203366119975931570e+00,2.185743743646191284e+00,-7.139564598762637715e-01,2.527399838142910582e+00,3.215649144083378985e-01,1.762323958260254120e+00,1.917855467391305080e-01,1.362101590187330347e+00,2.439270061823267444e+00,-3.784572683484841882e+00,-2.633429220365051560e+00,-1.194128345663842516e+00,1.300802842875891319e+00,2.539263462418780204e+00,1.586766648361816356e+00,-1.705465241428187007e+00,1.263890021488407012e+00,-2.447924042557981572e+00,-2.000113540831473635e+00,1.327494260046292007e+00,-2.835948948569085637e+00,-1.482273435166754805e+00,5.605109624830688642e-01,-2.392689737331208821e+00,1.569049977020181563e-02,-3.135609310664724259e+00,-2.342027229715448744e-01,-5.705709596965357067e-01,-2.627935720898166849e+00,3.941688539898837718e+00,-1.533633308203176338e+00,4.325259841246854364e+00,-2.319128024809568700e+00,1.443981928480711607e+00,2.021184680890227625e+00,-1.782508474881355109e+00,-4.400862195401393784e-01,1.536268114958013964e+00,-2.233061915658746788e+00,1.393984975378239344e-01,-1.117447953359556490e+00,-1.177932664575841448e+00,-4.113001698240109860e+00,-2.196569639834395460e+00,1.030378957731798550e+00,2.479362341339147680e+00,-2.411608483041097095e+00,-1.868239057726368557e+00,-3.798238226418762409e+00,-4.269366622089188823e+00,1.153045879602523360e-01
-2.169094684783106075e-01,2.677149822612912899e+00,-1.132241405466777540e+00,-2.255779900360435075e+00,-2.921339051306486745e+00,1.344190666319364791e-01,6.484356832517359503e-01,1.339659823836176766e-01,1.491918410773270254e-01,-1.954179748536974515e+00,-3.474091753837996510e+00,1.026655164125389152e+00,9.150927225685012711e-01,6.388982599463040035e-01,-1.756003431445694041e+00,-1.115324249017389135e+00,1.207691301881552493e+00,-2.656870459281855279e+00,5.016465709225840897e+00,-6.645372219183864892e-01,5.156910283878424206e-02,2.541740426030345112e+00,8.841844386111574750e-03,-6.134840464558553030e-01,4.263170896929924236e-01,8.094593823702556090e-01,8.105188058276173724e-01,-1.783370057795828245e+00,1.288762511483508844e-01,1.530338933498145426e+00,-1.225275729088166399e+00,-2.704270723616751582e+00,1.726366794506260627e+00,-3.564781466030557677e-01,-7.662782546456602395e-01,-3.541469827974273343e+00,-2.905862811703266324e+00,2.384484723434124209e+00,-4.230072182116787260e+00,1.627580730177975443e-01,6.385645851102800252e-01,-1.689897608172222787e+00,3.009866014474404494e+00,-1.489726088975662499e+00,3.177597199042473175e+00,-4.417652186390316871e+00,2.395835485486925265e+00,5.381244386231500698e+00,6.891580808557112858e-01,3.637402894483836580e-01,3.959686372284749289e+00,1.346279273526247877e+00,-2.387562837957649009e+00,-6.916577354173645276e-01,-2.074977665730938892e+00,-1.630320289469268547e+00,3.069175276373725669e-01,9.898891758496772830e-01,8.396825273519133992e-01,-3.266212522395057327e+00,-1.538214423295346522e-01,-2.816460328756547504e+00,-1.953629656747567722e+00,1.927628150831328879e+00
-7.065135321553865921e-01,5.885102889802273918e-01,-2.030930904053528163e+00,1.728162173923357692e-01,-3.174887055647153122e+00,-2.282829181540068308e+00,1.179988702110807530e+00,-2.252107620863141424e+00,7.615870912589892683e-01,-1.795998338277615236e+00,-3.695259041837128944e+00,-7.635678958056955068e-01,7.303091765197076146e-01,5.477092265723488840e-01,-1.331264790546380583e+00,-9.832925745222059755e-01,1.618282993772960365e+00,-1.238638528506257330e-01,4.165077393243187487e+00,-1.612235681772026696e+00,-1.983423143771422259e-01,4.369537855721294939e+00,-1.646784413898551236e+00,-2.366879596067770652e+00,6.990401241174823976e-01,1.871363517772031582e+00,3.019590322547066386e+00,1.616317224265970021e+00,1.793336543532218830e+00,4.468049951330310687e-01,-2.026271043155236651e+00,-5.157677938013220498e+00,1.149859902168928194e-01,-1.208411750883401137e+00,-5.568573830431056138e-01,-2.075576030964018770e+00,-2.534512109378389333e+00,2.028225614051507364e+00,-1.627786331897443928e+00,-1.987635538076145014e+00,1.804567950618873429e+00,-8.668312049714543832e-01,4.484123654000973680e+00,-2.177097530684328319e+00,2.356193862623843227e+00,-4.078447862127308809e+00,-5.698182724027767154e-02,3.552977647187267607e+00,-2.304970305220882754e+00,1.599410532517047123e-01,3.458648443181929100e+00,-7.215515225727685555e-01,-1.732456533198426296e+00,1.005919871220369854e+00,-2.418749798514616689e+00,-3.194657058949098349e+00,-6.094176146748189193e-01,4.295089522885268130e-01,-4.379866282056932292e-02,-3.221005807214949002e+00,2.378956395638250232e+00,-5.993898551435292710e-01,-2.997680026226577255e+00,1.613875705894598500e-01
1.048860853516170755e+00,2.289637128150991074e+00,-2.710328242985037495e+00,1.365073064338312658e+00,-8.139787387092577431e-01,-4.403441441758247699e+00,-1.266646974810296200e+00,6.292129766473462116e-01,-1.276338807318116997e+00,6.488656842752223985e-01,-3.553892063736549645e+00,2.285381207857020147e+00,-2.677177087625614016e-01,9.262938092782331267e-01,8.531396730622620161e-01,-1.155403666323616463e+00,1.214110714412940606e+00,-3.125465829820647468e+00,1.859800410538090754e+00,1.591878303815302154e+00,7.161102354170068018e-02,5.384418755055513373e+00,-1.626746005379876792e+00,-1.670775017363716808e+00,-1.020970232358767937e+00,6.523298259236316454e-01,-2.293588804298095862e+00,1.876153969697134993e+00,5.114829836701240140e-01,1.181079267926701259e+00,-3.119019353038030573e-01,-4.122114914607696079e+00,2.487655504624592506e+00,-7.544498769947448613e-01,-7.982056390052895134e-01,-2.912886371903541161e+00,-4.446741787301729865e+00,-1.634025017153947767e-01,-1.485601441723023219e+00,-1.699788948115844800e+00,-6.863437452651193205e-01,-2.412111414652612140e+00,3.561565253313605517e+00,-2.008388187874530662e+00,2.193284802175924142e+00,-2.386724517718184391e+00,1.192682200026850214e+00,2.884618810338381412e+00,1.162682781715684843e+00,1.360241478027268691e+00,2.043101182653090930e+00,2.177409442321506461e+00,8.831710575901018379e-01,3.894525670663464556e-01,-2.272676470752219569e+00,-1.838241856162370791e+00,-1.142194489820838488e+00,-1.452376571411327699e+00,1.043213281364161471e+00,-4.441970961293106868e+00,-3.001401919058284684e-01,-6.999780189488100657e-01,-2.368639502893415738e+00,1.572698551517985655e+00
1.962300791176433856e+00,3.911536089843989483e+00,5.207409887023894957e-01,-2.174046246629192325e+00,2.846402761461832576e-01,-9.660558894097005522e-01,1.756530195753396972e+00,-1.901961537815282099e+00,4.179074498494321777e-01,1.588550455288961993e+00,-3.457951078182559979e+00,1.005014323079790550e+00,-1.538690042533443769e-01,-2.764043819873059693e+00,-2.006665211195342025e-01,-3.029758146591327028e-01,2.509488545079164856e-01,-5.273266510171666255e+00,4.186712960495059477e+00,-5.913486929582616458e-01,8.476520558072542233e-01,2.182560296321418125e+00,-2.354895632580399578e+00,-1.073524907978373522e+00,1.166948917442707456e+00,1.461685767776871314e+00,1.857344093289666542e+00,1.190578126569095563e+00,4.913093360343623317e-02,1.900220069692759139e+00,-7.617321257085860609e-01,-1.980776884491029399e+00,4.999146423749478707e-02,-9.363057710852883408e-01,6.490877376366965823e-02,-1.931308992406533420e+00,-2.418216640673849227e+00,2.510182119977838688e+00,-2.495521026123836972e+00,-1.285710413748978098e+00,4.653968614075016941e-01,-3.981194375607164382e+00,4.112088990243147890e+00,-5.884240354734033840e-01,6.221136359277945616e+00,-2.128301903562363151e+00,2.548859661858058345e-01,3.569646527913114653e+00,9.774082572872513364e-01,2.410966810920158743e-01,3.915626606037874602e+00,-1.698165899102036525e+00,3.429457952627937289e-01,-1.157264182604271330e+00,-1.865310367516739287e-01,-2.761483796797490786e+00,6.775436879197236362e-01,-8.993604835230328831e-01,-2.318343162537239710e+00,-2.770691952213566456e+00,-2.027633967557601835e+00,-1.546869409081453206e+00,-4.466919981003019124e-01,1.031644561954124573e+00
2.727544583117989418e+00,5.135390389303799985e+00,1.487393282839561071e+00,-5.001718577547207278e-01,-1.444397339459752905e+00,-1.378878723414897145e+00,1.941340457125203312e+00,-4.645438326695765507e-01,-4.447701815194816666e-01,-4.255726908168389055e-03,-1.346174088195274843e+00,1.414340475057535684e+00,-5.886334118374383362e-01,2.703900647117067346e-01,9.901261568285806280e-01,6.960453707553744263e-01,1.347710802899633631e+00,-1.670498604886120564e+00,4.242715876273165598e+00,-1.097240058704593846e+00,-1.097741112627483639e+00,2.344266806501487110e+00,-2.396060858292384133e+00,-2.748336079081344252e+00,-1.186004278691580094e+00,1.864662688728127682e+00,3.178532433225540910e+00,2.858035672321463494e+00,1.700729280676504196e+00,1.017754194893994768e+00,-2.997746770768605629e-02,-3.697024377772664128e+00,1.223051789541803380e+00,-1.203001516255428394e+00,6.394317578029782290e-01,-2.569895358183941436e+00,-3.227731817715447260e+00,7.230200264890710438e-01,-3.259152453526176441e+00,-1.926025397619725688e+00,1.755408234016525126e+00,-2.873221995903103121e+00,2.085048724264639386e+00,1.572776548610541614e+00,5.312234717726399325e+00,-1.864666051492572141e+00,1.389947193763892974e+00,1.785869855607613799e+00,-5.127053133793288975e-01,6.160048890621316886e-01,3.173233685658622516e+00,-1.148955007480242152e+00,-2.171892172589770520e-01,1.564772485756003029e-01,-1.794908640666456723e+00,-2.443777623564220569e+00,-1.984225030488563801e+00,1.284608011494893454e+00,5.702212495434199058e-01,-2.990483698093306941e-01,-2.085942012193466866e+00,-3.449550545830174286e+00,-4.663090441327485181e+00,2.459622016510981446e+00
3.859128002854059769e-01,2.197534483636381708e+00,1.764673089158668384e+00,-1.348603692032484869e+00,-1.057681588017759022e+00,-5.120671494244940725e+00,8.331882730875461718e-01,-8.860296866033516849e-01,6.510987622477437675e-01,7.757618704724507097e-01,-3.819801277290998165e+00,-7.435714218357654115e-01,-1.084207712105430321e+00,7.238754277398975479e-01,-7.279144216835764514e-02,-1.274556643936190170e+00,2.338249130644621143e+00,-4.357993509597338999e+00,3.952138098390615806e+00,-1.072748813824220271e+00,-5.865583901939963596e-01,2.879756112201900642e+00,-2.615324932366928756e+00,-2.376524091465446187e+00,9.183843245019218671e-01,6.087851035867534177e-01,2.307156494168616234e+00,5.912945936607802988e-01,9.102640709520852802e-01,4.189953487443028202e+00,-1.526605180871089429e+00,-2.895271684820537761e+00,4.183362780123232039e-01,-1.070258443681436411e+00,1.904406153978522642e+00,-1.670814116417685957e+00,-3.348180709059565885e+00,2.581305249262553225e-01,-1.475731366781919407e+00,-1.301792315491274943e+00,1.120811115111409961e+00,-4.032383658934903359e+00,4.954241435272075833e+00,-2.669244636663526737e+00,3.066058657253424080e+00,-2.528132410572703215e+00,-1.823273977428989223e+00,2.157813331935884094e+00,1.182039306895860564e+00,1.870796141810496360e+00,3.423950181914178881e+00,1.037796428424793138e+00,1.171039644552566150e+00,-6.254961535509010462e-01,-2.466342017763899719e+00,-1.329959643104038136e+00,4.982400889257767584e-01,1.181017997067142833e+00,1.781588250429748665e+00,-2.628513622347878442e+00,-3.704700764258938239e+00,-1.814948646448597991e+00,-1.395225293536437761e+00,1.652575433953835660e+00
2.141846948029620279e+00,1.846871780791738082e+00,-9.372954900335170869e-01,-2.478562817365343562e+00,-1.672529399430978003e+00,-2.049649814048960295e+00,1.599812478690872730e+00,-3.451776297915537306e+00,1.872416084337881204e+00,-7.056829587326179931e-01,-3.975842643959634604e+00,-6.959050593824485098e-01,-3.873264894956213872e-02,2.216991036096718659e+00,2.265767939902059602e+00,-3.393361054722703329e-01,1.341827203645618027e-01,-1.625245045479843053e+00,1.658050987814198907e+00,-2.709805661369824037e-01,2.184979194417238535e+00,2.215459731754240380e+00,-1.558247371278181692e+00,-4.056690707013939523e+00,2.704994523926519179e+00,9.982486570804989245e-01,8.952943805738138305e-01,-5.005971987749708862e-01,-5.275865238622063913e-01,2.462252070586973929e+00,-7.351703955973454274e-01,-2.717734001306775671e+00,4.459240434469551317e-01,-3.451743960551480139e+00,-3.238906814975941462e+00,-2.052659540996253806e+00,-2.167810567918253106e+00,-8.181863145129412151e-01,-5.406178924073314906e-01,7.704993650654896609e-01,6.771199159555416625e-01,-4.286150674286963280e+00,2.508402098738247155e+00,-1.377968643555776751e+00,5.622794232632054801e+00,-3.392311096025641959e-01,-1.488869096266212111e-01,-3.794746082568445367e-01,1.694450392095626645e-01,2.589731746787220512e+00,2.380225683213751164e+00,-2.110747302137983006e-02,1.828555045271594293e-01,3.395341738906454410e-01,-6.283658648460423990e-01,-1.842932327615530497e+00,5.503837024640381159e-01,2.557934415125715510e+00,1.025403606376604548e+00,-2.474152789392579432e+00,-1.796825042588837240e+00,-3.191620326975123767e+00,-2.041957199607143725e+00,2.362268608306087536e+00
1.135559733052909248e+00,3.557156713967382089e+00,4.282337704058376548e-01,-1.898514742286779633e+00,-2.311913066372881076e+00,-1.881775235790988487e+00,2.411291979933116281e+00,-3.172036420807692547e+00,1.996379317093555317e+00,-9.020095006283298522e-01,-3.285270016033195795e+00,1.440164456080307298e+00,-6.243264483434517453e-01,4.662109621013600380e-01,-1.093896345690336780e+00,-1.485845528884457645e+00,-1.686737164726805904e-01,-3.200550419846481365e+00,3.586188797554650698e+00,-7.544786344076449547e-01,3.035779576864250373e-02,2.452670285975941944e+00,-1.553674748815135676e+00,-2.070770535183333649e+00,4.345816626890402823e+00,-5.138921089256547337e-01,3.319624839068529010e-01,1.459693237103633301e+00,-2.426203870080698710e+00,1.305474162163430041e+00,-2.180784383988756403e+00,-3.421447911074258830e+00,1.444135767651559155e+00,-4.026811217215829686e+00,-9.432198678649694745e-01,-3.276362912567623464e+00,-4.194172206533547609e+00,-5.970163967551831430e-01,-8.353091014158697813e-01,2.497232095323571599e-01,-3.750459613378423374e+00,-2.776973515124458114e+00,4.073779265294672491e+00,-2.567815340025675130e+00,3.907992349222193518e+00,-2.453541887707768154e+00,2.562707404579576131e-01,3.924979209177649864e+00,4.474951863587603995e-01,1.378401684083958578e+00,1.519001399123181661e+00,-5.186557792099872888e-01,-8.829437981931967383e-02,-1.995099019527022177e+00,5.882686155891923008e-01,-1.803605468392836197e+00,-1.975318212998569578e+00,1.485006916685298606e+00,1.001831149356381401e+00,-2.430651837184222064e+00,-2.817247868588340420e+00,-1.934529659091721587e+00,-2.295657169380680429e+00,3.833911065968660381e-01
1.413883811106850130e+00,3.392559843136368158e+00,-2.645175257221882958e+00,-2.347200251181718933e+00,-2.927264891513745582e+00,-1.922027733686305639e+00,3.563626949767506602e-02,-1.139184128315231526e+00,-1.131693035839802297e+00,-1.001053759586604697e+00,-3.206540630160776839e+00,-3.214712118784048833e-01,2.038953074126533593e+00,1.277154288232007495e+00,-6.743959801102374918e-01,1.390384195352132979e+00,2.242318222130148087e+00,-2.170737222065336258e+00,3.962449449948344693e+00,9.505313611447834266e-01,4.115241663925183757e-01,2.020081702334115104e+00,-7.882236806998850209e-01,-2.451260736802613582e+00,2.325825554186637056e+00,-1.660217374454133754e-01,8.280240607081879034e-01,7.246659436137735666e-01,1.497548556364576289e+00,1.826398883062374523e-02,2.067222238726347250e+00,-3.508107858912421495e+00,4.933300634714972155e-01,-2.718920738582598418e+00,-3.587985557938442316e-01,-2.530103839074837602e-01,-5.271001775705260073e+00,-2.877206197397949583e-01,-2.647288254457647483e+00,-8.550742842666075871e-01,1.698126467216984015e+00,-3.583003482024963215e+00,8.158744813765026471e-01,-2.361416716837846153e+00,2.897566406954153795e+00,-1.498483498722127827e+00,-4.332194437559283573e-02,3.076376257104583178e+00,-7.092088104405354088e-01,2.006590435023112295e+00,4.839648270590823032e+00,-1.018582662995798582e+00,8.163066842051857064e-01,8.609079969666195709e-01,-2.766503393301652292e+00,-1.067184474184156961e+00,4.752153462903322412e-01,9.848803517229958171e-01,1.037798958842730768e+00,-3.944405827414650734e+00,4.261411906199447097e-01,-1.827564163068566172e+00,-2.178578911731579026e+00,1.793873996508205559e+00
3.120895493962549949e-03,2.999114231704141709e+00,1.950076713122691485e+00,3.983644476351853037e-01,-9.343959721407320007e-01,-4.495922892166657192e+00,3.057656365924646735e+00,-1.787969213215678144e+00,5.207132332918471551e-01,1.817303009142336112e+00,-2.351029734033443397e+00,-3.956934215550929057e-01,6.131065368161496831e-01,1.235431484061499052e+00,1.672926126710054140e+00,-9.413592668487871240e-01,1.125772673481961750e+00,-4.209360384199696270e+00,2.487723324496835975e+00,-2.052776051498414134e+00,9.333350320602340489e-01,3.739458769823627460e+00,-1.837668189674058983e+00,2.454007718140900352e-01,-2.626406137459103007e-01,2.815587938033668802e+00,4.135610244626326537e-01,-7.967530111886294009e-01,2.145362500267546046e+00,1.877506787550851541e+00,2.187728930643098924e+00,-4.178832583836181946e+00,-7.146484641610975075e-01,-2.845644781898136744e-01,-9.426341259222231761e-01,7.315985338669077631e-01,-3.833987450807307074e+00,1.083760151665835947e+00,-9.583841820415457402e-01,8.433355656584593518e-01,1.587107369733986806e+00,-4.918175545961584127e+00,1.952032927744292268e+00,-9.106963935809575528e-01,3.377386629106690741e+00,-2.338931814489787264e+00,-3.387972416834728051e-01,1.967816492857791255e+00,-9.913853955100416782e-01,1.225671780528293953e+00,2.560835090988678342e+00,1.549864075167235233e+00,1.012831932096766918e+00,1.251084015677605965e+00,-8.390990440717961407e-01,-1.460756130461411617e+00,-3.725246269969761381e-01,-4.135847492240199985e-01,1.102761813585445116e+00,-2.071176484404169571e+00,-2.549642490777851211e+00,-4.362322063012111784e-01,-3.071806733979038917e+00,4.806185304953622506e+00
2.888672104457298495e+00,3.353462705642990205e+00,-3.935610378138684196e-01,3.877289715589393726e-02,-1.819146404750616064e+00,-1.422618022971610108e+00,2.087402721187954668e+00,-4.195526760118237775e-01,-5.608827748573028682e-01,-1.039861688990966870e+00,-3.971794143147735046e+00,-3.464990236593257222e-02,-1.646926953366751212e+00,-1.724223592016269180e+00,2.637257553956681155e-01,-8.002161316979748973e-01,2.609239627144569251e+00,8.882939888059482314e-02,5.928479763854846318e+00,-2.039728326734864261e+00,3.653713170569820590e-01,2.773985144398296132e+00,-3.179708203205189321e+00,-1.049239226393773539e+00,1.357176153568931731e+00,3.769234644467743811e-01,3.343165695217591882e+00,9.356923389585828366e-01,5.132864858143052489e-01,2.857884068120017051e+00,-8.418926983709882350e-01,-2.158691905312352777e+00,1.336772362939431913e+00,-1.409646620345679224e-01,-6.328814172797492255e-01,-2.124067307640293834e-01,-2.530754777135592271e+00,6.271354072275807379e-02,-2.670172893451130847e+00,-7.670730944074873880e-01,-2.169981336220635715e+00,-3.061912058088086752e+00,2.596161872816058480e+00,-2.604172630673573074e+00,2.271591216093492349e+00,-1.840227689739756922e+00,8.193304824223230920e-01,2.978957672436060466e+00,9.165206831426406797e-01,4.296431104197750983e+00,5.863074280544065431e+00,-2.425680032051114488e+00,-1.374327088597649738e+00,-9.240241520408501996e-01,-3.799633947369498443e+00,-2.486680216155589651e+00,-1.438813736928863385e-01,1.383131736004378776e-01,1.441944692836787167e+00,-2.843391664005368913e+00,-4.748443829569140018e-01,-1.531887654090529738e+00,1.808950286693367993e+00,7.507883202695053715e-01
3.641133139679579411e+00,1.761150967097407261e+00,3.656982410261372385e-01,-1.201513527926969749e+00,-1.485898753103012560e+00,-2.161110484997421644e+00,2.792609568460020952e+00,-3.562012249807750663e+00,-2.774174826981504749e-01,1.610131120381193215e+00,-4.792025345727049412e+00,5.190982668146973955e-01,-1.725414678260720702e+00,1.230265633049731910e-03,-1.178132035035611702e+00,5.207930758748094968e-01,1.276389784959329310e+00,-2.409539798052324322e+00,3.059949449686687473e+00,-1.976908634123788921e+00,1.257460936311094457e+00,3.758825432010078238e+00,-1.264498401516531700e-01,-3.504877548571742274e+00,2.052118423969670147e+00,-4.729613545713414746e-01,3.320140037451893011e+00,1.879106850069690360e+00,4.388561229641672057e-01,1.411385940540967665e+00,8.025092504851274455e-01,-1.861004881259397337e+00,3.125533795448910412e-01,-1.969588870187890972e+00,-2.951064771928928465e+00,-4.595026191713880159e-02,-5.125437567597609601e+00,4.364547607248888128e-01,-2.492390682380548839e+00,-1.873924377591809964e+00,-1.792499599521526044e+00,-1.705158317683236779e+00,7.713709003499782391e-01,-7.628885090169124084e-02,2.743144692611449109e+00,-5.602155254046801147e-01,-6.906118527469278234e-01,3.697651531772694788e+00,9.698759866926836004e-01,2.453541860682848963e+00,3.692497629722452768e+00,1.386318694798271522e+00,-4.921883866428592436e-01,-5.510921037662582789e-01,-1.139929558094458173e+00,-2.557861630579529866e+00,-3.414473374187935839e+00,7.719368134203465903e-01,3.287720094240738966e+00,-2.829433838511596022e+00,-1.325777115780085058e+00,-9.413750434793787258e-01,1.463778378512087475e+00,3.013203956259282723e+00
2.738138357045467153e+00,2.742799589475454436e+00,-1.186179352623381311e-01,-5.644460657570560258e-02,1.513471657248794067e+00,-3.924699205576294148e-01,3.463003718990134150e+00,-2.549608219266668918e+00,-2.338707016698198249e-01,-1.532815436024382638e+00,-5.933233301062248444e+00,-4.170484945878847327e-01,-1.438966689862957837e+00,3.467605516941679733e-01,-3.585492891714320285e-01,2.877787233087677476e-01,-1.486744150180404400e+00,-1.139498223265246191e+00,2.677792327560738705e+00,-7.720958096676606708e-01,1.827003975673060721e+00,1.249091653447693462e+00,-1.738697058345239910e+00,-2.798305359545858462e+00,7.979610377402469590e-01,8.462438778798014871e-02,-1.207024712799796617e+00,8.191568952206467191e-01,3.625696902916010878e+00,1.034124392241027035e+00,-6.014432126886127827e-01,-5.538770114913274867e+00,3.658380638432529697e+00,-2.885571070881572275e+00,-1.247421713966568646e+00,-2.420074982213485715e+00,-2.996864308590981629e+00,9.521974748841366409e-01,-2.334212699335153296e+00,-1.402364669839232469e+00,-6.578028032573284278e-01,-2.289575120031640321e+00,3.093475365360915941e+00,-7.175395715157175669e-01,3.559266738371341887e+00,-2.332683587790985502e+00,4.960510299573151483e-01,3.628480994208676869e+00,-2.030907038536372333e+00,-2.604953481624523448e-01,4.442636607871261134e+00,-3.057709599179935234e-01,2.240435731999708691e-01,-2.047911686046615942e-01,-2.671236849373610056e+00,-4.906123571500490499e+00,-2.340889326740246190e+00,1.264932970759940378e+00,1.155232506448950369e+00,-1.606688402946380823e+00,-1.716238943536230188e+00,-3.730574593901955893e+00,-2.228075671614919706e+00,1.631927131748826199e+00
1.508087710702499251e+00,3.065620238483978799e+00,2.427323436236907384e+00,7.812972258951331739e-01,1.360828080889202596e-01,-3.196537895556614384e+00,1.537536240681924848e+00,-6.657969118364581718e-03,1.459501239448924848e+00,3.885714520111613890e-01,-1.915427658333854755e+00,8.076411894882643550e-01,7.668994130306299173e-01,4.170357220106955864e+00,6.342032471731291476e-01,-2.485993051167560974e+00,1.443023478709407614e+00,-7.692374462076321251e-01,5.415045646017210501e+00,-1.806848728978301732e+00,1.070368960219256538e+00,3.417622782190443242e+00,-3.207561744628156131e+00,-2.491945191605517973e+00,2.376432628232385991e+00,5.804363669206162868e-01,6.745798485142122658e-01,3.356480681453404280e-01,2.463366750748765099e+00,1.499609622387347851e+00,-1.411601508976592534e+00,-1.722771350524571643e+00,3.497252706711376558e+00,-1.806757892943405608e+00,-2.260484868564089922e+00,-1.900336553477435686e+00,-3.870253667991069069e+00,-4.837532336544579925e-01,-1.133244509071926753e+00,1.559398152482384337e+00,2.721238733349107264e-02,-1.328020636760991469e+00,1.105788633261692411e+00,-2.426901692599721549e+00,1.858881503904700860e+00,-4.390230075410621602e+00,-6.073442683732068748e-01,2.374852262789943325e+00,5.174468040431851046e-01,1.812128436611844862e+00,4.331758922608915263e+00,-1.218678481527207147e+00,3.890172018392278885e-01,7.410557169322438131e-01,-1.153314031211520874e-01,-3.353824732484655513e+00,-2.722954124402239273e-01,-5.619874187357798423e-01,1.273735550162639729e+00,-5.395424483521128245e+00,-7.477862209238834712e-01,-1.576707415769938336e+00,-4.527304952014616468e+00,1.220708633822806588e+00
-6.843039590923287729e-01,1.529629197283415287e+00,1.227300646375774074e+00,6.509722274940747955e-01,-5.500178995259389358e-01,-5.702211662270970649e-01,1.494913507257064511e+00,-1.689286081842111820e-01,1.067398041834043187e+00,2.478864816559980699e+00,-5.309537714389620966e+00,-7.478464431055842354e-02,-2.542791205795992493e+00,2.283066337071897323e-01,1.084997889745096811e-01,-1.057311544565973094e+00,2.069695179710730137e+00,-2.201179522835529312e+00,-9.564432717413855478e-01,-3.363612787250982006e+00,2.460490283072071627e+00,2.860396029908161442e+00,-8.328526437978318597e-01,-1.609207647377204564e+00,2.710840252787402260e+00,1.935341886441909853e+00,7.226906222333384644e-01,-4.331704889273875203e-01,3.681992960003594995e+00,3.275415250407891499e+00,1.867715389798720871e+00,-4.035154767903844863e+00,9.302456961358456233e-01,-6.165071472385000861e-01,8.473364563331682309e-01,-3.513541590903631384e+00,-3.958105979673782748e+00,8.137000889789675062e-02,-1.846661670613276574e+00,-3.883229479188990974e-01,1.048972732169237254e+00,-2.857804691954342946e+00,3.280549099508435873e+00,-1.476211100618885830e+00,4.272717286026784578e+00,-2.413481909839629846e+00,-1.204040251228450931e+00,3.310337051759599802e+00,7.788037321384483347e-02,2.544601655191801370e+00,2.033985812162285800e+00,-9.158677118615459189e-01,2.999469018181380453e-01,-5.424802210008000669e-02,-1.427887051769636928e+00,-9.486662210908449744e-01,-1.177704218919626733e+00,7.813283519245306508e-02,1.408060125820539188e+00,-3.138406808494642597e+00,-1.294766237177174428e+00,-1.632830036579096866e+00,-2.622933697848730983e+00,1.605888253802906007e+00
1.275762457138827966e+00,2.166533356633655316e+00,-1.772917058820461467e+00,-3.735218521050209350e+00,-2.972823390167198099e+00,-2.289254195757409516e+00,4.012976734449924976e+00,-4.544512446366875125e+00,6.438357327076786873e-01,-1.015558066564097084e+00,-3.323419576456309255e+00,5.812631128088907584e-02,1.783631572293966627e+00,-1.252425708396886828e+00,-1.091816953509228139e-01,-3.055210800235063306e+00,-3.152971436102804059e+00,-2.682972589989299994e+00,3.043221250746260598e+00,3.299305648552888215e-01,1.785743786538031230e+00,1.907202513124911292e+00,-2.564823004043318644e+00,-3.109241255421064665e+00,-1.385589780604321586e-01,-2.115077295906432564e+00,3.190080849163658971e-01,-6.442242333801495580e-01,1.354992505598766606e+00,2.211074996291983563e+00,7.655694497544129895e-02,-2.362509099037174654e+00,8.297239419284352380e-02,-2.838399519600375953e+00,-2.580129637035728507e-01,-4.034906930277201376e+00,-3.809740277673149045e+00,-1.009259140155569945e+00,-2.722624141745090043e+00,-1.732236179235402407e+00,-2.087873340855884052e+00,-5.179415535605644827e+00,3.069293665178949748e+00,1.245555764419903344e-01,2.254662644669074290e+00,-1.609907956982855826e+00,3.802742922840303130e-01,3.852731542807137810e+00,-6.679217127593749526e-01,1.601397033008853388e+00,3.424252885317118800e+00,-1.303620685206872964e-01,2.488108676152886112e+00,-1.297816740290826054e+00,-2.364750465317680295e+00,-3.116323396781118582e+00,3.895065904810874891e-01,-1.463018137973601807e-01,4.690128904504259566e+00,-1.177011029956977373e+00,-2.795048798631903364e-01,-2.903753370405952605e+00,1.249002912170601665e+00,4.236408735110219759e-01
9.417587363865405070e-01,2.596330815143054416e+00,-6.219848127356889522e-01,-8.536595034168236173e-01,-2.349260044703714634e+00,-6.702123632114940222e-01,-6.210693817993448995e-01,-2.142241884801806773e+00,-6.798760115512890723e-01,2.544503195461875311e+00,-4.436757786889224953e-01,5.968672455814001410e-01,-1.068662489380036718e+00,7.067510546150743700e-01,-7.265985219212496293e-01,4.656798451838806141e-02,3.071920588857224299e+00,-2.367971548577394003e+00,3.704255765754175922e+00,-1.794882726520542482e+00,2.620338691289308741e+00,4.629775848727745391e+00,-4.557609732372784883e-01,-2.765375449628440840e+00,1.271981820139366892e+00,4.594690260971828200e-01,3.168968792866879269e+00,2.273404966507517777e+00,2.668318993304025444e+00,1.169658207843740971e+00,-1.451702711229015952e-01,-4.168113490754403294e+00,3.235750213234658279e-01,-2.026099769377261328e+00,9.301789162956874968e-02,-2.163891145847665953e+00,-8.563935671166491570e-01,1.971925000678457357e-02,-1.868977579159539104e+00,1.862849121552501153e-02,-1.025880605587051297e+00,-2.467311046169978983e+00,1.069611323425101901e+00,-1.722432148976876132e+00,3.189871250560842864e+00,-3.949049783638656219e+00,2.109845508488024102e+00,3.187900558824778408e+00,9.548214948320217221e-01,1.322569275079819251e+00,2.182105856316617132e+00,-6.153091419607708001e-01,9.009308759426777335e-01,-4.985689008579003989e-01,-1.098262662646289911e-01,-3.182143732115696899e+00,-5.669817860012926758e-01,-6.924294969788646892e-01,1.122058830262865792e+00,-2.275802334549663630e-01,1.388662123951027172e-01,-1.593628340067574589e+00,-4.708412532738348588e-01,6.518994428324378365e-01
-2.783677504260981816e+00,1.787227719001013293e+00,-6.188773288324228572e-02,-5.887684782958726437e-01,-2.403617190457147501e+00,8.619930689992181261e-01,2.562355913582250899e+00,-2.620252983133666724e+00,9.279248092103780099e-01,5.560481247244110081e-01,-3.340426243598670908e+00,-6.844805760063841227e-01,8.557942053938956128e-01,3.212430908525380491e-01,1.453513420434318748e+00,1.459001101117751720e+00,-1.040312253221485683e+00,-5.832571896653260257e-01,1.244100861694978910e-01,-1.109290396758981556e+00,-9.971935140820917809e-01,3.394173431067637026e+00,-1.813793689988476565e+00,-1.179941324235448397e+00,2.246609161416357470e-01,4.819778947322062024e-02,1.115000800748290777e+00,1.458605796322791193e+00,1.622092216326794123e+00,9.447737180084453401e-01,-1.559029889007677916e+00,-9.764114576885842833e-01,5.129964628070922128e-01,-1.512401637930829601e+00,-1.374951466972867520e+00,-3.147158149800090676e+00,-3.182557005890118695e+00,2.287512469713043617e-01,-2.506849283664229322e+00,-6.559200404316217758e-01,1.613311848062854104e+00,-4.652899465749538166e-02,1.073103043987170491e+00,-3.230695787247704232e+00,3.735395383647432510e+00,-2.714991876508636715e+00,-1.643605855658001769e+00,2.972677981198054820e+00,2.679939949347498462e-01,2.220725282821334634e+00,1.275614843945839461e+00,-4.582213916584511049e-01,-3.764721790294566217e-01,4.410423041974957936e-01,-6.474945652881329838e-01,-1.864557089290406200e+00,4.137022464498356644e-01,-6.272973788678208873e-01,-1.283216446274236588e+00,-3.888607604243374372e+00,1.362897391650167989e-01,6.089130952603438729e-02,-1.565391891330450092e+00,6.959296425444126966e-01
1.889233496313106109e+00,2.484746438152154013e+00,1.399037570491751925e+00,6.914179488967964193e-02,-2.682652453752875310e+00,-6.687648048942735901e-01,3.568354780857720510e+00,-4.244721483406874718e+00,1.591856834360228623e+00,1.152544179966260129e+00,-5.633297760544504484e+00,-6.130495031159728381e-01,1.733360215611107646e+00,1.133313875346837474e+00,6.057202625004073360e-01,-1.252826094338077567e-03,7.987154701131315981e-01,-2.305029574473582255e+00,2.655260809003973765e+00,-1.648248983011728175e+00,-2.197424537350657348e-01,2.640219999309402876e+00,-2.715635690202266694e+00,-2.160611487543734555e+00,3.753330303734978557e+00,9.565371901963934942e-01,2.563359605247259587e+00,7.385417007734984551e-02,1.621608715253090249e+00,-1.057705725335935654e-01,1.688693135521088795e+00,-3.289676060727646512e+00,2.387061356240623766e+00,-7.370808062247857784e-01,-1.171428222226151394e+00,-2.142499919252373708e+00,-2.289641116370355611e+00,-9.733904893634905964e-01,-1.112262589174980221e+00,-1.429028343260936307e+00,3.927151342208338169e-01,-1.348860822633029199e+00,3.263776650895993114e-01,8.343912581246737403e-02,5.922971035095475401e+00,-3.779224073315771371e+00,-2.806531723896809716e+00,2.177718679128958001e+00,-1.658598203177314101e+00,2.879790748141560996e+00,2.331356439558476268e-01,7.667142786479783645e-01,2.174864590340875647e+00,5.776223202703673065e-02,-3.078780440074216251e+00,-4.693067691524779761e+00,7.572953411341043495e-01,-5.115905779198564041e-01,1.676129438643980674e+00,-1.471999177762500111e+00,-1.549068235976373442e+00,-1.780779060686755289e+00,2.644978365458234837e-01,3.909108664155874990e+00
1.192575566765421868e+00,4.755774350378967341e+00,-5.072199153246835790e-01,-2.283273036156368008e+00,-3.427232451054987639e+00,-3.274069193153755108e+00,1.332336845189198371e+00,-8.915185250901125347e-01,5.933361526589716606e-01,-2.968593604146859688e-01,-2.763735430980850616e+00,1.575319234742149188e+00,-1.180984120178600882e+00,2.065540642729132070e+00,2.080226942838784066e+00,-2.315111644876650665e+00,1.217401348094882652e+00,-7.759297650658147916e-01,2.592461133369353909e+00,-1.227295090822138945e+00,5.844585962102077925e-01,5.110869676166029052e+00,-2.114231521029000138e+00,-2.554654792248259199e+00,-5.263852202323495710e-01,-2.880714616322657129e-01,1.653966360731040863e+00,-3.200954180305317642e-01,2.496321214957524237e-01,8.491835364741845416e-01,-1.094591677211696368e+00,-3.159752726242275767e+00,3.364501226132310840e+00,1.093277633178796560e+00,-1.877044423186322586e-01,-1.476580428622317198e+00,-3.519224429662668907e+00,-1.993472872326880196e+00,-1.697268599858795524e+00,-2.411343885105257989e+00,2.248057006355180576e+00,-6.648266133682656509e-01,2.555112272611708146e+00,2.615963052696730351e-01,2.220192323313004756e+00,-4.433675880522685020e+00,1.080252542367963198e+00,2.702218735397593274e+00,-2.618188359976553747e-01,3.691742629527203334e+00,3.316110473419188409e+00,-2.225784765376754848e+00,7.268751251107350431e-01,1.790177119489730462e+00,-1.763486481963724373e+00,-4.580932877356804767e+00,-2.648266978735198673e-01,-1.707523663552686699e+00,2.978569857735366533e+00,-1.324070753584982718e+00,-1.196133623857651429e+00,-2.215759795138300348e+00,-1.740621476939950618e+00,3.159021152588031178e+00
1.885034103947967887e+00,1.169223242591707290e+00,2.685837903345483779e-01,-5.736112160296764628e-01,1.289257011655546403e+00,-1.848387327824621673e+00,5.061283790023738405e-01,-1.796963860810549374e+00,-2.764241868662562496e+00,-5.669403966705264253e-01,-2.827542064003482736e+00,-1.013839874782205275e-01,5.243744090300268557e-01,-3.186105642826582152e-01,7.897385865744643851e-01,1.495483754944509247e+00,2.546157430816812450e+00,-4.000341082498479750e+00,4.564895682399384036e+00,-1.769954712510963812e+00,4.620914724534342932e-01,4.586442849010951228e+00,-1.151614405162012744e+00,-5.554857894371411753e+00,9.173531695320862323e-01,3.451694528205832002e-01,-3.585899551045701461e-01,3.115910965343732464e+00,2.174950095032353481e+00,2.548020479046708697e-01,1.500072587451617423e-01,-3.112275623608427022e+00,1.869782333454477419e+00,-6.634959694665711893e-01,-2.384795740415075027e+00,-4.752505569122338347e-01,-3.565937326229786652e+00,1.419067692531090774e+00,-1.263342470011277641e+00,-3.853762853052807857e-01,1.249921598472767625e+00,-2.426436073559443685e+00,2.880011751985646740e+00,-2.195611522415316763e+00,4.469834267109537684e+00,-3.337120327331924319e+00,-1.190328075387867557e-01,4.750729172533355360e+00,8.900083299472369980e-01,2.535417065835364081e+00,5.145126201699305568e+00,-1.245663787456086968e+00,7.989863595140114239e-01,-3.439173318844490623e-01,-1.873428715389403587e+00,-3.198987316870907094e+00,-9.691886785458075915e-01,-2.953010587648721152e-01,2.128694938675720127e+00,-1.644152097455001238e+00,1.163223347149148768e-01,-2.375407081336209369e+00,-3.403229141969364324e+00,2.395973581238166616e-01
8.559673381022538940e-01,3.111125398539822395e-01,-1.514494435191918509e+00,-1.341533779035863461e+00,9.138576130243203366e-01,-5.315470645791606774e-01,2.409840475475987009e+00,-1.193779137451888683e+00,-4.042431034501240417e-01,1.663715435577157953e+00,-1.663820152171808342e+00,1.015283788881019778e+00,7.556890626320507121e-01,2.146519494736733868e+00,5.195231871786292199e-01,-1.957356298542270556e+00,5.335328443909962415e-01,1.326954915102413590e+00,1.711548812786470641e+00,1.628021272211996440e+00,1.002816795248715476e+00,1.654088102938485294e+00,-4.664878425068625489e+00,-3.081204717146924121e+00,1.234856069558813552e+00,1.889455318864561084e+00,2.217355266686041659e+00,-2.595740428818886780e-01,1.028903873873067587e+00,2.613603869777452182e+00,-1.381613168964701988e+00,-5.339641162176102185e+00,-2.602435405341958496e+00,-1.101820415815645715e+00,-2.692560090001690831e+00,-8.118446452363801136e-01,-4.268574357469652192e+00,-1.568058593312940951e+00,-2.696881655762294105e+00,-2.495650754177810571e-01,4.811330198783835832e-01,-3.466796269634178973e+00,3.830220940964866649e+00,-1.493206939995600502e+00,2.231219995417536683e+00,8.795413060987615772e-01,-2.812618001728699468e-01,2.550878345925610802e+00,9.688907356173013241e-01,3.218061572441563101e+00,4.303206896769037115e+00,2.645866920903895969e-01,9.029725136923211215e-01,-1.838514438484403435e+00,-3.864489257572478742e+00,-4.343521662572157105e+00,-2.030114513533863574e-01,7.816724513238044736e-01,1.369024488446353605e+00,-2.486327732755075459e+00,5.200826439779144827e-01,-1.387323911931345632e+00,-2.704582287204257973e+00,3.809849234561662801e+00
1.759500729507583960e+00,1.934825009106830196e+00,-3.356850050434945776e-01,-2.322585650166200111e+00,-1.495187745455337502e-01,-8.927801994276325370e-01,2.265942423940119799e+00,-1.747457447446287171e+00,-1.046681989815326119e+00,2.617800411414403783e-01,-2.615536069128921781e+00,1.561458215474540445e+00,-2.550531830561741931e-01,-1.040682582010935331e+00,2.994212128966144526e+00,2.236466099060295809e-01,1.930550977489068565e+00,-3.127138759607988927e+00,1.965944532202070771e+00,2.081744090574941808e-01,2.318039002165838802e+00,1.181831800312580283e+00,-3.796216596464874193e+00,-2.139472889145629164e+00,3.282018268767313174e+00,-9.609458567189068656e-01,1.639050686617697927e+00,3.215735558413356010e+00,-1.226584823565936233e+00,1.268283286032430457e+00,-5.545460228161084304e-01,-5.272307996353038817e+00,1.005765386271348483e+00,-2.684990339898687850e+00,-7.588587809355179514e-01,-3.028337071621870713e+00,-2.379019523365470956e+00,7.138777323361407134e-01,-2.126713450648155757e+00,1.169912338626539761e-01,2.264732129610069311e+00,-2.600717117757013419e+00,2.700265028061156869e+00,-1.562445657678415811e+00,3.256266667474613907e+00,-3.384610677345155416e+00,3.787983746752801029e-01,4.151379157942873377e+00,1.522731898262870809e+00,1.338320142524310530e+00,3.210732160073201502e+00,1.286141268337884114e+00,9.853127666745945534e-01,3.277204338978306764e-01,-2.873915351430742504e-01,-4.157450203655671750e+00,-2.039640872741067312e+00,-1.931141659298087898e-01,-2.542957640025849120e-01,-1.960442442803009166e+00,-8.744605959776207138e-01,-2.911706500769105865e+00,-2.809704156109460449e+00,3.942364244828956199e+00
2.163884571668902357e+00,3.243010447268836138e+00,-1.401751111584643272e+00,-5.173304900159580999e-01,-8.863114992667382452e-01,-1.978303922047068397e+00,1.398387519407785273e+00,-1.846589027605099576e+00,1.878108862203753837e+00,-1.108657631601875249e+00,-2.692764736060245134e+00,1.540015004902704820e+00,-6.296608277754621730e-01,-9.036879850625922916e-02,2.790012980974504453e-01,-1.984899361526632822e+00,2.169193253505159902e+00,-3.355647275662069440e+00,5.351585730394128326e+00,-1.215052081122525163e+00,1.859642173933030440e+00,2.871119729289417055e+00,-3.610436604900815194e-01,-2.886973205256304187e+00,7.470556744218526113e-01,1.290922734085242052e+00,1.792485902103078343e+00,1.484686789991735756e+00,1.457007702406435179e+00,2.788335493449403124e+00,-1.015494319982154670e+00,-4.536976604766201682e+00,9.398818341292967116e-01,-2.732829481933877425e+00,-3.465531393133526317e-01,-1.486680179301673732e+00,-2.716548684586263640e+00,-1.126851956177961966e+00,-1.521285773371484851e+00,-2.006466964527644947e+00,2.768668462316191903e+00,-2.509482790731012436e+00,2.942013367025985815e+00,-1.206074923373691155e+00,2.703332920576775322e+00,-4.297772733365543552e-01,-4.635144580385975877e-01,2.001773590699222893e+00,-1.463188567774210413e-01,3.253074734742433805e-02,4.587986253699622097e+00,-8.238043558817557122e-01,-7.449403919849120204e-01,1.584285036126606094e+00,-8.845380712068049434e-01,-3.047863012409462780e+00,4.648463604311582342e-01,-2.320434779449204177e-01,1.314467103494721290e+00,-4.855006467096463219e+00,-1.676065892200044649e+00,-1.476035680914274062e+00,-1.209352464308122155e+00,-1.226735054061505181e+00
2.249528736863739109e+00,1.564377222753413621e+00,2.273207112431542831e-01,-2.322054753248246506e+00,-4.885025323360250304e-01,-1.574251685785438282e+00,2.102684489203899609e+00,-2.700914291071888407e+00,4.443636220762320899e-01,-3.436100641936847833e-01,-3.304745337056439247e+00,7.089239674771962152e-01,3.997569767944710306e-01,9.595041005925117883e-01,1.596481612528925398e+00,-1.848980558875601421e-02,2.328490556903586750e+00,-4.645558718741733539e-01,4.503875972593634813e+00,-1.447873154810797036e+00,1.779818103420925501e+00,3.250322774083478805e+00,-1.851379070331494958e+00,-1.895372935745254894e+00,1.404548209097078448e-02,-2.544399639847486627e-01,2.319178657924100939e+00,3.090423241314987024e+00,2.814331257771041095e-02,2.132394906231396270e+00,-1.883822572793862005e+00,-2.853369261111413646e+00,1.759513489532328556e+00,-1.027175711948485892e+00,-8.073634382219256889e-01,-2.486251612653673781e+00,-1.691866788863691573e+00,1.099995585272579790e+00,-5.961834240233370608e+00,-1.320624305716201485e+00,1.133852829908071680e+00,-3.503564506673534140e+00,8.006889965930397146e-01,1.027655990637897254e+00,2.873093474201489528e+00,-7.640969487004820593e-01,-1.190560724164880346e+00,-8.454047579255048461e-01,-3.587949316768890284e-01,2.165650983304002075e+00,2.705516482295071690e+00,7.506533937832291503e-01,3.755990117985172350e-01,2.346766416767908092e-01,-8.016718955407524660e-01,-2.869604453979655467e+00,-1.441304703656069774e+00,4.692573896774068221e-01,1.381648884065013627e+00,-3.955334088916029334e+00,1.761554353319645827e+00,-1.966660086446158529e+00,-9.848008985433989171e-01,-5.788772740464853683e-03
1.177351368374811580e+00,1.036359523559159612e+00,-5.182607130058184408e-01,-1.218230259224998946e+00,-2.563954690737091369e-02,-3.598882268275631180e+00,1.423239814449421825e-01,6.934415084971659038e-01,6.221728673548634347e-01,-2.239303361679441662e-01,-4.221230905580700465e+00,4.601160497890067758e-01,-1.855959045519283368e+00,-8.002885860045607647e-01,1.183201414203268187e-01,-2.647915224874699547e-01,2.137569252184628787e+00,-3.620829660356510438e-01,2.873635918186797422e+00,1.052247716158668744e+00,-3.112874872801538739e-01,7.802740942026025195e-01,-3.941196864306752534e+00,-1.324990155547499882e+00,3.323013957032405763e-01,2.157802607448587651e+00,1.238474615514173482e+00,2.304478348820945044e+00,1.784881388653843270e+00,2.310655799336481575e+00,1.022096582014180077e+00,-3.064061041658685536e+00,1.590023274801039443e+00,-1.047194210652925506e+00,-1.252119453620409439e+00,3.546973777834676600e-01,-4.495389787415843053e+00,5.083337370044460624e-01,-2.401997519045921958e+00,-2.202565779363265364e+00,-5.124835096547117885e-01,-3.826779556318417708e+00,3.631656198006405489e+00,-2.514717447512027082e+00,4.500588905202751455e+00,-3.413255193666080878e+00,1.820464262363578944e+00,2.767496846302156754e+00,-1.227362486865751556e+00,6.576606581311141841e-01,4.693933541836281975e+00,-2.054332247955083179e+00,-2.052336674553635332e-01,3.314764014020128435e+00,-9.317110138271980091e-01,1.973685081407245967e-01,-2.279895501853252071e+00,-1.861273914830360088e+00,-7.605935578861622304e-02,-1.559646495188484971e+00,-2.258692351978743851e+00,-4.895080012150574422e-01,-8.472596634125412196e-01,1.914037762311736612e+00
4.119637162010977294e-01,1.750621940983951852e+00,2.130942566234085067e+00,-2.410924545475046976e+00,-6.495269310392526307e-02,-1.532625941249317947e+00,2.294038830075491475e+00,-1.770378524678365650e+00,1.662418488157334950e+00,1.161081412016131020e+00,-1.719096692621690625e+00,3.258973764320261868e+00,-8.477797336856269794e-01,1.160890279346067810e+00,6.766372060244358888e-01,-1.744134631431886406e+00,-4.257894930895729235e-01,-8.077410857530671340e-01,2.904839470953706204e+00,-1.189977223128234396e+00,1.807319824775467376e+00,4.177817421047254065e+00,-2.047534414306449779e+00,-1.798466779517428282e+00,1.894493216293221760e+00,2.866047707308193582e-01,-6.106682502356535203e-01,3.248399084921311353e+00,2.912869914134766702e+00,-2.007570115790745735e+00,1.843714324212579747e-01,-3.561170005812161587e+00,2.920816630795926017e-01,-2.226213616702206632e+00,-5.289966162048120868e-01,-4.424701290373726614e+00,-5.785193759668358915e-01,-1.308690371596418878e+00,-2.190098739060482025e+00,-1.247088955689331646e+00,-7.261784277444474078e-01,-1.404554817788434162e+00,4.761180301654093228e-01,-1.841319407894557170e+00,1.359342038105708861e+00,-1.936827799565103536e+00,7.817242799214468851e-01,4.050167289432828888e+00,-1.503182913357378858e+00,2.081026092631618418e+00,5.239195462776550904e+00,7.859221669264927490e-01,-1.920614426879448500e+00,-1.402901346102301883e+00,-2.155587194404591234e-01,-2.383438673111445638e+00,-6.161695983683000977e-01,1.617396471440681660e+00,1.793984960273045104e-01,-1.155286259734360721e+00,-1.992287486339283653e-02,-1.851006951157912583e+00,-5.206772146552089975e-01,2.061941143568042367e+00
5.881686066840208227e-02,2.435632283537743525e+00,2.342912537726961286e+00,-2.401521742421917072e+00,-1.180620717842645995e+00,1.166258613783092590e+00,6.719648742865944602e-01,-1.728565054020439362e+00,1.072670205969669333e+00,-1.876968235849238553e+00,-1.953793612520275280e+00,-4.063316550161157892e-01,3.198639762228639438e-01,3.889579479480751445e-01,1.668463926142233378e+00,-2.240457715603473510e+00,2.453942708792622884e+00,-1.804031961700944597e+00,4.040084684431562323e+00,1.736721126503390167e+00,-6.846511223026296999e-01,3.263279093524325436e+00,-3.057750004627942886e+00,-1.886542049628461726e+00,1.617153411165498156e+00,1.603546292196171397e+00,-6.535280659560416261e-02,3.167270268085888851e+00,6.754568353492955701e-01,8.629056427578033484e-01,-3.223749305482579430e-01,-3.529753219966180300e+00,2.232558902115036048e-01,-1.086472849122832374e+00,-1.372002169970604646e+00,-1.944392488415487286e+00,-2.741263801653083476e+00,1.304843012940081870e+00,-4.118434753038512142e+00,-1.206708235490286274e+00,8.334803880372465557e-01,-3.046671869428822177e+00,5.123275220903516392e+00,-6.886170804775089138e-01,5.532364700755023179e+00,-1.396352806724169282e+00,1.477684273627619005e+00,2.664538723562931644e+00,-2.735461410841942831e-01,1.179011418704370318e+00,2.517280472868141494e+00,4.824320674112385632e-01,-9.376153785021906772e-01,3.203747474959620645e-01,-2.587227846645546947e+00,-2.407187521866819502e+00,-1.275703354100110043e-01,1.924606592778291825e-01,1.305996149326169586e-01,-1.005050923635627314e+00,-1.437188489547539749e+00,-1.938812684013842436e+00,-2.854238719154531978e+00,5.730353386583417752e-01
2.278103731521200270e+00,1.869157001027426990e+00,-1.379777667169233835e-02,-2.650027644683467187e+00,-1.829676158140198128e+00,-1.341097841281685188e+00,2.256715523447490490e+00,-3.367926193873972185e+00,-1.543973491231619977e-01,-2.035386723484993166e+00,-3.186206311278600545e+00,2.295046846527101891e+00,-6.031018733119863917e-01,-5.934774180327782034e-01,2.145572162048090537e+00,-3.356227618397756851e-01,1.903828674237719731e+00,-3.373726680929986177e+00,3.017916450215063051e+00,1.615956409462225185e+00,3.309407923542642127e-01,3.062352282977020668e+00,-2.981463596032264185e+00,-2.814107752010305941e+00,1.061236189718523182e+00,1.685261907541325099e+00,9.629151576951429092e-01,2.019879085261556462e+00,1.584519910120155473e+00,7.312757452254764479e-01,2.298950187574486659e-01,-3.434317803179607331e+00,3.848069137232056569e+00,1.665955502429707913e-01,-9.018190536291202930e-01,-6.773873532261911468e-01,-3.725471623154977596e+00,-2.606126464185164471e-01,-2.860542466784152360e+00,-2.551120730323660490e-01,1.785946502368319422e+00,-2.417461280287288794e+00,2.669071717852727677e+00,-1.604059043969906728e+00,4.256228431614413665e+00,-1.495204355764463866e+00,1.436628942191756186e+00,9.993902452415825977e-02,-6.118075731958528829e-01,3.068882097825107014e+00,4.543415521937324897e+00,1.396799066308492154e+00,1.067595815391128022e-01,-3.097908467323722825e-01,-1.959957291868695162e+00,-4.732142653376175900e+00,2.194612672876480097e+00,8.163018907846406602e-01,2.030316368365776114e+00,-1.995047070267761180e+00,-7.479249503798417464e-01,4.376756366063434545e-01,-2.110455355512290687e+00,-4.371909810568144206e-01
7.680502538798811285e-01,3.241138224199463735e+00,3.273293256928994088e-01,-2.327738735712821860e+00,6.237463396776798952e-02,-1.909732888258302452e+00,1.933636542498352595e+00,-1.502746778377664683e+00,-2.113355717958753655e-01,-7.088971016031252459e-01,-1.888513991040446482e+00,2.955519696527428852e-01,-1.123787645389084711e+00,1.469072196367243954e+00,2.553043868220023493e-01,-1.307965714184576633e+00,1.630830165780700058e+00,-1.015396654650842612e+00,4.410883501386924976e+00,6.869219460034503566e-02,3.123884973105234053e+00,4.464027427537979875e+00,-1.709968949310659792e+00,-4.097977892968115654e+00,-3.375973986011342465e-01,-3.432257846299509030e-01,2.054358039917771883e+00,4.780817249423783277e-01,3.721043443100822135e+00,2.104511280777065174e+00,-1.007494327974210568e+00,-1.175817236300787716e+00,1.628857764312166889e+00,-3.247275338068404960e+00,1.477573405236601634e+00,-2.013814337771508534e+00,-1.598719285846052607e+00,1.593647794248495009e-01,-1.680832239107219461e+00,-4.022527020264181630e+00,1.536426919283782278e+00,-3.282577562461493681e+00,4.366388841341750648e+00,1.118834128972246322e+00,2.617992041384457735e+00,-1.572480163406451581e+00,2.254116120957370129e+00,2.679753588783461815e+00,6.781981049106415860e-01,3.042184544674534585e+00,3.840268943658388334e+00,-3.508766425678465639e-01,-1.761160719510025396e+00,-9.117805882798183381e-01,-5.491732009929128910e-01,-1.163400139016334878e+00,-8.031011241153535041e-02,-6.309000529921640066e-01,1.827761468476011064e+00,-1.050474143635562463e-01,1.249037169322957830e+00,-1.941924617442447598e+00,-1.359307490278421904e+00,1.726869098312957096e+00
1.871533517016240822e+00,6.278092881629724342e-01,1.929598832151994126e-01,4.697027621249487694e-01,-3.249212145345313996e+00,-2.363407456634166959e+00,1.410039137621301064e+00,2.631627980740487427e-01,-1.206161783141121324e+00,6.016345686507840879e-02,-3.105351587633983446e+00,3.441201314574183767e-01,-4.066077821058803887e-01,3.912726940349340321e-01,1.720244256255963333e-01,2.424967904042631961e-01,6.567212323814586306e-02,-2.092868437884551014e+00,3.712841786971498692e+00,-1.339900604441157661e-01,-1.175610125636605385e+00,1.263871694368159604e+00,-2.041123648029786519e+00,-3.530456973398137688e+00,-3.891307658214584464e-01,1.066925843754944259e+00,2.444675633811145943e+00,3.994357913026133078e-01,-1.097951959801455324e+00,3.648238539240391098e+00,1.692312465274606215e+00,-2.891010193206693835e+00,1.082753713089964265e+00,2.567478043884776628e-01,1.059168709857473800e+00,-1.738854474087409008e+00,-8.627845084346423832e-01,3.619040990469934438e-01,-2.205270439829344120e+00,8.813162614028460240e-01,4.908466863321549467e-01,-4.273679670604164649e+00,2.579390477234362322e+00,-8.475538250267878881e-01,5.699536956761221518e+00,-4.316087577186245028e+00,-2.439028292968048461e-01,9.230004703200964666e-01,5.036296094599312934e-02,1.701136967510670228e+00,3.838717868487997897e+00,-8.424846011123404699e-01,-7.345560552760558304e-01,-4.896396662049841142e-01,-3.767027826808460933e+00,-3.614795028756254247e+00,-7.334252177985984833e-01,2.050096818934047382e-01,3.366097499316388575e+00,-2.746919595150392190e-01,-7.739385735648493525e-02,-1.290955420212005489e+00,-2.046094063160168730e+00,4.379375953845415781e-01
2.075728292057057445e+00,-1.499749217521051392e-01,1.696590184314492600e+00,-7.096196391901452571e-01,-2.298810493137544153e-01,-2.443178177919266059e+00,-2.400323763310736158e+00,-2.686433713172866611e-01,3.820779046431432291e-01,-1.768267866507511554e+00,-2.846183528087681047e+00,1.053259136573023280e+00,-2.507435765339320000e+00,4.513961203458397575e-01,1.466737176785510188e+00,-7.731577561704379153e-01,-1.123833548192117782e+00,-3.275436587004985078e+00,3.903847455604113392e+00,-1.020312769329815517e+00,-5.907374520886032876e-02,3.211479661536681185e+00,-2.581518077460101868e+00,-4.754277290755224428e+00,-1.037137485804828785e-01,-5.345654251282481173e-01,5.837324335966664890e-02,2.033365547247556027e+00,2.684551812417457661e+00,1.451714935247712113e+00,-1.123285127206602452e+00,-2.965142021478927248e+00,2.084477385198231669e+00,-7.766071412931191409e-01,8.903879189200807343e-01,-2.038816483208047536e+00,-1.320450761276847462e+00,3.711021820877045685e-01,-2.509891006922379209e+00,-1.575700201853118543e+00,-9.461452241546988162e-01,-3.044029776110116714e+00,3.349051222292225738e+00,8.639697898099130136e-02,3.988534145277073950e+00,-4.254166670364585734e+00,1.842981673905098594e-01,2.641461752542751729e+00,4.460805176816814432e-01,-2.456089648441839302e-02,2.652991171303087814e+00,1.741149366421790967e+00,-2.172416833500855571e+00,4.919567827007915728e-01,-1.965824793774674450e+00,-3.049167124142036833e+00,-1.122819604287027317e+00,-1.936920537521454211e+00,3.339743608168690425e-01,-2.392718709072833239e+00,2.987493692871163731e+00,-2.348157319576684277e+00,-3.382164189711135638e+00,2.061994252412836737e+00
5.618641101635054591e-01,4.208523090661601684e-01,-1.342480589105903732e+00,-3.419884734632916423e-01,-1.932290764669457594e-01,-2.930478803932707432e+00,-6.588920134086706515e-01,5.896821227528603604e-01,-8.290769230657332178e-01,1.039381402312977487e+00,9.593662638799353992e-01,-2.307328434182249310e+00,3.077995254033680239e-01,-3.656630053591536367e-01,-3.515381563742714377e-02,1.585166822506904605e-01,-1.888700370365334225e+00,9.202911249465527410e-01,4.865661886710767048e-01,-2.028819249115440537e-01,-1.059695266161294169e+00,1.995551919338077740e+00,6.416084978414072770e-01,1.823560302652443288e-01,8.859397193193710995e-01,4.076954919421631462e-01,-1.585299712205989753e+00,1.585477660822622648e+00,-2.904998308134467133e-01,-4.872802216992967034e-02,-1.472808688921102060e+00,-2.808981051790878647e-01,4.294145081307664813e-01,-1.894963882241483155e+00,-1.165432498275372541e+00,1.154181580766303838e+00,-1.141048934485712901e-01,9.760376540948567659e-01,3.476725807224156223e-02,5.576569645635755246e-02,-8.335580340465863491e-01,-5.695483671409891091e-01,-1.204480843367000453e+00,1.983767199772635381e+00,-5.354411800201377275e-02,-4.193318409157314464e-01,2.204929046052241104e-02,-5.876111952024151708e-02,1.778233429013930333e+00,2.714109126311683995e-01,1.957922741793984844e+00,7.415078375881455353e-01,4.578125771831361712e-01,9.908831047156122507e-01,-4.878330025457922048e-01,1.618882700975616151e+00,-6.311580415726935067e-01,-8.798148257719514698e-01,-1.849132398420190171e+00,6.820261473003146335e-01,6.669085497010432961e-01,5.478051606591667344e-01,6.690500407022281770e-01,3.263922216200863813e-02
-3.249749397445753640e-01,-1.902745558805416737e+00,1.800069642014329840e+00,-1.789201532055101573e+00,4.420069851195523869e-01,-2.156159241041622820e+00,3.402789316807618841e-02,-2.283244392979617565e+00,-6.388614902646628790e-01,-7.699870434858007151e-01,-8.371485864949689271e-01,-5.093360126540875665e-01,1.025549065588956754e+00,-5.662665591099316081e-02,-7.643600041299357384e-02,6.046723202737256386e-01,4.121932528941474327e-01,-1.316882035645014826e+00,4.067315179807867720e-01,2.161330568329355162e-01,-6.645326935784026112e-01,-1.101306104336806868e+00,-4.857591009907131292e-04,-3.028867834736892126e-02,1.401914468393145319e-01,2.216042742930881826e-01,-3.036593823324721941e-01,-1.575159695211346245e+00,1.613680797185331528e+00,-1.221072376571849194e+00,-5.755782388891542700e-01,8.866082065994995709e-01,3.428966850278263312e-01,-9.359858285623878782e-01,1.402043798248499007e+00,-1.737333653724939753e+00,4.776236246551882059e-01,1.874683174245348694e+00,1.265028810609913457e+00,6.206260873047593218e-01,-3.973248973326644617e-01,-9.794199840244265376e-01,7.627576510273953447e-01,-9.906809496334041398e-01,-5.128789112051169718e-01,2.075352559783872342e-01,-2.835921326566260281e-01,-6.632311415675130883e-02,-2.459315277147656964e+00,-1.313526580147814926e-01,-5.594676568531172789e-01,2.577615925795088692e-01,-1.291335693082679370e+00,-2.163901472565169737e+00,1.219842276825068073e+00,-7.748847130303132547e-01,1.589745047364537145e+00,6.519932843435068959e-01,-5.865106447963780445e-01,1.744212659588004088e+00,5.175893303807954648e-01,3.919411328030686370e-02,-5.111863155150413451e-01,1.325903811242370445e-01
-4.850467472454391693e-01,1.326234504740033460e+00,-5.835195913312652971e-01,-2.181723058649815555e-02,1.401456569073799674e+00,-1.079586352926932058e+00,2.894602558821989247e-01,-3.487011298076206911e-01,-3.660213948872704792e-01,-7.788446631811697662e-02,-1.289402529186584045e+00,-4.374405667689702792e-02,5.197776408649549401e-02,-2.186953383451121891e+00,-8.476623925450968988e-01,-1.332471697825753809e+00,-1.106742937946106065e-01,-7.921816194418594970e-01,-6.320130595386731498e-01,-9.812915455323770741e-01,2.388312135575677841e-01,-7.646829194340140079e-01,2.913512043951722141e+00,4.882937202077139993e-01,1.238454207565587994e+00,-1.224722563665226360e+00,3.710771409994322312e-01,-3.088721556618473918e-01,-9.444936403312502726e-01,-9.867163371074512135e-01,2.929923526635155318e-01,1.774248157819839244e+00,-1.510349603618617254e+00,5.029285183836462725e-01,-5.415717353805927781e-01,1.872094193995193834e+00,2.401536593916102705e-02,6.889093055185419034e-01,7.197620620527507285e-01,4.237458211285229370e-01,1.683238665688567837e-01,5.268977608926296297e-01,1.494852832927117348e+00,8.761920736232465812e-01,1.685565517278575731e+00,9.022318256594452635e-01,1.715644222009215847e+00,-3.714541134307912107e-01,1.603402548269935668e+00,4.609511131584055899e-01,-1.506074755634470907e+00,7.183531516718237586e-02,1.743512555488938298e-01,1.876711564350686867e+00,-3.735372190120035407e-01,8.587070104903362644e-01,8.525188586790016787e-01,-1.178696429045085203e-01,3.671141802428837808e-01,5.099143566317609899e-01,1.935278226061623308e-01,2.970709322431202074e-02,1.433978529419218884e+00,-2.081750615442321817e-01
-1.299811843333713135e+00,-9.093512719535301603e-02,9.077525989643829840e-01,-8.826702736032603358e-01,9.351012713444080415e-02,-1.462924441908461937e-01,-1.250458205052969562e+00,-4.994509372791545165e-01,-3.821908594984896324e-01,-4.985331106287593239e-01,6.623429293920690686e-01,5.150812360261204370e-01,-1.304580431191060486e+00,8.040409935208459036e-01,1.850785854634002248e-01,-4.837809922047124345e-01,-5.485154270599054138e-01,-4.728452454699214047e-01,-1.558419515820506085e+00,1.316792880352689155e+00,1.429634941651737101e+00,1.111309862544827443e+00,-5.594288837281015114e-01,-8.209668436096810851e-01,4.400074381627825937e-01,2.421417053696251764e-01,4.896674369573099650e-01,-1.612344757542468532e+00,-2.050212305617493236e+00,-9.133883425896165420e-01,2.500284447546144428e-01,1.560454683488042560e-01,-1.078632007705168927e-01,1.198603900015736912e+00,1.544511766754939730e+00,-1.118837663505948710e+00,1.544043878777563661e+00,6.226036814716624512e-01,2.013623409854202073e+00,6.180911786455768331e-01,-1.604289167056575982e+00,1.584107286906446532e+00,-1.547778245665190733e+00,-6.397507802457674808e-01,8.837575902306553655e-01,-2.227815022520474864e-01,-2.705562662579660826e-01,-1.356616468354517435e+00,-1.280498026621446295e+00,-6.861545141594552755e-01,3.022494915331528920e-01,-1.403281396498775146e+00,-2.440527006992518622e-01,2.444514175851495996e-01,-2.287280319595447753e-01,-9.668256979930769379e-01,3.860625761427964875e-01,1.980124290454832459e-01,1.344818564212556522e+00,2.008624363621748454e+00,-5.434417322411470019e-01,-1.570629478011601465e+00,-7.853728872114688064e-01,-7.949860173369630578e-01
